1,0.398105274738891,0.163725799911894,0.368953578020761,0.0583774093775012,0.046281795482632,0.590150726837644,0.34146854825947,0.462889238231082,0.499316187772462,0.316556360377048,0.225442865024656,0.0202674459219516,-0.0375482892022363,0.50666630595943,0.508593403365002,-0.157955279804957,-0.191077226314971,0.184012406883981,0.267005538534606,-0.104188727606781,0.0154992288933265,0.106836156213174,-0.0794322230917356,-0.106253339695744,0.107942376756999,-0.14352256878902,-0.188523100252016,-0.0309233407645654,-0.0608252478503693,0.0400130271864733,0.10041481174702,-0.054571836921832,0.00718232445490613,0.088939828059407,0.0811687696165051,-0.0810709810170275,0.158705966715557,-0.0681065470343095,0.0457890265907876,0.00298579330328947,0.155573338507212,0.172830664129667,0.123381316968528,-0.0694007246042122,-0.071262271417466,0.191471093595907,0.144458395907324,0.150893499523642,0.00539195876667218,0.237955566036424,0.162866966851178,0.0889266264353564,0.117126312493944,-0.0259827528628935,0.15789561214629,0.180679848729126,0.135684962703021,0.253808364538729,0.124572232850124,0.344933573766579,0.102382335210718,0.0299093061985696,-0.0792198782261049,0.0955131826524865,0.21972150522351,-0.062113316905733,0.0208523970848564,0.280546847470785,0.104201468668483,0.0430127553563001,-0.04650716387608,0.0971493526850719,0.0088090993580099,0.011375871678348,-0.0572788538878602,-0.258802258221388,-0.170803244131912,-0.0121803072810842,-0.0591903217803664,-0.0291058679393126,0.0310345936929733,0.119589420626498,0.107326788940095,0.126814295144154,-0.0282636484368559,0.0620165482297281,-0.113011175141666,-0.055393243036324,0.120191666137536,-0.0999002735129585,-0.152493720327222,0.0571510857317528,-0.0800807224287889,-0.337165085128342,-0.226935611512864,-0.149522912254409,-0.0472726709210377,-0.0819952323329174,-0.00204792971808939,-0.0345823538387319,-0.140537306089245,-0.104006344559961,-0.331998093553513,-0.0456110295147005,-0.199705337751429,0.140254686235492,0.0675384755733984,-0.0160385687112406,-0.0577332534483871,-0.176593557953074,-0.0660395011886512,0.0219275660789875,-0.0948883893501339,0.0139457833386272,0.0925214463183554
0.398105274738891,1,-0.173088510622795,-0.0412930493845659,-0.356087127475135,-0.173320999248365,0.114814643486922,0.0952720482914833,-0.0414516242429135,0.274047979558856,0.127749138373656,-0.0176645819405561,0.227675908510978,0.515504437672075,0.162709929084547,0.34459312860141,-0.166689725349543,-0.232626195276563,0.0591177177184608,0.0933069648131888,-0.0570221990023482,-0.103238531260709,0.106045231577242,-0.0744729026374532,-0.155473035137883,0.00540889899805465,-0.233440775276738,-0.192049043371421,0.00680057645003675,-0.0542319098419149,0.0857243669576901,0.0671669511806331,0.0479745646419533,0.169051330509852,0.0355232362287574,-0.0066435461745365,-0.0267242459722325,-0.127928748395895,-0.0892538816206533,0.107144312027612,0.0510666178535762,0.0994335363231651,0.551295061465216,0.611139487870273,0.357665788846574,0.483001698691424,0.496820404142913,0.561936213575373,0.243736297031492,0.433476768515176,-0.120618246525109,-0.0329844990356926,0.102446844946204,0.0874000152164295,0.0301974785409643,0.163844381439781,0.646955156807582,0.847427294207235,0.336166371968224,0.576627910443771,0.233396854576949,0.336365326982884,0.166878201680015,0.324708768727194,-0.0179479808228299,-0.046034910592637,0.0121559021127387,0.205422001215973,0.203082485574742,0.296034229083683,-0.201287794804512,-0.260964803297017,-0.159012674794585,-0.133524436076079,-0.0945990974731654,-0.161875524809166,-0.19584167317474,-0.0230458319856586,0.344289194738582,0.216279347252112,0.395653115332427,0.600192088892516,0.141073064332534,0.347217705320062,0.380936862345282,0.232279325866341,0.257243656765851,0.332293028735677,0.275980976155204,0.344664815226897,-0.193849232692428,-0.443076887972741,-0.135486679260587,-0.195485767526594,-0.247928820327775,-0.259244570544347,0.162136897246541,-0.146058743755562,-0.0403193755938692,-0.262007282210332,-0.0123083474839481,-0.127354654279099,0.390127049198331,-0.0889612914734073,-0.20488800416677,-0.383208857177242,0.0140757868021116,-0.218215876440819,-0.0626867583932924,0.062181554207272,-0.10786835925578,-0.265372402771663,-0.247760045471478,-0.173755115207981,-0.359824894808967,-0.0580607146559691
0.163725799911894,-0.173088510622795,1,0.322454221040936,0.659525679043374,-0.0785120173758512,0.20194222717226,-0.0580940647351158,0.277633851822212,-0.0405770593916119,0.24661865575212,0.107824874491075,-0.342742819433453,-0.372482724172891,0.0600289624691196,-0.0558351626050298,0.0454186817920328,-0.117727475255906,0.588118678309289,0.481070222301622,0.647484280594591,0.539704899715928,0.468167569305102,0.302076490756263,-0.0516947018279695,-0.194145244927905,-0.078767237284152,-0.150740384367311,0.318176554471432,0.282316626612521,0.487503243810482,0.21418118675609,-0.230461447116246,-0.357556537455682,0.0586213111202998,-0.160114945910999,0.548381843376365,0.44049765795301,0.127863132493986,0.0740549291779332,0.0743451907104198,0.141834169905377,0.0217347404255215,-0.0602860377197883,-0.0271017141225864,-0.25870069339415,-0.0157324580034045,-0.0415920048955595,-0.0865051125217375,-0.143273331703762,-0.079602305792071,0.0216478009589645,-0.153435679513608,0.0845837469987538,0.0352684360196225,0.0240660284656381,-0.219448404129655,-0.189374346792005,-0.231909711783439,-0.349133442909718,0.114867773508025,-0.139392477960252,-0.312666940884005,-0.466664502690702,0.604693756568694,0.341842044907171,0.305175232447849,-0.195282671518729,0.210524525771003,-0.0325639076729272,-0.0120819104902484,0.0952396978973051,0.100944681947641,-0.0875401621081829,-0.022796239337679,-0.0134995232375113,0.0151263255763372,-0.154134441704817,-0.267705547755441,-0.0705189980864431,-0.475061969757354,-0.200786521846573,0.00673100664996355,-0.158259753375179,0.0992173044446625,-0.0713983913939561,0.0167686766974403,-0.160087171642207,0.0620677841933853,0.044520368644554,-0.014123248227459,0.249392119688638,0.130764656199565,0.242088938193895,-0.186996099983923,0.0286627845491424,-0.239158756690616,0.0420192191315468,-0.0464757521095065,0.027501250042312,-0.212310239500519,0.0796585001069431,-0.298054956726947,-0.407447286924784,0.129647617219324,0.0849343466723364,-0.0133434535715473,0.0357768045253086,-0.0305827755161222,-0.0533573138379347,-0.096365060883041,0.0140822778026399,0.127423326209109,-0.0549397666522262,0.122618221330509,0.143895844605177
0.368953578020761,-0.0412930493845659,0.322454221040936,1,0.463840121084718,0.672398549045803,0.27745064564518,0.553018652968099,0.383748827847565,0.353819353420272,0.166342869958794,0.469098155635243,-0.269659686312546,-0.360578895408034,0.151124718774463,0.391084750319458,0.0868869209740255,-0.0217359049844506,-0.0281612717751818,0.313979223637427,-0.0320560879455156,0.235423209289885,-0.0477723608966326,-0.020351031370071,0.0327077899475043,0.186864041928899,0.284566058192974,0.273230241242272,-0.00113160063640809,0.101950608689758,-0.0171518291527806,0.476827299423833,-0.179164141432027,-0.151445947528255,0.219590226702201,0.284317016212457,0.00182884979662312,0.242670167452118,-0.020941306206485,0.00081410093528906,-0.198340835452266,-0.0214268420552891,-0.218633500633972,-0.309970133617183,-0.17594863893082,-0.332212751394732,-0.404967197415393,-0.358825780427711,-0.249551530942977,-0.437864807912578,-0.153851057293704,-0.182809898548479,-0.355333308661235,-0.372088430317287,-0.207152065789108,-0.360010548473263,-0.281075627771018,-0.24756776015347,-0.241448704482095,-0.222767830531218,0.307921902165506,0.415807946760592,-0.0888521030975961,-0.0100953024830118,0.313208153508897,0.652814581436801,0.0573289671397662,0.083692231437019,0.0474150950090705,-0.196827818004043,0.469373912146295,0.192091469073261,0.15402488208499,-0.0276326921448506,0.0977479722762248,0.170396277503595,-0.0525313050618458,0.0311150217055284,-0.180515638527039,-0.262093729684217,-0.214026316398571,-0.294532539298441,-0.228030020263302,-0.0698501773126605,0.0251539501269637,0.189995568625361,-0.260550470193735,-0.373050111507371,-0.184727800690081,-0.0275106123214621,0.160847901770104,-0.0210545623397169,0.499174797456729,0.111910541455053,-0.0988132939031464,-0.0559819232019704,-0.249864355466146,-0.00129211278698445,0.0919043820262935,-0.135978674746142,0.33935877510393,0.168886428507379,-0.160094149741988,-0.327138550298497,0.288041049901942,0.0987977651885282,0.144903700728119,0.160624770198756,-0.0869029426546553,-0.0141075806052069,-0.0196521946642763,-0.158684044964251,-0.0487608932071054,0.0299422174647483,0.182474620024501,0.0482895178154622
0.0583774093775012,-0.356087127475135,0.659525679043374,0.463840121084718,1,0.490412746437018,0.388539322957474,0.266253228343377,0.491837877378849,0.0550807595157923,0.37665807160547,0.432393051994777,-0.233931892248486,-0.3213747619012,0.206577492101553,0.00967033172582635,0.133909827940073,-0.0666558415779718,0.316566461465728,0.445198352805996,0.284635693893474,0.299816949744634,0.168035453112236,0.226284078166953,0.173657285862214,0.122535326747175,0.33707769242377,0.423558073898513,0.268276629228286,0.422513360443332,0.523536447259423,0.397736763105485,-0.00513540090403609,-0.10970273136209,0.12766421733872,0.0151568678500314,0.275234449443593,0.19300968203876,0.0584560893953331,-0.0480005509865815,0.011323473286954,0.0297459111615128,-0.335566365394107,-0.358673589942011,-0.233930776829873,-0.446374420720236,-0.335044427031986,-0.339645274793104,-0.223374507175231,-0.344230891154351,-0.0941486670273168,-0.0953851280092146,-0.229735722011974,-0.0663032307417097,-0.0277146914735238,-0.181317072982247,-0.405210666053494,-0.421627496970536,-0.394482504436892,-0.411559876932117,0.207038615394457,0.143757661858491,-0.0511878421703775,-0.232939502737036,0.442929415413058,0.362244270679946,-0.0443039161536703,-0.367271482705359,0.0565075053136377,-0.247945841219243,0.248242308359356,0.273755915814751,0.25880571113782,0.0582047713081647,0.113119091717912,0.13205832357076,0.0500285534907253,-0.0965933817739839,-0.282619802040498,-0.0612141813147716,-0.412412640003452,-0.312912169418731,0.00172441453353294,-0.0583509388596033,0.0315916211049081,0.0464573460370545,-0.165950186298215,-0.337383101125823,-0.0370117330181013,0.0895821852726049,0.102435238276816,0.213456760255962,0.159689008436392,0.148360289806302,0.00343734113061665,0.0427835561446395,-0.20777905331691,0.013059534847941,0.0845392833463029,0.0645661451133531,-0.101428038540979,0.106755438528425,-0.352987757061083,-0.328449581150081,0.114655210552672,0.192135256146632,0.00542815587441927,-0.00157610147766655,0.0779995936667424,0.0151810496199971,-0.079328988406648,0.030164091801002,0.130007031218525,-0.0142668947244484,0.236341666556195,0.046895214180276
0.046281795482632,-0.173320999248365,-0.0785120173758512,0.672398549045803,0.490412746437018,1,0.233194953758716,0.667641768340503,0.404766695283373,0.378778730851231,0.159910847680443,0.586381447907779,-0.076147125078488,-0.0535062231525122,0.155396147396304,0.287996983139674,0.194283330524147,0.052846317016257,-0.280966548738584,0.127687745663963,-0.28076112444292,-0.0509917854765276,-0.226552134998586,-0.0429760514694061,0.238554191167509,0.422022757944232,0.561824381509921,0.726755739600495,-0.00542575882275653,0.166957100390266,0.0377964055453728,0.432295099862067,0.109918448491846,0.19293261916652,0.21738751635266,0.366881758407551,-0.273325370233258,-0.124997259741783,-0.109775970340138,-0.100523588250665,-0.183836989351902,-0.178180349713352,-0.39724817784378,-0.423133548274491,-0.285965053976916,-0.356105422745562,-0.494822806686965,-0.452475390918659,-0.266017724771263,-0.390414568028218,-0.0964187339963676,-0.238077868181598,-0.245011381228536,-0.398534113432932,-0.0959217329066135,-0.39834909496931,-0.334821059765236,-0.318549533705459,-0.323410624563582,-0.180866364272259,0.237042104359656,0.579252744307522,0.187076930536955,0.340369740722957,0.0226919727778096,0.37751506431873,-0.327494384788142,-0.151243275021235,-0.18816186193406,-0.32204499389649,0.458521556699659,0.274887823824669,0.196844398865942,0.142010850430057,0.19844732515058,0.222313789770477,-0.0130949378049488,0.0994927643316895,-0.110147774788221,-0.165761038160868,-0.0260046796214163,-0.239136839043535,-0.143239740532892,0.0327432442604248,-0.0254010488229369,0.175693391379634,-0.310749117757428,-0.338273834745575,-0.061445197852409,0.017702531511734,0.240573490572316,-0.0373311122975756,0.301080482515737,0.00328510805021159,0.0753629869809231,-0.0406703500824234,-0.0482032618127491,-0.0108539609299241,0.281393858101927,-0.00684341654813598,0.312102621997059,0.124376978781836,-0.121579647141913,-0.0789942049226905,0.161451293446292,0.170155100883419,0.047508930090322,0.0325842489538222,0.0296216005768115,0.0318079267695322,0.100592031065231,-0.0393841281394165,0.0376010238358456,0.106950394165371,0.240331590192916,-0.122902940092362
0.590150726837644,0.114814643486922,0.20194222717226,0.27745064564518,0.388539322957474,0.233194953758716,1,0.417007557034324,0.753181321402006,0.459892106975152,0.557198148164701,0.478470568775405,0.320191521421213,0.150668635876876,0.548926145537604,0.353814369285509,0.058422508558397,-0.216407702654917,0.195044438565389,0.363987560990698,-0.0538844933680487,0.0200117584743773,0.0793869117441504,0.128721965645279,-0.00715824821043589,0.206445550600166,0.180696341905475,0.121247553699147,0.229999348800378,0.212719501620242,0.286693281140601,0.187942027425908,0.40318070786472,0.32584091629442,0.295347006398965,0.275440799816031,0.0054620848583683,0.13040886399413,0.0263624235726932,0.0966230534549261,0.336523094099952,0.355823410764736,-0.126704110039824,-0.0995943512260542,-0.163861688626993,-0.103497629268484,0.0090703603454295,-0.0614183914576735,0.0667637363112235,-0.0209760152489268,0.0258373970669068,-0.0209168263970102,-0.0355367851167073,0.0450116403677061,-0.0404496204189599,0.103899313361188,-0.0490626335385734,-0.0689406109240797,-0.0918458999522495,-0.0926286308496646,0.379453779607728,0.103671997047274,0.378748732618938,0.0797133214571284,0.0776214970263657,0.182138869874641,-0.37101800737063,-0.229683312726201,-0.0148209037962007,-0.222480905111034,0.0788065281064968,0.114598776841131,0.305997009761522,0.213055312359096,0.173990220587042,0.0846980219661415,-0.175003486217533,-0.207773515676911,0.0279552240858218,0.011785644438656,0.0865710330322224,0.0395900906177207,0.356180484569873,0.313808342457698,-0.006278527717786,-0.0405630154247577,0.023850212540107,-0.0928608559150239,-0.0521565366278098,0.108534785182896,-0.0801213061332292,-0.0744145401195844,-0.131172285231931,-0.1959117076727,-0.20740837504678,-0.280352961825183,-0.194684915223158,-0.0782682429178797,-0.0218517719302255,0.0659136639169844,-0.180016088288985,-0.183802769708465,-0.121174593350634,-0.309031254838393,-0.195755449043008,-0.191701368665425,-0.0653026547772703,-0.0511197418503554,0.0638920560452367,-0.0196334778718605,-0.184359204353433,-0.0770990355581247,-0.0538191331618739,-0.206001619849694,-0.0224133395173717,-0.0777707567487577
0.34146854825947,0.0952720482914833,-0.0580940647351158,0.553018652968099,0.266253228343377,0.667641768340503,0.417007557034324,1,0.474585246941553,0.762753648908422,0.323913047118553,0.743714272957571,0.0211958045081292,0.149453831260672,0.365200735160366,0.39709218293394,0.143866229756295,-0.0756935613596041,-0.0824903951551291,0.247193131475659,-0.276775165832992,-0.0345328992934489,0.0100795560457749,0.0512887765577193,0.174341472121308,0.308293421816687,0.291889058895175,0.368487574798009,0.163332170840596,0.249235118007422,0.0810657331111933,0.470373746198852,0.174702305222218,0.300330287844508,0.328803370443181,0.397589440312764,-0.0930194780394396,0.0491662904538962,-0.0442667064210575,0.0308741725858829,0.114324100505108,0.0607751940781558,-0.0687026837025788,-0.130896410492241,-0.0643087080000295,-0.225755678943859,-0.2027400264392,-0.203777299651122,-0.0939457358933536,-0.292119749759494,-0.0146080215333549,-0.121300433242626,-0.103833221983059,-0.258626220736829,-0.0885829119271024,-0.261934113574882,-0.155223999577892,-0.150715416762807,-0.284154743307674,-0.124427542238029,0.419065294328165,0.577952382983268,0.184854527575523,0.331256477066044,0.169922731323446,0.503643425968509,-0.255486908582006,-0.09391210389327,-0.0431927608934757,-0.22775799374381,0.19730710081171,-0.00433547104446259,0.118594148033582,0.155484667814852,0.135619028549565,0.195145645408306,-0.149602550453319,-0.0624933633674764,0.0258465640111427,-0.147250410641593,0.145712708499751,-0.111222793868859,0.195819063079292,0.249870712588571,0.310887329843715,0.280421806658305,-0.111201645472625,-0.151019073141949,-0.000321608254275091,0.174853652402705,0.23201078803378,-0.0460995646842517,0.212613407004612,-0.130364027106285,-0.0233290240975426,-0.150780246506609,-0.0686838088077327,-0.0770661298364943,0.154861544348093,-0.0815860774568346,0.286517549029542,-0.0966130080654278,0.0255452373944685,-0.238953067515827,0.0483194200521641,-0.061197618550798,0.147489380427864,0.0521523873412974,0.000575088951583482,0.0135310277943867,-0.0739013427174711,-0.176151872522878,-0.105165091587445,-0.0389138997592593,0.20030685334717,0.0526472000736462
0.462889238231082,-0.0414516242429135,0.277633851822213,0.383748827847565,0.491837877378849,0.404766695283373,0.753181321402006,0.474585246941553,1,0.596545817288999,0.492001078087583,0.606640128070746,0.154703280875028,0.0693203419766484,0.266003147741277,0.237474809639555,0.0256724954819456,-0.110246830448283,0.0555784366599235,0.193243028129874,-0.0607610407614421,-0.0229663988736359,0.0763013952739714,0.196303424772601,0.178076782512724,0.322185013380612,0.397363118128058,0.283998241073422,0.430052495890796,0.253500525005957,0.28599624091696,0.270548190687842,0.222368065074461,0.186578382136612,0.134708281735204,0.117087083847159,-0.00873795188539424,-0.00681364578632858,-0.0820526752958488,-0.0921744054081151,0.200157149230593,0.202552639163467,-0.193482918126045,-0.208711978055595,-0.232419432450552,-0.199797146470252,-0.086144833818563,-0.201550875255706,0.0209066816253168,-0.110664361961663,0.0829068407119432,-0.0294355804124491,-0.0669985121641632,-0.0582217767316403,-0.0158094134764987,0.0205745164399331,-0.133516022448494,-0.191366316263162,-0.182077327707015,-0.163725840032289,0.529342761137134,0.313366732241522,0.330196510429031,0.143701408436725,0.14095880106372,0.255747057693301,-0.407356327158029,-0.42029738944121,-0.0608396392573491,-0.279989800387345,0.103325860434807,0.0717723876562377,0.207369939842807,0.0882719448061073,0.0642872189539958,0.0453415592593697,-0.158718830948572,-0.104432760283496,-0.037952268975932,0.0201881299035423,0.0558101057652988,-0.0497799590280471,0.239774469879035,0.182914522961013,0.0596036591561926,-0.0152797664124397,-0.179104813296821,-0.266193567641054,0.102798211676955,0.167415853179224,0.0221356535033057,-0.0342286069254817,-0.000858516615200422,-0.0472911784788581,-0.184617609892244,-0.092413832281402,-0.163125397462333,-0.0510142561547079,0.0997278571315226,0.0260706013446672,-0.091315451847327,-0.0253248979814482,-0.234265856387045,-0.271231291736477,-0.157656665709774,-0.0656856680886405,0.0469421706995506,-0.0387997564034125,0.0479596281404168,-0.0648605875864884,-0.110726936298218,-0.0364060972760035,0.053415791607689,-0.107304292383311,0.0622127779364091,-0.00545619865754637
0.499316187772462,0.274047979558856,-0.0405770593916119,0.353819353420272,0.0550807595157923,0.378778730851231,0.459892106975152,0.762753648908422,0.596545817288999,1,0.249325400410057,0.618066543844053,0.177951353532152,0.31196596012162,0.33649037256252,0.440703043945683,0.0182566387838396,-0.133557742560247,-0.000894091492167528,0.206387990668727,-0.243801258815696,-0.0769912453654149,0.0678938981121465,0.128498896175614,0.118574077371333,0.339817354815383,0.194832184520733,0.167273200176559,0.281109012205992,0.169368298674726,0.0888344637009504,0.258464777185755,0.189619623929227,0.329997851132479,0.30820670791522,0.294790285860222,-0.0385076146176197,0.0400383167355806,-0.0713169333097109,0.0622955011160058,0.220736933097591,0.159926811090121,0.112377101007727,0.115467694410075,-0.00559865640630175,-0.00200437968160884,0.0942612443494153,0.0444933458501027,0.104560056270175,-0.00746398042059196,0.107816957761354,0.0237247058467045,0.0469862141571749,-0.0803647530750817,0.080302205095183,0.055422231595352,0.157692601550165,0.102957341884813,0.00230690252027315,0.0896307764126112,0.525318232415719,0.468352640066771,0.222654510656518,0.31328041193502,0.0542001196388998,0.327156301785624,-0.275897985089747,-0.0650905999322336,0.100099983317844,0.0216333480301277,-0.0326355126103787,-0.244062231399991,-0.0417721979634129,0.0335738507180997,0.0313625499850799,0.00021269835326568,-0.313280898240239,-0.136511018264667,0.223409698473989,0.102606060743954,0.3445640101111,0.160067223887719,0.296430286379816,0.333007236942004,0.305067869346017,0.164896759019026,0.115919375416575,0.0741092864929436,0.222333446051043,0.269440140807015,0.0630450355875261,-0.203497733402487,0.0205916880043289,-0.181363017075752,-0.16940884210609,-0.23745911082705,0.018796656777738,-0.0375456034675331,0.0875025165467028,-0.0780175209477154,0.0986309256644828,-0.199363279642719,-0.0118266645639897,-0.201924953878035,-0.18354922159434,-0.19792766482032,0.13684662039757,-0.0580068939473741,-0.0958008856757142,-0.0734245313811112,-0.174721739053337,-0.116096780489081,-0.00832643638994579,-0.0480599013891936,0.0451202399491122,0.123789818900796
0.316556360377048,0.127749138373656,0.24661865575212,0.166342869958794,0.37665807160547,0.159910847680443,0.557198148164701,0.323913047118553,0.492001078087583,0.249325400410057,1,0.634720247128468,0.0491792942859274,0.0163808573301442,0.309623834574351,0.0782726782837292,0.089101932149653,0.0103172959232567,0.507364768037532,0.553764328538051,0.281872350376953,0.269003657493729,0.453298339002436,0.327243206176863,0.173702442952434,0.197410404012685,0.102967797095852,0.132389297228157,0.472685614589814,0.532830321161516,0.695009725049446,0.540593384564909,0.257202698620538,0.164053623091546,-0.0181929666781584,-0.0634933340817231,0.227780484421828,0.105234299736198,0.0975553099944525,0.156826741168034,0.380621944665715,0.231933477708203,0.0295478956203451,0.0700605895596921,0.0195628824733299,0.00498893845086777,0.0358819120233156,0.100845727991081,0.0982083020060648,0.110000551220009,-0.0262735980626647,0.00326522999642489,-0.0807780198827501,0.0419516686336978,-0.0110714180391476,0.0780265170177109,-0.0130792251944719,0.00533072551382694,-0.159896382940387,-0.0614317655714676,0.328031491178935,0.235514440827359,0.277139721022651,0.0198899427862963,0.361793731196543,0.277233945269124,-0.20654101670402,-0.240185208554531,0.0778776664866554,-0.111086092545953,0.00408689308124506,-0.0490297945291895,0.217061985124689,0.0408840257266236,0.123638055219193,0.126238157330799,-0.113108837742192,-0.236973955608292,-0.141938399399845,-0.0525341791469709,-0.00553443349011305,0.103127638434084,0.556978647395784,0.353926867347211,0.448167523663252,0.32103079905996,0.26575387058091,0.187733111696717,0.343144331243931,0.442112817271525,-0.0831050124714642,-0.0482247898729297,-0.0660072929788384,-0.025738449877519,-0.0953094745516052,-0.0796495204276785,-0.0399307473647501,-0.00295645034087739,-0.084156300681846,-0.0506288590085401,-0.33246548734303,0.0151567746052841,-0.199387029628571,-0.246527860590441,-0.234799758257503,-0.0938681414938089,0.00745245481306782,-0.0734418859666215,0.224907666134352,0.19992012980382,-0.0243280289997899,-0.183722845136326,-0.14309932750872,-0.195491508777844,-0.0590678136641673,-0.123311893631311
0.225442865024656,-0.0176645819405561,0.107824874491075,0.469098155635243,0.432393051994777,0.586381447907779,0.478470568775405,0.743714272957571,0.606640128070746,0.618066543844053,0.634720247128468,1,0.0337785768845795,0.0982931323747957,0.294933675268673,0.324806009908873,0.170132343832146,-0.084781090289202,0.111203566891276,0.386177161145196,-0.0323565110443038,0.167464484329092,0.22311205414737,0.296469372873693,0.244506522435614,0.411551758406283,0.440427721428841,0.445435745377407,0.448850405480771,0.531828395546521,0.459938649022506,0.681284585836714,0.272925880175811,0.352685692474239,0.117420084020297,0.141600807959113,0.027107712445715,0.0630858066705576,0.0775462017341074,0.0699358483748357,0.255432074523797,0.176421424350125,-0.14975193799078,-0.118050845587039,-0.103241998050991,-0.160651421803891,-0.213429540720664,-0.161004162581534,-0.0348226155500988,-0.181163428237866,-0.0698896180925598,-0.161633571728027,-0.187678149703455,-0.189758351671804,-0.104817890543064,-0.2079975318787,-0.153239991821095,-0.154118076206077,-0.338485566470473,-0.170814929608656,0.479296440214684,0.498177004836918,0.231100445286538,0.146662464350766,0.322505900841909,0.47882766597996,-0.351925506072899,-0.300376294263152,0.0507566768302295,-0.176055438392634,0.145566880932167,-0.0168521849379228,0.197141748001541,0.167381078022415,0.0793769558959829,0.256583442450074,-0.154015888873023,-0.096820321595306,-0.0498699649703902,-0.0590831013538894,0.105442351689182,-0.0434274043576909,0.35684723601453,0.335025068733142,0.343664239085288,0.329511571669277,-0.046179675245215,-0.0357014043268836,0.195092585114701,0.366979485396577,0.141834471115492,-0.0463095103572738,0.109478638324347,-0.0911507663005384,-0.0605715962323275,-0.0847566844756725,-0.0640144825755681,-0.0430653798989282,0.0689649496308115,-0.140823840735951,0.0118997915259931,-0.0224414655480381,-0.137135144009594,-0.284016206727177,-0.0776463457943957,-0.0171345689784555,0.0398505649479614,-0.0138028222560716,0.0928747206448982,0.140630200471487,-0.0220361247639596,-0.228971765459409,-0.160738947938326,-0.0653404585874759,0.0606899922631941,-0.139609268451946
0.0202674459219516,0.227675908510978,-0.342742819433453,-0.269659686312546,-0.233931892248486,-0.076147125078488,0.320191521421213,0.0211958045081292,0.154703280875028,0.177951353532152,0.0491792942859274,0.0337785768845795,1,0.664437654523794,0.307895277090215,0.345723115206244,0.0635834020778115,-0.15774385762746,-0.133085148205802,-0.0182416977606754,-0.194688731676562,-0.110927110082164,-0.121107074627691,0.112466671230402,0.00429363313544792,0.264866750090384,0.102049669796985,0.136733187300782,0.0584071461308755,0.0133098393851509,-0.10513863284433,-0.16609424855489,0.738758178154585,0.646837609063463,0.285243533906128,0.389530690874894,-0.128102841088113,-0.14018613273037,0.149249362620501,0.246716674033826,0.366586392570541,0.336308658428037,-0.0201649465908458,0.182765818863066,0.0299537049416916,0.301861579339588,0.105153684478237,0.164660279112947,0.119747376435136,0.230480162366167,-0.0913736205310033,-0.0958009889478561,0.0646578483989538,0.0933374406436131,-0.00533148950594759,0.143650652720017,0.469256205309659,0.34906456173607,0.202813283618698,0.338009407092639,0.0916851758250541,0.012561437892402,0.507690532722765,0.342737620255653,-0.352159188999819,-0.260528196397194,-0.363384331089709,0.0369420750457302,0.0204328298011749,0.113500188993733,-0.307895139507062,-0.166869969604884,0.148841219198626,0.328477360435322,0.153746640142058,0.121274827669579,-0.286354553663189,-0.247481221262902,0.646488875687585,0.357554522930967,0.700331599404488,0.426201564510178,0.412229081347879,0.540384912599518,-0.224646496284411,-0.0750952222907507,0.177881327447665,0.320055448940843,-0.0419285840583624,0.0988687588514016,-0.365251299422683,-0.366582921752507,-0.52153430804883,-0.55186136197891,0.00577610751526214,-0.261000911443591,0.179026771803219,0.0327959573326352,-0.0829459279139361,-0.149248291279224,-0.184528763896049,-0.390007567812499,0.253822038581321,-0.0263672829238207,-0.442650372346389,-0.481400488789079,-0.180580427308278,-0.214628086653348,-0.108158466277272,0.0445225344944301,-0.175823329296737,-0.176351349785233,-0.178535455590218,-0.183220397636418,-0.323597058966878,0.0135691837819592
-0.0375482892022363,0.515504437672075,-0.372482724172891,-0.360578895408034,-0.3213747619012,-0.0535062231525122,0.150668635876876,0.149453831260672,0.0693203419766484,0.31196596012162,0.0163808573301442,0.0982931323747957,0.664437654523794,1,0.217582015951949,0.290356854840169,0.102980432328371,-0.178639080745059,-0.1082650164058,-0.0778767948598855,-0.16519399646302,-0.169574202185858,0.0785141297597567,0.194667380852003,0.0694632358503978,0.217788837907254,0.0671322690384451,0.0785029465027589,0.121770112716263,0.00147392812897678,0.0353084907111247,-0.119071248729508,0.542082265869432,0.720857106817238,0.296457942872103,0.28916558676991,-0.12248027419468,-0.232203702847269,0.0494794794879876,0.146107946904926,0.313605111198403,0.278934528559346,0.241488453449443,0.391201119609748,0.200693180293885,0.429723346937805,0.325200549883141,0.374256144662685,0.215744537898017,0.430637047959218,-0.0985143544264247,-0.0860133811011136,0.205815459565152,0.100318556892572,0.132271760329445,0.199951241760401,0.601640289944322,0.614773295929549,0.259701414923354,0.439878652370026,0.18218536293058,0.165646862905479,0.491903102797597,0.571232337499209,-0.268004322182987,-0.276871931923189,-0.269278729933687,0.0429684490540756,-0.00786585831615035,0.187072767436201,-0.445686727959736,-0.301697552182951,-0.0700750092153217,0.146636176942008,0.00819981560078001,0.0297401089848374,-0.298937485781076,-0.0827323102009553,0.592566338209544,0.490172173193407,0.714401890651805,0.647924692216763,0.461200161927761,0.571947217141874,0.171996086214678,0.162915600201872,0.259177560202889,0.427080456753706,0.2626547143464,0.281872774773361,-0.191134631852276,-0.436803322189404,-0.43531516003679,-0.456567134375108,-0.0508335846994955,-0.296271604086916,0.185471488461313,-0.105683328300324,-0.0809620323348209,-0.247037010201686,-0.0887853285624109,-0.372268961940567,0.405796902882147,0.012066507341359,-0.442351733186376,-0.492693314821445,-0.110585695928342,-0.414202589053457,-0.122098366090025,-0.03288809366224,-0.156259001943117,-0.250716845816403,-0.294439053669507,-0.179345484260125,-0.415467859851447,-0.0291559232895233
0.50666630595943,0.162709929084547,0.0600289624691196,0.151124718774463,0.206577492101553,0.155396147396304,0.548926145537604,0.365200735160366,0.266003147741277,0.33649037256252,0.309623834574351,0.294933675268673,0.307895277090215,0.217582015951949,1,0.695322240920023,-0.00671087333229661,-0.172673037680372,0.271899799332331,0.412170761651985,-0.103705515880732,0.0487691010106885,0.0519244522688797,0.0751240285612374,-0.211420414713585,0.0592860842889199,-0.0209542578715921,0.0367618832274994,0.0954531795538431,0.136657610704492,0.191933103879822,0.130183544087644,0.482403047527518,0.470271561188879,0.405519080456316,0.379574176329663,-0.0746587405514805,0.0992696396692863,0.150802897701752,0.202235471312889,0.293555173253856,0.331486607117774,-0.0658871256903229,0.00487418643279319,-0.138843935222483,-0.09395389835692,0.00573568969528996,0.0176536460788406,0.089995307131252,-0.0160126414755244,0.0895597351896338,0.0719672793990857,-0.0442941757681252,0.134426680904337,0.00943165543262607,0.0776119111787044,0.0320954471832475,-0.0123289219336138,0.0524882573298745,0.00419581143223993,0.091180225955364,-0.0461678122248548,0.154338305069847,0.00107942498420968,-0.0327979570637355,0.0779909179671651,-0.238054688163138,-0.0538231726645231,0.21440510226513,0.0815724047060684,-0.0711024613172314,-0.0606255669646814,0.317440269296437,0.29632126860054,0.107671086967385,0.177680465042124,-0.313615040731001,-0.281240686091994,0.156414448973117,0.105913833887153,0.110529771261116,0.0909217664415156,0.38369160491028,0.434227627372427,0.0459311680064929,0.00724357306836091,0.2392950381492,0.158423324474082,-0.0658189331097992,0.110429358386708,-0.222969051941671,-0.121253252234461,-0.224189797792043,-0.27126611946897,-0.121288502420238,-0.218353270115865,0.00869398152048792,0.0275929868327563,-0.0762029252813849,0.00382512122116922,-0.160904660813425,-0.329395638454088,-0.0257885139232556,-0.232629042967563,-0.170413535121852,-0.261609921546843,-0.0782832960933201,-0.168361312390704,-0.0315275304691902,0.10692542394961,-0.150032849014436,-0.127342655929698,-0.112503481373443,-0.107863606779317,0.0369383992747565,0.0298012219755965
0.508593403365002,0.344593128601411,-0.0558351626050298,0.391084750319458,0.00967033172582635,0.287996983139674,0.353814369285509,0.39709218293394,0.237474809639555,0.440703043945683,0.0782726782837292,0.324806009908873,0.345723115206244,0.290356854840169,0.695322240920023,1,-0.0585301745305197,-0.205076179820039,-0.0100417103513017,0.242047899840484,-0.253832000863678,-0.0271546449982894,-0.101608964867879,-0.0249046166726112,-0.185952240801265,0.183210114320934,0.0926021583239068,0.118225154931347,-0.0236063830392859,-0.0425255021546776,-0.105859389454033,0.159514737742899,0.349098875462076,0.456494163832606,0.353509263795845,0.423759641447351,-0.213768703439712,-0.0268447673841994,0.0394902900629362,0.118480002635093,0.0766979338799703,0.228213235467781,-0.033928049145541,0.0436891843230326,-0.0362556139600141,0.0162010065349978,-0.0275748553540566,0.0219364024071858,0.118867390516206,-0.0267813516465578,0.0289876161203284,-0.0311700932982812,-0.0519409004598055,0.000206300384155227,-0.015935899173472,-0.0182139610156346,0.133388875187115,0.162113164256445,0.124894849124155,0.142815439162537,0.191066508827131,0.132376041449274,0.122162959764525,0.144208426398497,-0.0794202476136466,0.121067896554742,-0.20280029867324,0.0235533561248602,0.339349516657142,0.174680420814546,0.0276998932421581,-0.0345372086609841,0.214912695681651,0.247494091176064,0.00816003735259517,0.206608954405332,-0.355779943378197,-0.104180917260558,0.209504797363183,0.122809582341927,0.256398592303806,0.163012641447521,0.115417020249592,0.349394028516549,0.00415132201882105,0.0654464291223828,0.0713671903991069,0.0613899500371466,-0.0954699468030785,0.0431007668800382,-0.170037562109107,-0.274721926750074,-0.0571925254691062,-0.283590011269569,-0.169886631926519,-0.287678097738721,0.0516283938626659,0.0551097732129159,-0.00109603584106358,-0.148578163890456,0.0764873567013834,-0.250282065799954,0.103306477701464,-0.228070541037213,-0.109593119154033,-0.254221608771631,-0.0133206909084066,-0.142846893627734,-0.177203107882928,0.0417611247221694,-0.105568821289689,-0.199568958017561,-0.159244132474036,-0.0335223449746105,-0.0400313622340606,-0.041659032465273
-0.157955279804957,-0.166689725349543,0.0454186817920328,0.0868869209740255,0.133909827940073,0.194283330524147,0.058422508558397,0.143866229756295,0.0256724954819456,0.0182566387838396,0.089101932149653,0.170132343832146,0.0635834020778115,0.102980432328371,-0.00671087333229661,-0.0585301745305197,1,0.345156409901333,0.132158270033423,0.135525122181367,0.305905060171583,0.38395485225367,0.31275437200945,0.418894121498357,0.402207763051228,0.25323147094769,0.270979473056534,0.294492926125409,0.218738254547789,0.342599479074054,0.0246653210812446,0.112454509024182,0.211092829950039,0.185429292818685,0.393024487217599,0.301648047546132,-0.019357426549772,0.0455339719048126,0.290162131610894,0.0303269645121139,0.254513761782962,0.211840489483498,-0.124827450304966,-0.0506185470701566,0.00942581607200744,0.0386298723953524,-0.138953304423299,0.00137747375723897,0.00729113885504213,0.00583151906472114,0.0466853561678925,0.00497650567489932,-0.210832374680007,-0.0957931889782768,0.0239777513180863,-0.0381096644014182,0.0531917203046051,-0.0965103139682344,-0.0674709547307233,-0.164357321015815,0.102620219290678,0.0313460162660032,0.131482341364668,0.0912365019044585,-0.0347750576034323,0.0556466961077843,-0.0638806215268414,-0.0236732867658752,-0.0161127761786766,0.058019709519494,0.218517337182122,0.193294758367184,0.215078803145284,0.160488179691945,0.185121861471222,0.171338560362501,0.102391795010858,0.0874610771412795,0.188650360385303,0.133986901747002,0.17911363711401,0.0479172260316064,0.226930600648204,0.204625886553828,-0.00231963599714636,0.114428811105949,-0.0667204721266234,0.00968903703059557,0.0329165310723419,0.0233026342439295,0.00218073563147776,0.00366946309980275,0.00909719327245751,0.0607251570144278,0.098861835977032,-0.0925990951994911,-0.11339952509871,0.0909337796903845,-0.0743337040930068,-0.024011349541054,-0.0508433288415226,0.05516428032324,-0.122638035091587,0.0864368183587255,0.0054436073832465,0.0607136400662594,-0.0851931999448526,-0.202171695722091,0.0618809354098556,0.0921577992222096,-0.0529143614946035,-0.0740801611315317,-0.0515716136208141,0.0553281076592175,0.0424937337541372,0.189381707435844
-0.191077226314971,-0.232626195276563,-0.117727475255906,-0.0217359049844506,-0.0666558415779718,0.052846317016257,-0.216407702654917,-0.0756935613596041,-0.110246830448283,-0.133557742560247,0.0103172959232567,-0.084781090289202,-0.15774385762746,-0.178639080745059,-0.172673037680372,-0.205076179820039,0.345156409901333,1,0.0820109798737321,-0.0430041965331833,0.154013609742612,0.0789016664078376,0.107940597050596,0.130072262663467,0.2655096761725,0.151515301893161,0.122341875467071,0.0927124473498672,0.120616847891927,-0.0120546439480807,-0.177616605099538,-0.0731648392433485,-0.016292121657729,-0.050454142664035,0.0375358713725508,0.0651822712689289,-0.125886482098084,-0.000452135529197788,0.15428776517707,-0.0858652481618952,0.076869335664092,0.121145031167559,-0.187570283041229,-0.210208727716308,-0.193989240897727,-0.106890023302987,-0.114376988753459,-0.128351590306245,-0.0426168580115259,-0.0509873768531267,0.131544220404892,0.119033870609046,-0.0830429143721818,-0.179948139097593,0.0131598716355696,-0.00557438391722555,-0.0760831393985405,-0.235036220528571,-0.0156242303446382,-0.133557788823076,-0.120704024938005,-0.134567092101909,0.0797024992903925,-0.0478687248687562,-0.161962089606983,-0.0814069386860235,0.0415382413939672,0.063652362558306,0.0188328194306133,0.0963828508694076,0.180185472325782,0.0980325797836628,-0.0194563667231522,-0.116450423389611,0.101419645075197,0.0390085337174075,0.124442176036888,0.125223911698188,-0.154600406692851,-0.0258054988050801,0.0296751686328512,-0.0847737876419069,0.0714055506168321,-0.0515786105707689,0.00798842180049815,0.0454521828927236,0.101187477289684,-0.0355536741783704,0.030673493173221,-0.109852979941341,-0.0259525067410413,0.128063302772509,-0.00185641265756755,0.0959859730206369,0.190450959259089,0.0428618953527837,0.068512817667925,0.346421026248386,0.0480788799651646,0.189407979890435,-0.117856937686949,0.0490590792141515,-0.197995426182272,0.171344741437393,-0.0392593849788488,0.155760914731929,-0.113354550836362,-0.0749234965536782,0.0399223927153799,0.173151096421646,0.341527889681881,0.181499884050613,0.117641480516506,0.190815831554143,0.132677249762559,0.15279776233576
