1,0.809007479029729,0.2866461911174,0.0103888289352675,0.183829803909292,-0.0396811484476559,0.0551316635335015,0.181083729497703,0.037950623122341,-0.169597101016476,-0.103160078569823,-0.136962507464114,0.284115112866815,0.365167507772442,0.473164138999125,0.587314849982312,0.0952364565107478,-0.113078991012376,0.0424095948292277,-0.0779608932914053,-0.0556947326318699,-0.29713508956319,0.141608312851747,0.103096037998491,-0.0956066300544647,-0.0962164935751253,-0.0112862871361523,-0.0557610008506924,-0.0760370267407226,-0.107268542207639,-0.127197132541764,0.0565548459445665,-0.0528342293092584,0.036363003993823,0.106832553041957,0.0709483914752312,-0.0250346236914238,-0.190693840614528,0.0310247468610517,0.132230272998962,0.0104831751551464,0.00143530668161689,0.361085770429229,0.444826192608767,0.254217350373558,0.288236450984182,0.402432379773436,0.38057886305556,0.0784158164456158,0.0748362713941192,0.230285065946683,0.170112075813601,0.253611671466071,0.170707291392869,0.144974723392503,0.241693882960255,0.847315342454702,0.714340532876391,0.512353192276584,0.345349457857085,0.483474846772427,0.113433445283927,0.162221661843475,0.0505855981310014,-0.155782936243405,-0.282962949042462,0.386948009031479,0.207536750766191,0.510760150639017,0.472559801532326,-0.179435058427291,-0.123944249788591,0.0248541438791017,-0.015669524528781,-0.130622362820781,-0.102390310649865,-0.0801188018130919,-0.2811782257141,0.234454234631221,0.237070969519308,0.328907944830526,0.245709161799537,-0.103941651740824,0.253899921611744,0.241264749136586,0.0547205411226373,0.0900635630998679,0.0358434252610886,-0.047082990929641,-0.198887874110432,-0.228145543221592,-0.0851221828216601,-0.49965613186938,-0.252817963539562,-0.0606699681461768,0.14387655781915,0.122222360873748,0.303159132019162,0.0551081123734403,0.130687302314907,-0.237557545095107,-0.213442210875759,-0.106629991874571,-0.0400505190731446,-0.260353567270201,-0.131948514090828,-0.0209459510330328,-0.0401581577910532,0.175617259667765,0.141797319748933,0.077613458828004,-0.0544696391328121,-0.0960665378061196,-0.0851427217624994,-0.0228870351970343,0.0316332450962449
0.809007479029729,1,0.323566039772761,0.0173437173108291,0.147147085407177,-0.113450097363927,-0.0385338720665601,0.148566824893894,-0.0422476939454923,-0.247122749618683,-0.172876775804165,-0.295766221937656,0.246740557045445,0.424936409165056,0.530490175446991,0.668826188950064,0.0346321119670085,-0.217242251022671,0.1214871440695,-0.0165671063083462,-0.0419866491496785,-0.321896124760344,0.0797376255044847,-0.0347575485220371,-0.270855268179679,-0.222862730683431,-0.0655344887566937,-0.237984578942242,-0.199030957406149,-0.32821911724925,-0.132693666496867,-0.069302792213281,-0.182130854798507,-0.0795258213950092,0.122411280933611,0.075108144890565,-0.0721491422057904,-0.296806282207112,-0.0717599859854827,-0.0045463263023074,-0.0535680062113884,0.0157629913853181,0.351305164875843,0.472491299692165,0.213003701359167,0.285321788672494,0.368142870800135,0.355332756221133,0.0367322046398519,0.0805433496053553,0.183121980291421,0.157519901767401,0.210448434513301,0.0950153247162135,0.106937482880707,0.194424718438285,0.844225186356801,0.878265258348717,0.489749423218067,0.445233211105692,0.391390896336523,0.0785866025700299,0.0983421383378903,0.0700499894837013,-0.167039272240175,-0.243214435256641,0.393883336476116,0.220906085225227,0.581497247236734,0.568114505958889,-0.212386025371771,-0.217987454664346,-0.0746657423713844,-0.0523463424896267,-0.179691790780431,-0.120264843827368,-0.129593670298152,-0.30015457089364,0.193181908901871,0.259491447716944,0.227753801339128,0.227194442698512,-0.144323658831428,0.232224922987501,0.100550089885099,-0.0768357301150702,0.00223874072800239,-0.0519926955416056,-0.055395327883892,-0.356853661948221,-0.318553661582571,-0.160919861230649,-0.505782288205391,-0.265663522609765,-0.0665837144544229,0.0562924498500037,0.122840085000749,0.21600653701077,0.0360386081326944,0.00117227729411846,-0.271179781556629,-0.282174169975749,-0.101747093056813,-0.0394402151417746,-0.242968676866697,-0.136701646785253,-0.039142544768932,-0.0883506515082759,0.109710517022194,0.136588369271465,0.0299195566348356,-0.101468370654795,-0.0961601818018336,-0.136452999082062,-0.123844944882396,-0.0383802392976373
0.2866461911174,0.323566039772761,1,0.487129012243495,0.740945331039069,0.210048658349643,-0.157214205893311,-0.172096132477864,0.0106294752751863,-0.103822569613658,0.00779689882040959,-0.131564529011603,-0.000102581422630555,0.0460514019933886,0.562581750508128,0.557223687760093,-0.0730405129023107,0.121394782784095,0.67168732440628,0.442963540534068,0.00280526412094245,-0.122585911141232,0.0380855324140364,0.0635438382885425,-0.0222503038413221,0.0190729855119706,0.0686431694396405,0.076670242043833,-0.0247732181573062,-0.125207678786438,0.030760342404695,0.0430053590305153,-0.0190582266047127,-0.222169977689443,0.241628993697696,0.224190858748425,-0.0683122347050348,-0.348193737079184,-0.0669383790344174,-0.0529598196168426,-0.140505674049702,-0.142704432271322,0.251612407168855,0.245224769434302,0.237336575122273,0.223686292544519,0.0631065648748564,0.00635519772062462,0.174376937234729,0.234774528547849,0.144436157205424,0.0922116027660781,-0.00399847212142353,-0.0786927637082451,-0.0499108708007186,-0.0605794540686119,0.246305990551508,0.166890704164767,0.396698871513392,0.0246187963408618,0.314000377861758,-0.128699442400188,-0.191833021098333,-0.0119962919753824,0.273178866093568,-0.0181702500331476,0.163847742740405,-0.0952575130652917,0.310683419513591,0.246148816588343,-0.0955365002365207,0.0666287201686663,0.0109457445936331,0.0225109134195532,-0.134462570659583,-0.0293708393222509,0.203391471144326,-0.143420348555684,-0.0997816512503023,0.0544746616341386,0.0358213089562135,0.123355810301392,-0.146688532692852,-0.122990797367109,0.0636993292785594,0.0538417929293276,-0.092289773536681,-0.161751016749104,0.160336911482394,-0.08069533646803,-0.107172156967097,-0.0407231607453176,-0.159615575487675,0.0811137456240037,0.0707617375760193,0.166531497668692,0.079149135982847,0.154604454068645,0.0961253047504561,0.142927397647669,-0.253420656412421,0.00127760227875268,-0.228257046778796,-0.10269078788077,-0.0706730570199996,0.0366202170176111,-0.106965760990012,-0.074440622525909,0.000952430934019861,0.0903649698946792,0.0528479833808054,0.0397418088460339,0.141708006432481,0.00720535425967785,-0.13907226545327,-0.105619054865627
0.0103888289352675,0.0173437173108291,0.487129012243495,1,0.376470134772652,0.692255499612858,-0.18853338585774,-0.048286606646201,-0.377699154144817,0.21040441374974,0.023254048317506,0.116566665572369,-0.0798148434483959,-0.0330219635722448,0.379951919809911,0.370290624625546,-0.106633788807723,0.297690266588433,0.176218080487622,0.305859450230413,-0.430671425350721,0.122786418405516,-0.524531520681201,-0.331047792530683,0.0061157280728564,0.158100034405852,-0.134397511626499,0.0467011521137838,-0.259173125773539,-0.102770097697768,-0.125240320435631,0.219362720122091,0.132619627174767,0.0662814363399935,0.351199690026656,0.3956294287641,-0.168923409626958,0.0285297041038931,-0.213568099474147,-0.253321409079777,-0.303008041281771,-0.173859076762971,0.0112298060633957,-0.0972160224306259,0.311185673604628,0.179712511502883,-0.168093654997637,-0.26719304813532,0.239813623339613,0.281132995229511,0.130362591817046,0.0533535094320288,-0.000727483656263017,-0.0898506555140376,-0.0725090313892863,-0.105369875910909,0.0534213289387802,0.0206662398366093,0.246122069566192,0.175230442096902,0.312399737090124,0.396112768141348,0.0655022168184137,0.419840870933213,0.301203322196236,0.280824342546995,0.10721503571564,0.236697131413504,0.194348323726661,0.219599410767732,-0.278234310655907,-0.224809597530613,-0.104304960504452,-0.0614423422899414,-0.268912563024451,-0.0690556557727185,-0.12856204745064,-0.189935646094695,-0.0590267115050883,0.0639060113521094,0.141888092738772,0.228597883758688,-0.244836143317345,0.0849121420630669,0.0982444493554871,0.320352771425874,-0.37490773409256,-0.333418353600207,-0.242378097116884,-0.0522134903909269,0.180070174431684,-0.138271212193916,0.203595887164028,-0.18058217832764,-0.120545851234564,-0.0656680904298763,-0.0413890882719426,0.0446750603872819,0.102476962440679,-0.0484682021580682,-0.0357081185098965,-0.109924254615705,-0.119395730665824,-0.128340783214105,0.00932684998908704,-0.127348472185286,-0.0611857762265078,-0.257187466302561,0.137263351948555,0.000657415441180041,-0.0511361640247038,0.020805156914563,0.118356358754656,0.0562557440604907,-0.0589027907179107,0.10162327480841
0.183829803909292,0.147147085407177,0.740945331039069,0.376470134772652,1,0.484826618421529,0.0886553916453313,0.127952117302433,0.434132358606978,0.336962622202458,0.252590789837216,0.146742805668258,0.0144786851871344,0.00151971253393783,0.306249179956194,0.343423877120556,-0.119611357277997,0.0913051043307199,0.333666614116614,0.0996456826475586,-0.135709534244696,-0.236105731252818,-0.0413699782900086,0.0630139617631512,0.108997492469921,0.144762482132105,0.279367665847087,0.210065843942883,0.0523686813127241,0.0968187082078934,0.248247294388199,0.160791815551587,0.187926184882686,-0.0532655525918093,0.101882764523087,0.0892725886649266,-0.150788981790478,-0.372943402505103,0.0322145156393877,0.0132931226995538,-0.0303096616762309,-0.108579445146537,0.0259372737089857,0.0320179685065577,0.032583652669949,0.0318287619348077,-0.0546497754834037,-0.0857330237482267,-0.0200410316584428,0.040553947600406,-0.0606578607423065,-0.0483977561753324,-0.0412125212944044,-0.0390174378702573,-0.0869893039564303,-0.0287855331232002,0.0624207390791348,-0.0189127085593446,0.198882211533798,-0.038798378645262,0.322295436614475,0.00398312312519703,-0.0369245486342545,0.159418833686666,0.166916121361032,0.00641900030685329,-0.114731510656652,-0.296434012324734,0.108235101323117,-0.0156473181128281,0.00835440612636358,0.0726106245174755,0.11431264466843,0.0636890845087249,-0.0304616708226218,0.0502381408287288,0.211437838201055,-0.0376468190086074,-0.103690260217788,0.0229878536021174,-0.0160048592945153,0.112238283976534,-0.14286230400287,-0.0126866871949753,-0.00720624906369885,0.0337138748102917,-0.0898089309353347,-0.0822980248372864,0.175440765146742,-0.0357381051208389,-0.0807266779237336,-0.0357710787533717,-0.0941224915759011,0.0122976324031064,-0.0703442034948115,0.100365330603019,-0.0623240152931038,0.0298373501486783,-0.0337755293602064,0.068310680483495,-0.219486149778093,-0.0847801825908562,-0.360350507472166,-0.306358371271483,-0.161195756691576,-0.0494074428640463,-0.215035995157944,-0.0620741419620595,0.0547881605194845,0.0796284208860231,0.0240839070459817,0.0535606290413284,-0.0138916892863328,-0.10941805893187,-0.21440434558664,-0.00303549929817169
-0.0396811484476559,-0.113450097363927,0.210048658349643,0.692255499612858,0.484826618421529,1,-0.0287700400222402,0.369492852633016,0.0684980038669084,0.710483040325741,0.272763205935219,0.434265106913527,0.000633375224021022,-0.0477180106315747,0.0388641637713902,0.0715432976966524,-0.220205373135938,0.222529419778329,-0.100080389604311,-0.0339333254313436,-0.494160116477598,-0.0597131645017912,-0.453723524097653,-0.200506780766499,0.13852806100519,0.32739251605713,0.053895890092038,0.269033699663427,-0.068049144706575,0.167081114979663,0.14893919203728,0.328688628315536,0.268490852145912,0.195786828246759,0.222423475606295,0.284295934655793,-0.260846314400074,-0.0316030230763711,-0.0551989815202367,-0.135882812050582,-0.133275953097789,-0.095944903224192,-0.184092949513264,-0.236877129771376,0.0819812757923903,0.0231192418270634,-0.235312763930921,-0.276893430809706,0.0222241762993096,0.114438554901927,-0.0663427747075296,-0.0872928550271055,-0.062982665962115,-0.0346545393666449,-0.119058439823307,-0.0352708992396495,-0.087647252095134,-0.132569347495007,0.0741523876597369,0.152190737692483,0.260303496636962,0.525187347901817,0.0785776975582342,0.50058951552535,0.199712284326037,0.308734030246815,-0.209956558091516,0.0185326638425904,-0.0409659207307153,-0.0771464809449555,-0.186084821003604,-0.186782429857502,-0.0446958266002848,0.0150724379252699,-0.209265760648182,0.0694689296179118,-0.101015405859553,-0.0837565443522176,-0.043194532590268,0.0448501545015747,0.0831761178617909,0.225506070955289,-0.180488066537578,0.165266736095565,0.0455387646635167,0.223655303676189,-0.300737921548972,-0.226278849002503,-0.114759070455651,0.0868869742486045,0.169895600847779,-0.185341522435114,0.253699673687516,-0.256234509504705,-0.256024281649217,-0.0834615124295834,-0.198007199032104,-0.0747412545239344,-0.0591935415442,-0.126739925157246,-0.101149799595504,-0.187053762979604,-0.254601843184428,-0.366228989064691,-0.0561351189085461,-0.222253108683816,-0.0724123804042406,-0.184968940560816,0.15293291251232,-0.0437012606459928,-0.152746493444784,-0.0304686668551283,0.0189953679143445,-0.0248643674701093,-0.0112442247543172,0.217789997846444
0.0551316635335015,-0.0385338720665601,-0.157214205893311,-0.18853338585774,0.0886553916453313,-0.0287700400222402,1,0.363601970902087,0.544588622251594,0.292523847310922,0.286303395297098,0.331160125640071,0.472151789403761,0.286834671757646,-0.0506885291995529,-0.0292607356761473,0.00597591746490265,-0.190197240317453,-0.154080843885045,-0.118063878342781,0.0826412506290865,-0.0255402357815558,-0.0677028507097489,0.066457227705747,-0.142011723530752,-0.229619659929421,0.0260854401069962,-0.162277469018011,-0.0664936288234358,0.0805692017977069,-0.106770333210718,-0.0378330188777617,0.33758235360042,0.396159086229872,0.103203670531408,0.0790514175841123,-0.0349350889870081,-0.0273279601885297,0.195403580317455,0.185092289677448,0.38875763083962,0.0639657599687188,-0.0796008136730082,-0.053483882252796,0.0605389558920654,0.0879086640270965,0.225273057355583,0.240781418409948,0.105293901736783,0.0565157411125654,0.170120211337712,0.116106932180473,0.250623692707803,-0.0745083139005089,0.250274535589406,0.192268345717575,0.0369487219757454,0.00627008712148105,-0.0800671202165676,-0.0990644584380067,0.00861466649541551,-0.0827785673981655,0.286511707752548,0.0361247737104009,-0.08274407621967,-0.0457927071171304,0.0572221734085299,0.130712558890232,-0.0568037905596,-0.080610787568817,-0.000990148557773387,0.219168322823211,0.315150162750442,0.2495557605485,0.246955251601227,0.106140009665693,0.0479533838438234,0.101561128209095,0.234987034879895,0.242415515147795,0.215487677259545,0.136573330686479,0.132551257736042,0.0683572426938228,0.0305853629322454,0.116351226435291,0.0777045198751491,0.131341323596792,0.105964481026755,-0.0533952949035986,-0.0586747212888702,-0.126721763232693,-0.145007221210277,-0.123002617095117,-0.0209290668778001,0.0389499709302595,0.11584439738179,0.0439110444353466,-0.0491322782218846,-0.0921725774306426,0.0449266121714941,-0.135931098464089,0.024704038477857,-0.108642935750619,0.00323303263267801,0.0224259915844348,-0.0501931005613561,-0.173353934780388,0.0435546409872325,0.227454320144495,0.320635346621939,0.107697142021897,-0.0707401183439351,-0.0890257807511837,0.0169974382912946,-0.0219747744420643
0.181083729497703,0.148566824893894,-0.172096132477864,-0.048286606646201,0.127952117302433,0.369492852633016,0.363601970902087,1,0.430095841735472,0.601144350916221,0.257694614079082,0.344862439873449,0.295602199721883,0.1965468384444,-0.114886348654951,0.0256002196852797,-0.0402993814736022,-0.045308222935675,-0.30275952267888,-0.237174926020916,-0.0813786150239549,-0.215123663991976,-0.0255451437289084,-0.0708571989944293,0.0985485466166437,0.00111004308428523,0.0860922652391397,0.126109982123692,0.0792591504711543,0.171163123589969,0.053688901837892,0.0502827976267545,0.263143324116744,0.263702281163625,0.0486420671007777,0.0131890971526417,-0.181558000090786,-0.10226995852535,0.170131068567707,0.12092169546272,0.229201408856226,0.290328502868446,-0.19092157027619,-0.0970506952304777,-0.112913238575999,-0.0901133486678466,0.0710943126136349,0.0897297665546551,-0.111989713397255,-0.123519378168544,0.015142986729088,-0.0122120711002303,0.234195966752159,0.0746100782067691,0.113538331990506,0.190017962642835,0.136892426425136,0.148181038502822,-0.0172367026371869,0.154565083316956,0.174989864158369,0.291535232809245,0.187942458367346,0.312336165177848,-0.315724796566255,-0.0361912321984297,-0.116886350577965,-0.0305748462788931,-0.0298003362264017,-0.0580755515397379,0.0378184934625651,0.0340835806183468,0.188228700304868,0.277300755556889,0.0555857356667992,0.151216898013057,-0.114471156694208,-0.128765411119989,0.130044441617246,0.0723887741296148,0.0336801713271551,0.115237586849463,-0.0104974917214285,0.144315121924977,0.0268805845002351,0.00463853760499984,-0.0179361685519903,0.0752934852037767,0.0885026253861524,0.0352841240052725,-0.0107360040786189,-0.145065885304577,-0.177542833555397,-0.363453683345696,-0.203135626305535,0.00542945751034122,-0.016776873968554,-0.0555664680427637,-0.0963374146246473,-0.121721112345783,0.0171570643212871,-0.234742416296021,-0.0381368911693383,-0.262642595542485,-0.107530093209539,-0.0675502622800515,0.0379294383124933,-0.0432590867657717,-0.051408207199183,0.0196336523805402,0.0751308997833507,-0.0989256118985887,-0.129383056888326,-0.135139699228871,0.0640938613843322,-0.015525156142234
0.037950623122341,-0.0422476939454923,0.0106294752751863,-0.377699154144817,0.434132358606978,0.0684980038669084,0.544588622251594,0.430095841735472,1,0.457452333745523,0.425935264720891,0.30666060769563,0.253886934026001,0.0490185937269184,-0.143963277880658,-0.107459797624689,-0.139261325362558,-0.238350943750965,8.65523295240189e-05,-0.154368646217377,0.158631750616927,-0.306673071669006,0.245904175723166,0.26756934384822,0.0819040978487104,0.0598564938565406,0.437715691992031,0.205098846589559,0.263420248632988,0.331275780992956,0.416550478147246,0.0977811378352359,0.184748061315282,0.0843922239816527,-0.126025730030462,-0.157937030322676,0.0307064135907853,-0.185261445490082,0.223544628353122,0.203041793912055,0.343738392256566,0.0828128847732556,-0.162605743059142,-0.061797130705372,-0.23328158767619,-0.126978609121849,0.0464534059402891,0.0877066578494999,-0.151295585873237,-0.13136645159725,-0.117676129684561,-0.0472162165168371,0.0476233767483542,0.0084473523675355,0.00892417967230134,0.0665605115689747,-0.10731246971056,-0.108509433507764,-0.0472339865017357,-0.0939687000407294,0.0212694916372375,-0.162767534559316,0.0523286979103542,-0.0723209941266868,-0.0251160382623416,-0.0477503448422458,-0.208013000683807,-0.293142002528698,-0.150232485443314,-0.311826058601973,0.153479084082192,0.298175702318314,0.236463972211755,0.138304434104369,0.311887996613034,0.176495528592775,0.263785875555698,0.195259424067146,-0.00703511715509038,0.00769044361894948,-0.058980640690032,-0.0212315770614313,0.187171186669559,-0.0727820247002024,0.00271266694334118,-0.0552352526890845,0.124261792442446,0.161099515897703,0.348036548158196,0.163001735408194,-0.110272646827416,0.0509508499854139,-0.00418590216540746,0.145389514417987,-0.0703351069728012,0.055598291263238,-0.115196499055659,-0.0712458986600909,-0.139749421643617,0.0126319409238889,0.089905715188359,0.0717816511131449,-0.0672133049877794,-0.103385011740977,0.0593647853066869,0.173625704188518,-0.0724079928300592,0.14883536675273,-0.092734213122159,0.0656251602953939,0.102952582998844,0.00573818692369404,-0.0515876459017286,-0.164356767190321,-0.126539028761819,-0.10179717062518
-0.169597101016476,-0.247122749618683,-0.103822569613658,0.21040441374974,0.336962622202458,0.710483040325741,0.292523847310922,0.601144350916221,0.457452333745523,1,0.406200135362045,0.51148809062141,0.148496520395377,0.0738632321071986,-0.209023081943045,-0.182701552554405,-0.153821965378088,0.149965631293071,-0.203266284455378,-0.101299473274139,-0.180463237842775,-0.0424328997958947,-0.207796832053477,-0.045807900074912,0.168531555511105,0.246960487669171,0.217433600806711,0.266092266859707,0.123005439731272,0.305403418871189,0.232713063510948,0.245174704054149,0.32364960665549,0.260975039152862,0.132281333620437,0.162319483440327,-0.10305895402649,0.093096681261035,0.144829693770379,0.0440837076753464,0.188595403500259,0.0299135030140808,-0.226022648546142,-0.240749441893961,-0.0197742267172444,-0.0225830451212363,-0.154324244786252,-0.143610033295594,0.0240973390372337,0.0498268583052711,-0.0496789558139881,-0.0449209912162084,0.0732155967156824,0.0300168626277721,0.0405334497385383,0.0940539073344541,-0.165362916884124,-0.22446867636066,-0.144177758521703,-0.00854055118116684,0.0154422527394892,0.295655762103595,0.0643721606367292,0.301885857762573,0.0967996728765127,0.29679905053849,-0.263998242309721,-0.0395684145237103,-0.203274665849513,-0.291979490822693,0.0109913481764153,0.0369988920278255,0.0816523094059829,0.114724782949838,0.0867788141194659,0.0701046725382667,-0.0805472476479458,-0.0368182463439773,-0.0656271833541928,0.0354932677991034,0.0218857143304622,0.178883943432942,0.0173776169215853,0.0970407031243318,0.0247664805186357,0.195732334316189,-0.107085296101732,0.054970314186191,0.0782351905061794,0.202050591083359,0.093170546896799,-0.117981384542599,0.22111409313259,-0.16033892756222,-0.194514483518543,-0.0179362998825161,-0.186299291262761,-0.133815355713382,-0.0530012228887942,-0.124123042916746,0.0447489528376892,-0.141243946854912,-0.115339704868109,-0.27032627598294,0.063966597355724,-0.0187316434342538,-0.0443288276598993,0.0350834749040083,0.0107650053042128,-0.0477515445100328,-0.0720600972296951,0.0376925682120061,0.02661381917676,-0.143693875621893,-0.00736399795548486,0.0813759327861679
-0.103160078569823,-0.172876775804165,0.00779689882040959,0.023254048317506,0.252590789837216,0.272763205935219,0.286303395297098,0.257694614079082,0.425935264720891,0.406200135362045,1,0.730048539590966,0.197761945360147,0.067722574144717,-0.056946275591391,-0.119155989492554,-0.0128685354888575,0.015531997367948,0.0185854368844481,0.00134303230545236,-0.155393242220414,-0.186127726542753,-0.179251138686145,0.0188504591019132,0.143109719529244,0.0865995858678368,0.141616870165178,-0.00258246835059224,0.374562604842293,0.357087254228382,0.488769941077734,0.437536278119938,0.37245717789882,0.326216155666481,0.00569012712503935,0.0732385295793404,-0.116802962939265,-0.161971093828708,0.154489520882531,0.239760251742629,0.458009365676218,-0.0230435110898923,-0.0492129959536611,-0.0350053408339119,0.0649658262489223,0.177694150205364,0.16083636822335,0.214206423648977,0.061354698699362,0.150152494254194,0.114781698499555,0.192098077709997,0.183630916169007,0.166095534775078,0.252283327755991,0.394769447265925,-0.170431085258229,-0.223891824987732,-0.243192538037579,-0.349804918840892,-0.00865754214802587,-0.0319267112300737,0.17559882908138,0.23839000119741,0.155117230865097,0.0710296262991231,-0.334713635625618,-0.210570899220244,-0.205475455069554,-0.248453529181998,0.104848343028698,0.219554679916976,0.389903218153868,0.330292455613056,0.31335660611968,0.316216340021972,0.0324133324230796,-0.0937787427226285,-0.029186588118702,0.0137992095562275,0.226342281789659,0.272998072900168,0.427782816683583,0.210364489558624,0.458757044060574,0.457380176035023,0.182596127614846,0.401552795725779,0.307163321589896,0.305930314483877,-0.0446857114671916,-0.0395405525332133,0.153360881646078,0.153976672087684,0.034581730846237,0.0790778344262796,0.0483129896690422,-0.013065983258363,-0.0237089695470034,-0.00429454934819727,0.0556295324139884,0.0453361535840118,0.0392463759634905,-0.0609885093544539,0.0340930565295319,0.036857829967343,-0.0634790115357496,0.0599268020135974,-0.164740111459696,0.098036489986318,0.258470086186464,0.159401105694674,0.0338382537100844,-0.025606360024494,-0.242159153417262,0.0642029959624178
-0.136962507464114,-0.295766221937656,-0.131564529011603,0.116566665572369,0.146742805668258,0.434265106913527,0.331160125640071,0.344862439873449,0.30666060769563,0.51148809062141,0.730048539590966,1,0.153907297098453,-0.0263998186534489,-0.115832264352244,-0.191777209680601,-0.105002731665387,0.0805283025467556,-0.101173689799182,-0.0268137010661834,-0.234416730566751,-0.0977323364158516,-0.242176731116811,-0.030680978377572,0.138363876792882,0.140393757095563,0.0823286663691853,0.017456456624359,0.338058156428368,0.367891544653224,0.278981354782779,0.394501702150415,0.381819495983858,0.398990505849395,0.0199537658425707,0.102606424869126,-0.185212607161066,-0.0369315524909979,0.149773056835436,0.170730369239775,0.413242525744202,0.0466960377636775,-0.185609153162126,-0.197466702780155,0.0782429096913802,0.0919854049078528,0.0830726796557913,0.0998541271050596,0.0118249302504126,0.0532615816218154,0.0555165784508189,0.0249042778768843,0.129165853058042,-0.0188238179753007,0.181585628474725,0.242782574534307,-0.232690945438702,-0.341548755732914,-0.249117600520018,-0.24615588929059,-0.0503719777299878,0.202446950817644,0.0478631029634362,0.143039397623442,0.0764093833067428,0.200272057203012,-0.354317742433127,-0.0776734996518282,-0.234472042647627,-0.294751509536185,0.0737258763157597,0.175583722676885,0.330646135667898,0.370998195377674,0.172615041126797,0.32098562626315,0.134250616524564,0.0616524035455333,-0.0189667867305453,-0.0113031472127291,0.134531170704659,0.151206536629968,0.324644628595939,0.148725337998318,0.321094046916863,0.406647146717208,0.182156150609018,0.420294166170208,0.205259908290161,0.297444078356239,0.092225130391395,-0.0871215886087229,0.182434836888543,-0.0172487907610541,0.00231733091954449,0.0536347503663297,-0.0613465515544244,-0.0345983346970548,-0.0452150077460945,-0.0888761206590305,0.0731981926988046,-0.0386373486540879,-0.147156406681961,-0.208820029934162,-0.0229526094107549,-0.0767570168429219,0.0626662759443721,-0.063624876393213,0.0300260530782995,-0.0153630002804781,0.250143778163988,0.0878607370196504,-0.00904328306312295,0.00663738164142557,-0.0621877975655418,0.110939182948763
0.284115112866815,0.246740557045445,-0.000102581422630555,-0.0798148434483959,0.0144786851871344,0.000633375224021022,0.472151789403761,0.295602199721883,0.253886934026001,0.148496520395377,0.197761945360147,0.153907297098453,1,0.727641267488756,-0.0175712732144878,0.0573910913161883,-0.13246208051497,-0.218179146578877,-0.0304632007421966,0.0324915948751336,0.0228145761090034,-0.0574686971167409,-0.134239467447863,-0.0535491136408197,-0.246867765808181,-0.269163056312332,-0.0803702492958464,-0.157509688041946,-0.184387139747893,-0.0771308676887762,-0.119655475657548,0.0560083891345827,0.538571924431763,0.572335006994966,0.132177855081446,0.148618746065848,-0.0780091490771697,-0.0521303253503069,0.232321193664399,0.330075555265311,0.310405372066042,-0.0525295940603579,0.302734211463977,0.356705331108899,0.442903254278139,0.478491317927645,0.471043259073019,0.502376379521026,0.444399602727567,0.428027138822332,0.446346839054086,0.533070265711644,0.494705943846778,0.21865476125895,0.455530736742895,0.504324536659383,0.392837345153059,0.336030357089172,-0.103427527216782,-0.135797583938538,-0.0589278687714628,-0.29310018641174,0.278539979409578,0.182180410170761,-0.0678061324808909,-0.187621498804162,0.0223188210004461,0.171746579018804,-0.0139953884533847,0.105416315773646,-0.120419176777666,0.0442060365751108,0.201767199023617,0.232067650835342,0.0431446414105477,-0.0119213552994026,-0.0150660570578746,-0.0682091455654327,0.397599453242263,0.601089012464836,0.649552284576355,0.569870557988096,0.184848009454549,0.258849931896771,0.211259375038244,0.191907900443113,-0.0260037402865727,-0.0258391910752292,0.156431819800173,-0.0234674568064964,-0.103961272436355,-0.177482239965242,-0.266563208678505,-0.182474238163983,-0.0290229561986184,0.0552851937080181,0.135317862057694,0.23054587489832,0.145867467497075,0.0160865112156965,-0.0268103938820476,-0.153012735927895,0.204977829529482,0.124647900813998,0.08212394794623,0.0149982997684671,-0.0372893292229569,-0.115831569320757,-0.189393641873421,0.021485815560575,0.103367001342674,0.0577692327571089,-0.0352839240492905,0.0176119720426734,-0.113435683121759,-0.00787675962638387
0.365167507772442,0.424936409165056,0.0460514019933886,-0.0330219635722448,0.00151971253393783,-0.0477180106315747,0.286834671757646,0.1965468384444,0.0490185937269184,0.0738632321071986,0.067722574144717,-0.0263998186534489,0.727641267488756,1,0.0404464904769464,0.140910458074292,-0.0138264708328668,-0.125463883777585,-0.0372255106311422,-0.0174045667370081,0.0409951209346502,-0.00543564980660724,-0.054159903453233,-0.011155936860751,-0.191170221997234,-0.252237434309572,-0.0645319270998592,-0.15334738982005,-0.194550427116598,-0.183090085802847,-0.18903010631323,0.00922424732996695,0.439823340560858,0.471347059391688,0.159353479609204,0.150666564310107,0.0051985732809966,-0.0216087306427813,0.216808401594816,0.209777331922427,0.246508427643004,-0.119177442086602,0.482224816544434,0.498008907549285,0.459666460543602,0.495950866279265,0.578874445993974,0.577857772845585,0.435815794464699,0.431063236321712,0.485166641067432,0.546404954330555,0.549877218326272,0.405025104931305,0.531259727940166,0.576627596931681,0.575251142659679,0.519511224780782,-0.0453430419012962,-0.0837452354273999,-0.0559321026447889,-0.316756902832638,0.331881017017726,0.205570793959209,-0.158399754830331,-0.194552177164193,0.202976004258003,0.261422230090571,0.0777319989654871,0.228680735244838,-0.140849266065514,-0.0325620781857112,0.0689651648994155,0.117869096242167,-0.0682711713567518,-0.171856736547223,-0.145566988926661,-0.204728541927299,0.422144146015125,0.693281326452054,0.633202821743049,0.633581604634127,0.16569952078625,0.347756349257063,0.22830123288944,0.215369713759623,-0.0485540150159164,-0.00590888448099095,0.107232170572624,-0.02535653672034,-0.114840863114106,-0.145628006201822,-0.407735962608621,-0.242129681813156,-0.00327578559553027,0.0669009373112228,0.157255967382772,0.239065761362673,0.210872707892556,0.0689670272251511,-0.180551401314032,-0.222405029002591,0.20726523475729,0.139843497856324,-0.00991196301715468,-0.0281080392796147,-0.146702003947831,-0.169052954936557,-0.112477183968602,0.00936447313685616,0.0720710933068649,0.11320849852969,-0.0027316966765837,-0.0842716640200868,-0.0911062450400633,-0.0676894870385733
0.473164138999125,0.530490175446991,0.562581750508128,0.379951919809911,0.306249179956194,0.0388641637713902,-0.0506885291995529,-0.114886348654951,-0.143963277880658,-0.209023081943045,-0.056946275591391,-0.115832264352244,-0.0175712732144878,0.0404464904769464,1,0.899098379884621,-0.12057957524858,-0.123059698114195,0.566789529654908,0.4137954626554,-0.223434079303954,-0.377679695550896,-0.232242666077232,-0.208788049187748,-0.366779229456441,-0.215161092386796,-0.293674240812732,-0.287925227551738,-0.185165229994507,-0.258792064411851,-0.276402527525285,-0.0218884231525881,-0.137171286137138,-0.0900713199489312,0.459094415154018,0.401846749441229,-0.0687311291290588,-0.28612348798338,-0.148943676290429,-0.170127221133471,-0.074288858786508,0.081760145435093,0.103964144531517,0.121440930122444,0.245641403178415,0.191725831598462,0.0718411191882916,-0.0209793932377972,0.0215006911517928,0.0999449542987967,0.0488087140512534,-0.00698863234076803,0.054234299842686,-0.199064107268613,-0.154249821870431,-0.145416165048083,0.405304729031038,0.365650813224224,0.417761493413823,0.106400546203908,0.404385026741504,0.125925933990125,0.0975488818672796,0.161696442961165,0.0929349878043967,-0.212615144930893,0.304828533399248,0.115525016994261,0.746351887279905,0.602473134539085,-0.185435893319822,-0.104944054463213,0.192016182410297,0.13228770314497,-0.0449440533338123,0.122540427065835,0.0244993089218543,-0.266635901426072,-0.133759866585014,-0.0174348159308922,0.0629772529166306,0.0229116427824766,-0.0907100857052177,0.144841750524722,0.0461234614999316,-0.0674781091400369,-0.150124692207807,-0.0862348939358676,-0.164750325189858,-0.379199789902336,-0.424968875339751,-0.261544061605609,-0.33368267971363,-0.172022917692302,-0.0693265666557893,0.140717802651526,0.130166627636875,0.129985337358235,-0.104239269229098,-0.108006734401575,-0.228146905241716,-0.266423406397427,-0.154928612730392,-0.0139100691264347,-0.126008760858079,-0.0932512676093555,-0.0678602822631362,-0.0936030508940568,0.263880751677854,0.228754737609608,0.100247109936787,-0.163624901612342,-0.095031400907307,0.00457832460891114,-0.0938068077893353,-0.173394672970131
0.587314849982312,0.668826188950064,0.557223687760093,0.370290624625546,0.343423877120556,0.0715432976966524,-0.0292607356761473,0.0256002196852797,-0.107459797624689,-0.182701552554405,-0.119155989492554,-0.191777209680601,0.0573910913161883,0.140910458074292,0.899098379884621,1,-0.118463948794082,-0.139012333346974,0.425151072990733,0.282114704917812,-0.209520143611924,-0.39445096581184,-0.170187665108732,-0.268381077582451,-0.344015084025962,-0.226179331612983,-0.212475794893272,-0.265075561661898,-0.259004560845865,-0.274043417559634,-0.270540785101221,-0.0986784659642562,-0.0474999682168916,-0.0605373122713117,0.41667841611703,0.342688561643999,-0.217565402677022,-0.385139478237629,-0.157949725415543,-0.123797716597519,-0.0955196317378014,0.0833482698167637,0.120932251096918,0.149945991325068,0.222206633347025,0.180067430108057,0.116407177909069,0.0259665459009605,0.0368407061976716,0.0920982197462563,0.077682337527742,-0.00650894287100678,0.140712567639941,-0.153760915511274,-0.0815253940661433,-0.0788978901701096,0.556158218274194,0.509611666168795,0.487828119321082,0.227384011669667,0.505450534187156,0.150457039652858,0.12730052877813,0.252300367802323,-0.0218860863258957,-0.283993729678797,0.369996811053079,0.12238489451204,0.816391969195526,0.707812568584324,-0.21120679655638,-0.172918988783758,0.076811181323554,0.095069046388192,-0.10582268401887,0.0778728391210178,-0.00889618676633551,-0.290320058776802,-0.050949312188192,0.0681666131969876,0.0514479290039894,0.0941536639351834,-0.139244526089871,0.149607758146725,-0.0396606495120017,-0.100387008632955,-0.165412654492864,-0.147132705124245,-0.15905543943414,-0.451109335438015,-0.348248503475105,-0.235299172919753,-0.41225060595921,-0.271236127270023,-0.0197054811534974,0.173944510986589,0.193403124965856,0.223259158816289,-0.0330783467676904,-0.018828085933538,-0.236711277148698,-0.314051316454327,-0.143558595268178,-0.0496977962498304,-0.184004610541998,-0.12244268645131,-0.100037073365588,-0.0622113513324117,0.218654443774613,0.273064892608903,0.138305587136645,-0.0865453608799389,-0.0732856484129096,-0.0163448202441706,-0.148739763283084,-0.198704623089624
0.0952364565107478,0.0346321119670085,-0.0730405129023107,-0.106633788807723,-0.119611357277997,-0.220205373135938,0.00597591746490265,-0.0402993814736022,-0.139261325362558,-0.153821965378088,-0.0128685354888575,-0.105002731665387,-0.13246208051497,-0.0138264708328668,-0.12057957524858,-0.118463948794082,1,0.479430975961767,-0.161243870059747,-0.218641977137328,0.0886653374057804,0.195233263107949,0.212887099602005,0.402919172733599,0.388732587845478,0.293339745493842,0.202620665310887,0.109658082479567,0.200408526425585,0.253957596748254,0.0340059827089866,0.0616876886379077,-0.263791976748735,-0.107643073159774,-0.0641089517318846,-0.122864148063173,0.0834601596923286,-0.0153412207985932,-0.0494455223760424,0.135100195840517,0.0676591270268221,-0.0984203969204888,0.0310044749770346,0.0534870514008422,-0.118893935967765,-0.0902302059550173,-0.118307373069668,-0.0582124618889177,-0.0604525193639283,-0.135187078614315,-0.0100259870706607,-0.0175214641359836,-0.082943566551839,0.0201371227071201,0.0677288989919509,0.112952157669465,0.0598271541819111,0.0321204141908251,0.0653219191731604,0.0634246885002876,0.0942217819379025,-0.0869669935923814,0.0950151167236692,-0.155532704148604,-0.0253475404671665,-0.0563934846286841,0.0751545451418794,-0.0262053037711455,-0.101801924209336,-0.127469143548517,0.20634500581655,0.125682471829442,-0.0439046169102456,-0.0712213467551037,-0.014264473853652,-0.0581211955706881,-0.132705057558639,-0.0825478506753262,-0.0580159865697196,-0.172877360502125,-0.0419282593094653,-0.116215323998335,0.115004609127315,-0.0718987498472505,0.201394179397965,0.0432394164820562,0.365039037595863,0.27402653995862,0.0238221302902112,0.127646489561764,0.168386137635292,0.24660510795719,-0.100448444104209,0.0301780963454948,0.0831762789495037,0.184369899647247,0.224465144859862,0.133196028329409,0.194476735755857,0.32811946164392,0.00645752201451975,0.184274090739513,0.0866625660906098,0.0613838720309574,0.0752874092474163,0.146214751222232,0.0995156619604485,0.0312193816131919,-0.0571450685621391,0.123659872080372,-0.00284229975646264,0.190986902499078,0.285819669158113,-0.0430180418354844,0.120769395135645,0.0033538701024741
-0.113078991012376,-0.217242251022671,0.121394782784095,0.297690266588433,0.0913051043307199,0.222529419778329,-0.190197240317453,-0.045308222935675,-0.238350943750965,0.149965631293071,0.015531997367948,0.0805283025467556,-0.218179146578877,-0.125463883777585,-0.123059698114195,-0.139012333346974,0.479430975961767,1,-0.00747199291454559,-0.00207634567167158,-0.00481421145935705,0.326227394238636,0.125173786343487,0.292415841793983,0.626174617902401,0.601035067560257,0.308424638168247,0.396682440696712,0.278007879373526,0.406227207428969,0.140468224105948,0.130829293217743,-0.11005684671661,-0.0539552689187555,-0.0365156784929173,0.00876637221460769,-0.060152745889916,0.0648887752713502,0.0203132277061919,0.175706929561442,-0.0359180587634174,-0.0439867828717877,-0.0467628672355604,-0.124724951003414,-0.0587171251765025,-0.0803390539005833,-0.276875383450214,-0.236652146885958,-0.0129550364125503,-0.0222097579332371,-0.0146725653839414,-0.0690600715451238,-0.0684052036903399,0.166619683524224,0.128351960629755,0.123897088257793,-0.119107096496403,-0.172489541742176,-0.0910125400941347,-0.0621108016006919,-0.0428719328279612,0.0686292367855604,-0.163890325086657,0.0188352545422891,0.0439003564646927,0.166789176966932,-0.201323023047608,-0.0623470648032407,-0.161941800521684,-0.0769637904984949,0.195360799695316,0.144394944737433,-0.10586277829145,-0.0920144453511601,-0.00924223602478046,-0.0397570220478756,-0.128412410559615,-0.147388828831391,-0.128427001415679,-0.154607564833019,-0.0778421617190802,-0.07438885328355,0.174238280722567,0.119647662528212,0.202267799021225,0.201168187578941,0.291449413968586,0.272777872827776,0.204362322323346,0.438443888587966,0.43062291779263,0.271816001453072,0.227704546125136,0.129616479681646,0.0443142154474171,0.100328966948725,0.0952947754159676,0.0499846131921508,0.446668744444724,0.410923839204762,-0.0339659934500451,0.214391490651266,-0.0106934233706182,0.0412763136606029,0.0777126033277556,0.0632748685623225,0.0960790824108774,0.00547547795400398,0.0636273204675481,-0.123477696635557,-0.104483305892814,0.28656245329397,0.381084021262622,0.0691076687520653,0.0561053465773377,0.113237904916043
