1,0.641395253402417,0.196533245227499,0.137208520481607,0.327532464692158,0.272510043686991,0.287571274898639,0.206165755524128,0.148348506120165,0.0849435147746709,-0.115247124649877,-0.00866400263263645,0.156391083622432,0.271731681269944,0.276560346629476,0.41198329082268,-0.000804629417437163,0.0963487153724995,-0.127095139771961,-0.163662004261539,-0.220250264678852,-0.0402147720012498,0.0667434756536476,0.100349501280238,0.133887392861191,0.174661940413897,0.148859377877319,0.214207618624115,0.0121584025197684,0.0419605824080772,-0.130364814276498,0.0401221737003247,0.0467971110139564,0.0701551244247454,0.243232635055126,0.249377326474536,-0.136758136030066,-0.132072075586416,0.0865988261200704,0.140092644976188,0.165017485031994,-0.0479019456891625,0.322916265401448,0.283733678024603,0.472747277222661,0.420266517195682,0.279163234883733,0.20838155796773,0.479446016812079,0.361025810152484,0.381138865619852,0.314614138266722,0.228841700778839,0.16168042690675,0.199872025953692,0.152265100724778,0.855620987203253,0.690885275083636,0.687893227616643,0.440334658344654,0.601057591904909,0.313740723959761,0.257111160210145,0.351018253830214,0.100331285366769,0.022447457446008,0.539376987734007,0.494791268055182,0.1806742381269,0.38603668859175,-0.174450454347365,0.0202113140797563,-0.119850299564771,-0.0639264066211857,0.0381452668038409,-0.118368407906765,-0.392024691914642,-0.395602198012594,0.208566453378806,0.354365614727216,0.385226137385807,0.427373637100242,0.174522091326283,0.249700056494199,0.280320285119895,0.297776289588755,0.107130329047022,-0.0611873882553501,0.0659841324267633,0.157661023963872,-0.198779648627145,-0.0925898845399557,-0.0895238176374987,-0.157715109571392,0.143313560166586,0.0326142664825749,-0.137353865311076,0.0117467260544256,-0.115305268369219,-0.0964204082714827,0.176211888909278,0.00407931003001478,0.220139984596151,0.0357185217195798,-0.0682188613838269,-0.0957338355621318,0.0487956778090187,0.00904554442403194,0.11126430630525,-0.102184306938682,-0.295419631103453,-0.101423295128189,-0.0327084482864337,0.214014248583462,0.0252693691530963,0.0342368881950334
0.641395253402417,1,0.0297695786676782,0.248225685298724,0.0361689784606485,0.259107450319834,0.0326634544468485,0.22773871014842,-0.0779481245518793,-0.0240748892743223,-0.190989477653284,-0.191903059232921,0.118443279484368,0.387038818052703,0.31186146235268,0.602593675349047,0.0661380241007852,0.0607754925344517,-0.173205161261088,-0.110682407708592,-0.273426023688509,-0.135080623467187,-0.0892532564816713,-0.0397139337754427,0.0469634095661901,0.0881501206989385,-0.022711878137771,0.0538970497866099,-0.116669704547037,-0.0315696308713619,-0.208594578121163,-0.0251665988436739,0.013628012765202,0.0934240165108713,0.119011712953453,0.153411007844441,-0.338533864405203,-0.307272429340121,0.0718342646654984,0.0998387313971467,0.260417238892545,0.0304175120146119,0.222491336288011,0.272761363966621,0.455339606522318,0.453531549851661,0.277155853769921,0.152743459050593,0.390861316951197,0.370378676165272,0.380021832373583,0.265341023736313,0.171252736797713,-0.0018434846219332,0.179174705635459,0.063726806000837,0.599166020609099,0.817281711619098,0.369900657409089,0.431093819975135,0.183207048247345,0.276959708016554,-0.0258989936687793,0.3326790933818,-0.0823515529964731,-0.116889296689003,0.248617451640449,0.322924051296034,0.278034700963562,0.459089679573508,-0.0810987763881082,0.0410194794083843,-0.0119540602603664,0.118543297094529,0.118115106819647,-0.0133804837706491,-0.394218730491303,-0.351052472101787,0.122493151408784,0.275128217646879,0.291920563940969,0.450817682331425,0.15547111717272,0.198323689745661,0.148309691164028,0.210182831561478,0.160297180454305,-0.0727773920542705,-0.0258811519333626,-0.0623831503572612,-0.200994474605703,-0.244540458107904,-0.123100531429486,-0.276911175366405,0.0647470446419815,0.0565681536680027,-0.110371199703732,-0.0463689193414516,-0.0897287050782287,-0.149674068957732,0.181121184785803,-0.0838353512169275,0.189736662919968,0.00675118723885103,-0.0533714788015799,-0.053258485678058,0.0640820988474373,-0.00656232796631279,0.0509252921228126,-0.162272635987554,-0.213016924397942,-0.0190848701914325,0.0329557415096092,0.0390713129549206,-0.0157113698480091,0.0346738336303522
0.196533245227499,0.0297695786676782,1,0.601056619410016,0.669232970099659,0.239770044460785,-0.0160096004827281,-0.121950976237619,0.170182839580482,0.101270416139755,0.0642655187921372,0.0475812100411183,-0.00230988856731558,0.111795600805022,0.566670288420704,0.409908269282902,-0.109987420560571,-0.0743905052762994,0.760172607508517,0.692039632109503,0.232777082103891,0.0394304202186867,0.0899632164243069,0.0566582121872042,-0.112509611444645,-0.188613626999924,-0.00122461502008579,-0.0217069019363725,0.0282248551635099,-0.19182645057597,0.373769060679099,0.141336324441023,-0.0862734772696441,-0.111791167205798,0.43481883140466,0.39200819477163,0.486136882352425,0.261963862342322,-0.0475044596636659,0.0354753750093059,-0.107175664073326,0.0770050208631981,-0.179583434635385,-0.194616440462016,0.0818089659342064,0.0431337958244159,-0.141379316649868,-0.167331108259759,0.0975595316402172,0.202587052799476,-0.0996484339999704,-0.103154634864072,-0.241049539261221,-0.196711243365696,-0.0639786485844314,-0.208655076653203,0.160299280732805,-0.106169244440618,0.411846462541031,0.130824108073938,0.301878211497801,-0.0261975769784314,0.0569015289219709,-0.077159759245265,0.637478369891409,0.459965175685116,0.370738878241343,0.161763969132033,0.423202948367614,0.249662467776146,-0.0610982464708377,0.013931041714568,0.077894220401583,0.0380217693894745,-0.128579417673587,-0.101546706393511,-0.143504705580533,-0.14119633795088,0.0782560209966118,0.130105869602118,-0.0950969772047479,0.0344041127326955,0.0489975107865131,-0.275448693402339,0.0877394173953573,0.0973050175083338,0.124670250139753,-0.0795514277948623,0.0709849224014679,0.0530313481847136,-0.130340049722754,0.135709218512975,0.0251505921123668,0.0483032801125648,0.169143198210922,0.180143307739317,0.124049976608306,0.0401840479559135,0.0688467939847586,0.166834632391811,-0.243797378598568,0.0140772519203492,-0.200805843235876,-0.128532819994248,0.228029221382959,0.134283604157458,0.0684314041915683,-0.0607096296434723,0.112816511529025,0.0872784273659192,-0.00892767760483895,0.110677969590249,0.103919879331281,-0.0688953854796183,-0.0798398308129357,0.105205597147291
0.137208520481607,0.248225685298724,0.601056619410016,1,0.474867307519047,0.602091223950939,-0.0871396559069977,0.16018595889713,-0.0277293005782472,0.309686427363032,-0.0384101587934204,-0.0250854229426116,-0.0437051622458527,0.054938888888118,0.637460321578418,0.667878332911074,-0.0718024457417632,-0.02002339840612,0.409285790423907,0.501012731719715,-0.0750699168476574,0.0999308657038109,-0.149189583339925,-0.111634995640442,-0.101931149932577,0.0277970089876549,0.00272153165285902,0.0475371673057531,-0.0872493917311684,-0.0873881376568088,0.134900010466128,0.10611822141616,-0.00913405744625092,0.043309376141345,0.435728114106426,0.450475358490244,-0.0069255539947121,0.065329539504536,-0.0643111401647565,-0.119847069118306,-0.151720013660333,0.0355005741989692,-0.225355535341726,-0.238401579137638,-0.00161220593893533,-0.0468509912273163,-0.136831252776797,-0.189446136016459,0.0413378718507747,0.221612993786782,-0.0517348643745606,0.0260232816119681,-0.0836342931109262,-0.127185733692681,0.0935826178388954,-0.233995131113584,0.0442660533391328,0.0584383068376838,0.26266315735854,0.381750245840927,0.122747494496792,0.336259539436451,-0.0285973204399667,0.333379582811606,0.288217421159157,0.3271817484871,0.236242537165868,0.322329758594477,0.469304428164277,0.388627072788372,-0.0182275114222422,0.04699989137206,0.0812429501978958,0.215684548824568,-0.0652620031697822,0.0454372254478956,-0.260626663499253,-0.0894891664488943,0.0222941845672612,0.0431351441952066,-0.0547357099956383,0.0856650996720899,-0.0332612882694636,-0.172861919573243,-0.00119472705561177,0.117621187945973,-0.059593934364888,-0.207792814448519,0.0273608447778014,-0.0745947999266669,0.0662013524075416,0.0490405879429924,0.154867116945371,-0.144002303858625,0.0677490894965945,0.136038977746412,0.116893540741144,-0.0468100239479163,0.215898132811712,0.148125523971235,-0.0683937763262019,0.0276759356295374,0.0421379547640776,-0.0212991674903636,0.189619495676821,0.009532411036783,0.0101464828380731,-0.0572915130355711,0.0499754220933131,-0.0953504370383098,0.00907031734200682,0.153439219343596,0.159883680058875,-0.0121318085315466,-0.109781246308702,-0.0730143772651879
0.327532464692158,0.0361689784606485,0.669232970099659,0.474867307519047,1,0.455825334964225,0.317405088022864,0.1765286710683,0.531892803393146,0.456912283332467,0.161850525985228,0.0649141159224729,-0.0299085133145773,0.0602252718156259,0.317120124226079,0.18825143959427,-0.0211327224770513,0.0578168312010835,0.283998381162867,0.259691884999553,0.148022076294982,0.119683361296541,0.032571561234009,0.114310753801506,-0.0184713980769436,0.0134278151857558,0.244508095089984,0.195329597450621,0.0842258872622783,0.0442661951730335,0.367268107594146,0.222150404745306,0.00445090389808761,-0.104105678426872,0.39641359186379,0.340423539814691,0.287887778517772,0.193214833958989,-0.0527812838622715,0.0074091776027995,-0.16514775829923,-0.0369932551292166,-0.179576785547791,-0.174602282732635,0.0842739241789706,0.0797130284947346,-0.173702621911904,-0.112806850152366,0.128829580520121,0.227722121812594,-0.0495611261614585,-0.0228698593434358,-0.173323404662735,0.012239754083652,-0.117361579994937,-0.142348664750495,0.228513353854407,-0.0160404172615882,0.459054764855573,0.250750120910949,0.528840250750145,0.227477634650967,0.235058207695452,0.108926152524502,0.472221825572613,0.427782023026264,0.376777462137998,0.309244980926163,0.0947032413198197,0.016473422610881,-0.110102235925423,0.0209808574576133,0.031855066676101,-0.118006318994838,0.0204242194501117,-0.0636483467829384,-0.144613244810357,-0.110527924263252,0.00413068143548278,0.100465306259697,-0.0952522551378132,0.0107540074110062,-0.056631629806542,-0.121065592834301,0.0261304875893453,0.141940416982796,0.00240617187474047,-0.0677817467046955,0.0817992190608555,0.151730082103187,-0.14674012957237,0.0834288774521612,0.114113536321214,0.0967107782174468,0.0804711153434483,0.0223652445300795,-0.0306706715363137,-0.0636008071925483,-0.0851283622406735,-0.0063321767814244,-0.085085640743797,0.0891034057272752,-0.0711435712770535,-0.0513163655609213,0.214736337931394,0.127975559630355,0.144867936070771,-0.0278296322941954,-0.0857062953862809,-0.0920603591421616,-0.108038337899266,-0.117123729598913,-0.077901902131187,0.0457426608129999,0.0308072021582482,0.0533632533111033
0.272510043686991,0.259107450319834,0.239770044460785,0.602091223950939,0.455825334964225,1,0.0873379206535661,0.387671415520605,0.171659626594787,0.64905281863946,0.100610463243302,0.137887825917889,-0.16266109610026,-0.0354465166859597,0.229138501671468,0.318928953664243,0.076482664841242,-0.0347591133520202,0.0221297371927578,0.143569118869593,-0.20142270520392,0.179428443651166,-0.0659397001150699,0.0104071885410854,0.0306123931190464,0.152345181433258,0.274285938713748,0.48704569728238,0.0221033762348781,0.101455613493258,0.0701750223311011,0.182015173117035,-0.130724945280323,-0.135553431482429,0.226141414563518,0.225454824290102,-0.200558234084277,-0.0394989111681246,0.0313526221831402,-0.10859864474518,0.0277745647430828,0.0252383155146215,0.108452881148422,0.152761707280365,0.0997692667776802,0.192317218924631,0.025681024547609,0.00819169255211273,0.214295150139855,0.406918719034832,0.2707422874871,0.31017878989185,0.245190293409225,0.117366846949147,0.097940381136442,-0.110343905368422,0.0762053547223544,0.083199569932497,0.234933033217781,0.54643148375593,0.0884532318147359,0.39986262452698,-0.104209908632102,0.297999915481278,0.0609309766094503,0.237423935882363,0.036432285502872,0.258202125633702,0.0722802156120067,0.0302053368667475,-0.0561917854135832,0.0125022769595695,0.0397310522947223,0.12783207957568,0.172765483449014,0.188471136872279,-0.168069587513151,-0.0966150470610247,-0.0547723944296588,0.12981946789095,-0.00279880586348102,0.148445012097893,-0.102764938828191,0.0103544316578338,0.18653824245837,0.292754285048048,-0.0510949164459447,-0.0116588745062114,0.165533715541203,0.134473817828557,0.0424698393742903,-0.162413640680144,0.377692301167563,0.0117900312111773,-0.133242160440203,-0.115150745582678,-0.176563816638008,-0.246552255999131,-0.0863480714530757,-0.202653382325624,0.306075186509334,0.0529096657155888,0.150907906626792,0.0365159262500002,0.190085634823206,0.0363412241729459,0.125355649897483,0.104981813195016,-0.118511699427786,-0.199548393457458,-0.296807717747695,-0.222398469729011,0.021848418878307,0.178090388773426,0.0855946701873246,-0.0989180882413579
0.287571274898639,0.0326634544468485,-0.0160096004827281,-0.0871396559069977,0.317405088022864,0.0873379206535661,1,0.355598493175076,0.737265790023147,0.356819856151385,0.110552750417075,0.37355160024523,0.412827915601445,0.334690342416488,-0.0848955184398033,-0.141353660542628,0.0258034944707353,0.131070038147747,-0.107568744644399,-0.176046886146302,-0.0509655697281398,0.0753976736393507,-0.0429189006089656,0.0141018733936199,0.167917064583998,0.133816564416741,0.214259716278419,0.0697365478295029,0.171861022666942,0.148250537274858,0.0239949720374853,0.134065480395828,0.341126962675968,0.351712107312457,0.0287532142788988,-0.0224009007138338,0.0246797517327858,-0.034899465930195,0.219230196489517,0.267739565522764,0.262090906093627,0.103881940878384,0.0277037296869826,0.0955334897994287,0.0617473617762357,0.0533341523061934,0.219669600524808,0.221591165266031,0.0397010294010338,0.0399578086382297,0.0884414464331136,0.102400473553661,0.204423449221801,0.268205400641803,0.313276280442719,0.338436442906641,0.27653098786796,0.135323468601153,0.0306410712944338,-0.0899441996024866,0.274090421361968,-0.0824425446303571,0.647463424778619,0.166930595547902,0.0202775513929644,-0.134981873906706,0.0381665503452626,0.0897107193325575,-0.255163890066023,-0.10203651400843,-0.109129720773409,-0.00516283454449858,0.0670447639083262,0.0702353095977555,0.158405450116008,0.0953830078180497,-0.0870682326369416,-0.104181553557415,0.341817091443305,0.335235194371045,0.271427564650015,0.193487783406925,0.255855327679152,0.366486837599269,-0.0544789853304474,0.0473403657654849,0.0487112905644183,0.219576934484625,0.0112491388863169,0.209908268343836,0.0163091597114951,-0.0287239341779252,-0.154150328493339,-0.120639385302878,0.201881801892813,0.169993927098625,0.118109355931129,0.157352294272378,0.145141346584069,0.0585184547741012,0.0212948049991191,0.0960254998980133,0.121470912537522,0.147916319852577,-0.024399964246449,-0.0154705671005473,0.00627863111194781,0.0206103336753335,0.157261299818468,0.146725520201384,0.142617901226979,0.105673835564584,-0.0178397136102541,-0.12892276513428,-0.175882907724128,0.00288551432336317
0.206165755524128,0.22773871014842,-0.121950976237619,0.16018595889713,0.1765286710683,0.387671415520605,0.355598493175076,1,0.371089653086159,0.561950396787293,0.127821017213814,0.181015458508531,0.038683395227482,0.0958810916858104,0.0279974379447995,0.0994385339049081,0.0746305403153972,0.0565901841835645,-0.104537904852549,-0.0727278236293202,-0.0781711937885265,0.122724756950305,0.0733917041295286,0.194164204233817,0.17885925318706,0.187956291333403,0.409625765355547,0.299557425550744,0.126082365333105,0.299956323910421,-0.00484831793776756,0.138801943536866,0.0878480157101162,0.165920373120016,-0.0456281461723659,0.0998364689264543,-0.282532043115773,-0.0187183602260225,0.155438526178016,0.231217449185542,0.226725142892475,0.228769987642662,0.0220750611851716,0.116331688182986,-0.125877813468466,0.023924726987276,0.233821775762047,0.32604842708094,0.0982273425368709,0.116153882050628,0.388001678653343,0.373194984292448,0.440094394845993,0.39367117164436,0.42603030828157,0.382379697467247,0.131951658584986,0.199835247140697,-0.0241426349399652,0.197883090127736,0.172982013723062,0.230885692153725,0.115779857026693,0.274099711106457,-0.31029735683293,0.0105372004597907,0.0169820904228348,0.217795851941674,-0.146748074986037,-0.0197615780496249,-0.00213245916837954,0.0740697017124052,0.0595713989542738,0.159606357642016,0.232591860500047,0.210668171947132,-0.0978888121547555,0.00676216146089545,0.00635702229495031,0.106406636079037,0.0682575369496313,0.0571397778304748,0.135102847027909,0.329592511035286,0.201195160997652,0.29297622792441,0.0671103803656937,0.283692262411535,0.212244732170865,0.236256996034484,0.209507994979678,-0.0415144116507278,0.0217376807924513,0.0144966985966104,-0.0697121069311076,0.00739671616049262,-0.073537573581266,-0.062074434045744,0.0736057109649293,-0.0223725581427836,0.178077377039587,0.194100083622683,0.280636863921279,0.255832441441229,0.00379621190466693,-0.0270112245275009,0.072542105479573,0.193402563363096,0.0635346342016868,-0.181502286892007,-0.0459585357218327,-0.018402294038286,-0.101760697269782,0.0624301016685518,0.0292180269314456,-0.0391733474086465
0.148348506120165,-0.0779481245518793,0.170182839580482,-0.0277293005782472,0.531892803393146,0.171659626594787,0.737265790023147,0.371089653086159,1,0.560747641199534,0.307529142839743,0.368481795458359,0.229498265111888,0.320724083890347,-0.138666322212437,-0.266458866608939,0.0423830016678083,0.0983767093246824,0.093404489370672,0.0440904998617896,0.188676700659256,0.134768292889708,0.0107390646080612,0.0575702328081753,0.119684601133081,0.0373340913995721,0.250703098743671,0.243290359339839,0.245840029416754,0.161347249976127,0.347669670547465,0.246042611433154,0.19257119074199,0.148451459542874,-0.024750657904276,-0.022565801423458,0.243892393056298,0.231311949918071,0.151032047373461,0.262372409571979,0.0981293482439241,0.0794140795920679,-0.0734126555559056,0.0208737492944331,-0.0293348731404675,0.067092789094464,0.0824191121574924,0.229809405738964,0.00332553599548505,0.0339196057129108,0.0305500910372397,0.0598407366519861,0.132386362487051,0.282140878748106,0.167323536973685,0.335354908609945,0.101704735216404,-0.0474130712047685,-0.0343663237857351,-0.153993171397534,0.187048664800525,-0.122426182092952,0.38767921800422,-0.0877226490521045,0.133178330406993,0.129176014681519,0.0213467467968599,0.05127527873669,-0.363086311750928,-0.243943787815143,-0.0530183102484349,0.0528428328076341,0.10577932786373,-0.0364089714429493,0.0428709877564133,0.0626501134084174,-0.0327522867227097,-0.00089804871736381,0.195298373649188,0.294602558672917,0.0467871739699424,0.0854441138310009,0.182008356228621,0.269291516539812,0.0898045061380608,0.166832539779128,0.109494820934665,0.337161270267495,0.174252875211749,0.326287587906899,0.028009950612892,0.0655999692368486,0.0570391339916518,0.179563112500468,0.0549045009488561,0.0295446212737032,0.0191782401519353,0.0461578706607887,0.0164891124818277,0.0245792122068924,0.0645481366009875,0.244798466937504,0.00798593025063424,0.109446096826816,0.0912418626426064,0.0579093899213961,0.0184344330328556,0.0317693612040568,0.0266031485271882,0.0607904385426416,0.049934504304998,-0.0330287546214475,-0.0244106080735246,-0.143518448253913,-0.106358527634883,0.0245014355941871
0.0849435147746709,-0.0240748892743223,0.101270416139755,0.309686427363032,0.456912283332467,0.64905281863946,0.356819856151385,0.561950396787293,0.560747641199534,1,0.338681018330971,0.336967219312416,-0.119543068471808,0.0583060544840253,-0.0550410385718553,-0.0567650445049069,0.181390391475703,0.0666980757620007,-0.0171067890797918,0.0566925705893274,0.0213996060144473,0.307401839464445,0.0703476326237636,0.152364547184465,0.191129884433088,0.21525631539561,0.397011570213547,0.403686466407422,0.17923358880939,0.271414520565544,0.321876171719394,0.290534242628505,-0.0689384644885457,-0.00853536154966236,0.175316267552747,0.235945628097219,0.0152293831857414,0.162915926449502,0.166649051925278,0.173060515239003,0.0342479747213546,0.14231680852295,-0.0754971028426154,-0.0277334081931187,-0.0450587188073106,0.0909966365253098,0.000984467455116531,0.0805353360972439,0.0795471648201793,0.218309392049662,0.246024230775107,0.291704960992723,0.380341675440886,0.32021079733633,0.20499262419071,0.227479564387489,0.00465720286404735,-0.068896474089418,0.0696860100765358,0.235732711350281,0.184567095135232,0.280998418404417,0.132327426354733,0.238589052290455,0.0406320493453636,0.317056911356547,0.0177994088736336,0.225581076176522,-0.226621162177605,-0.170204270911954,0.0808096659176605,0.143261062891197,0.060588345133992,-0.0197776733335985,0.210568020449885,0.292697085429546,-0.10872419395373,-0.0580781565910978,-0.0562626537794023,0.174534377371619,-0.00397498235302998,0.0596928688183928,0.128106767415216,0.247151380699791,0.228972137441017,0.339014784094271,0.0925254852748423,0.277764649017374,0.254410971996816,0.293299061720031,0.119139478677516,-0.0729084968558104,0.259222236150909,0.123026424098037,-0.114655197717808,-0.0093983745119571,-0.0356017808822898,-0.0934784669604676,-0.0280782573205553,-0.0925883532757278,0.233820057240145,0.12142679241231,0.0557559831131009,0.1506797583672,0.215869355351938,0.120871461288661,0.0402419143552403,0.0463123827202587,0.0437103108342412,-0.0153403580596401,-0.108878828563813,-0.165972330123693,-0.0528007485750011,-0.00137406448063039,-0.00356928451541097,0.0102745361577288
-0.115247124649877,-0.190989477653284,0.0642655187921372,-0.0384101587934204,0.161850525985228,0.100610463243302,0.110552750417075,0.127821017213814,0.307529142839743,0.338681018330971,1,0.45276818944075,-0.0296456246706862,-0.0168162582897911,-0.0175202217408765,-0.164358995097119,0.252210613328364,-0.0162649968843105,0.152438858760356,0.0602136526418105,0.115849300188277,0.156385072840924,0.199775204379215,0.217228527838724,0.0406744553327412,-0.0433257338983356,0.299082171060993,0.144315376365991,0.461172158129609,0.323310080351178,0.490406227590742,0.433834664395053,0.187300313659295,0.153866616728808,-0.189998008681448,-0.140832822079447,0.13867597360568,0.0466854326377559,0.186382701708234,0.216019200866239,0.0548360198726609,0.128479381002703,0.0947704567127368,0.0658673208114019,-0.0916515023854439,-0.0357068449589269,0.173549913028414,0.171734391192981,-0.181942967483495,-0.164020032622291,-0.053598155282674,0.00329586777326797,0.267338814567993,0.197846270188447,0.283760019772067,0.197688247708306,-0.142571091045263,-0.192413286283766,-0.205873750890042,-0.117527617350834,-0.219732035717457,-0.0492317985677833,-0.0372663322892932,-0.146177023054014,-0.0079519383832143,0.0561604513170228,-0.158960532844035,-0.206195567834644,-0.152156696883758,-0.180520618364655,-0.0482900572089965,-0.147699100836486,0.27328517654746,0.013296831288559,0.323825983208997,0.397641403283197,0.218664237700755,0.155377201022388,0.192765855484987,0.0944081190144053,0.206820711330703,0.0518236964092609,0.400960587753952,0.207626441375641,0.219199269351739,0.229390871712118,0.348081636994203,0.4631197999712,0.273052738147602,0.260054953021303,0.0184354802144823,-0.0678104081241347,0.083918196785658,0.154601381060374,0.0291954496490774,-0.0131765878026046,0.149766413231139,0.0624569483632104,0.0192718702405957,0.00600104827628151,0.0755360707768724,0.0770652059542875,-0.143675663181869,-0.0266172861343614,0.0110576648919648,-0.0487626194045702,-0.158013479593295,-0.0754294620661523,0.0265710735366333,0.215432583784093,0.179760777312025,0.0369907092433665,-0.0504947036591444,-0.0221379245407744,-0.0273039362231856,0.174581704101548
-0.00866400263263645,-0.191903059232921,0.0475812100411183,-0.0250854229426116,0.0649141159224729,0.137887825917889,0.37355160024523,0.181015458508531,0.368481795458359,0.336967219312416,0.45276818944075,1,0.113462456424028,0.00434084958835624,0.0149772062131235,-0.111557659660172,0.275209122327331,0.0844935093547818,0.147565162883137,0.0450372183884952,0.0586561629719154,0.227850444817645,0.243862501359181,0.200489163922891,0.319793703848969,0.239754154379277,0.258143027966982,0.218981858533106,0.573204979030662,0.450021360852824,0.293950953166826,0.469717058345489,0.0997308428369184,0.31485398845742,-0.110283670428933,-0.0862144379085277,0.235441477001731,0.0879933084661459,0.174052525688086,0.261599157915066,0.175841444747855,0.173569025254255,0.184621367469199,0.20202825655343,-0.0536168841575508,-0.0215693067010658,0.201965512727298,0.257123045982023,-0.11981754548996,-0.0603231946040112,-0.0543635749981802,-0.0345007882516623,0.206963713412443,0.330750570601087,0.299011536069134,0.276730042892793,-0.100346348849906,-0.238022546158462,-0.116615102730392,-0.108031605720861,-0.0978005228129122,0.0373330690567076,0.204019753995271,-0.0834197307468118,0.112095953397502,0.0541737751278742,-0.177113170931831,-0.21254322031274,-0.17010186901182,-0.147126427527096,0.0521649167289374,0.0139875208607395,0.113959830999554,0.0464524755470923,0.272858720504213,0.22335591230975,0.193059704376575,0.189220083015132,0.361399053589975,0.302029172545889,0.246830718983691,0.077662027987927,0.521303479237273,0.320158577835152,0.116125115506467,0.146735876827408,0.143292027518513,0.379175941160174,0.116563073257416,0.343394619605904,0.0494915867562961,0.0649526257637574,0.0128167134201808,0.0472860388209545,0.227960564669863,0.18905685263462,0.183105912061303,0.223734262828364,0.122228871631485,0.125378031707379,0.218791473279411,0.0415861299719846,0.0219140308420108,0.0793672702725085,-0.0340854076401291,-0.159499262900388,-0.206647645945403,-0.130506048208024,0.271862286937695,0.377599609874315,0.206677732001292,0.125719250504315,-0.00869781829984249,-0.0785106125068577,-0.220324877236897,-0.152615888845992
0.156391083622432,0.118443279484369,-0.00230988856731558,-0.0437051622458527,-0.0299085133145773,-0.16266109610026,0.412827915601445,0.038683395227482,0.229498265111888,-0.119543068471808,-0.0296456246706862,0.113462456424028,1,0.621061550380277,0.0229193939196798,0.0494640340259033,-0.0436686316353879,-0.0764665216850247,-0.0485632376409928,-0.14031091428158,-0.0618488858257712,-0.211346664577168,-0.260649430036286,-0.135278012477739,0.0522634759467562,-0.0802833665623351,-0.110361740404153,-0.086570065622173,-0.0533646467363277,0.0216592264118047,-0.058181176285443,-0.158981004973721,0.737453768695775,0.624450186480886,0.0256861667786571,-0.0112169215640928,-0.0295555523206998,-0.0354191435921423,0.171610260848355,0.199843677435344,0.109789056904181,-0.00153203500601785,0.117572486605898,0.185786854945501,0.237402927338413,0.185717570136592,0.244393099824476,0.177853065389539,0.06665344844521,-0.00230618360419263,-0.0648718920513332,0.00443431924640559,0.00628129372555912,0.0489951401110126,0.257420352047466,0.254590560583412,0.362574807482259,0.288238901659652,-0.153860661800783,-0.306351453797149,-0.03282566176637,-0.320867553644594,0.435712031159313,0.255788615160354,-0.143352699048822,-0.36557648900473,0.0980256800483709,0.125541623226183,0.0251783555810283,0.259809630418943,-0.206659335850097,-0.0821626530084998,0.171027992112099,0.26004423299921,-0.0169841697347875,-0.0938143550044972,-0.0256823342172967,-0.00926253184223761,0.463220915491921,0.580524855060817,0.546630203630486,0.53925726770911,0.113361012083641,0.389162832189889,-0.103224916457656,-0.107295801766781,0.00511462530435482,0.0939678742244754,-0.0191057218941033,0.0994580530311146,-0.0890186262227407,-0.0892233638849181,-0.363343043343872,-0.325475150690137,0.106506810595271,0.0520140113680177,0.151063845249794,0.0726445578371054,0.221736436426941,0.0932577621026813,-0.185727631838109,0.0150719197994475,0.118548109657081,0.0254785291710452,-0.168968062279698,-0.125115644193404,0.0264961035584401,-0.0398136179345724,-0.00156410125959908,-0.0658386785840629,0.149812283737276,0.150620843092278,0.0364188750504187,-0.136791956156712,-0.132872704619699,0.0722113980670861
0.271731681269944,0.387038818052703,0.111795600805022,0.054938888888118,0.0602252718156259,-0.0354465166859597,0.334690342416488,0.0958810916858104,0.320724083890347,0.0583060544840253,-0.0168162582897911,0.00434084958835624,0.621061550380277,1,-0.0123710328075738,0.105078231993346,0.040758985643317,-0.0621337185633531,0.018450931852786,0.0109036252658831,-0.0633379609382372,-0.260683488225775,-0.276447560267272,-0.119033973228944,-0.000674424270345117,-0.128445987268152,-0.0339271158924628,-0.059284159197574,-0.102218327301889,-0.0896950776676901,0.060090542090494,-0.0854998696681205,0.469863058598069,0.538127031050367,0.0743552668591261,0.131898442145338,0.0612848360689084,-0.0274693465687897,0.255358206769745,0.244912134542822,0.212073273934858,0.0874050050784395,0.173245507080828,0.245756483463498,0.477752029464611,0.452239943537377,0.303019015127835,0.199399236206445,0.252735925609227,0.205613283232963,0.155521286073512,0.19854086028969,0.14088363502245,0.0336811719479093,0.273652882625356,0.258563793777077,0.517831381243426,0.465888865392515,-0.0212445301147706,-0.260013303999877,0.073533475116511,-0.279350006282576,0.363468263926674,0.212135622546725,0.0515598558262688,-0.165320662448514,0.13303477191518,0.164434503361992,0.0749585938685352,0.271259831217951,-0.161222088503097,-0.0192043791566116,0.0790290301661424,0.196204080468362,-0.0670450175042803,-0.151986007163734,-0.239418251686307,-0.280434446376497,0.296353217450788,0.697422663467465,0.516850819572625,0.691790803765089,0.226231400848698,0.405343294356049,0.0286733388820668,0.056199421824475,0.244894562732246,0.161897780647402,-0.0149597121372224,0.0423175326728349,-0.15262015136334,-0.167953008710246,-0.354531935845543,-0.337861487290789,0.101047977997395,0.136029775022331,0.0839139769131728,0.0284827109716479,0.120101156755863,-0.000756263467909169,-0.105407782402912,-0.111046259302233,0.113019195567557,-0.029655753731729,0.00327382377016686,0.0467692856432314,-0.00387829181858387,-0.156566135272193,0.111527277018382,-0.0351283516012573,0.0602735404140931,0.126799953045244,0.0417464373045872,-0.160722374843163,0.0484266919943171,0.253041247061305
0.276560346629476,0.31186146235268,0.566670288420704,0.637460321578418,0.317120124226079,0.229138501671468,-0.0848955184398033,0.0279974379447995,-0.138666322212437,-0.0550410385718553,-0.0175202217408765,0.0149772062131235,0.0229193939196798,-0.0123710328075738,1,0.848782794870902,-0.143256992317765,-0.0924856862605711,0.508455947381734,0.433736740063235,-0.160234962896596,-0.120558086110845,-0.111675780212888,-0.0836796347692335,-0.132848782770249,-0.0939312674702818,-0.1998870201581,-0.175017870959218,-0.127102802696807,-0.171287165366103,0.0872442011597354,0.10855550033704,-0.00210511886669046,0.0494137324025122,0.351568624385411,0.338992147739429,-0.0317187249299949,-0.139646482450132,-0.0969565106604322,-0.12334632447187,-0.178874527450031,-0.130055365163854,-0.148382193962247,-0.27974763728781,-0.025251499291228,-0.152003710194054,-0.0580741572232611,-0.254225074431104,-0.0451768506763513,-0.0120922421993885,-0.185823982838388,-0.228348599987035,-0.252512041403717,-0.296244173714869,0.0716047235727305,-0.310579304847606,0.173402547605901,0.119334074129199,0.355862670290922,0.287005315779878,0.193758960616331,0.219682173157356,0.0669301382404976,0.250603226373403,0.252142389379715,0.0899818346353399,0.2484705169599,0.0858925343533067,0.746151643450409,0.599413746622467,-0.110878343527743,-0.144265707158904,-0.0524571152644071,0.0714142518118991,-0.0595383338988566,0.0165126177094933,-0.334214582754344,-0.289286573893481,0.190629203911732,-0.0193437511170433,0.0855482435056443,0.0212311497665444,0.177324719563844,-0.237439471242337,-0.0556536614321303,-0.095504741665355,0.013644665370526,-0.247723753418276,-0.177458237326269,-0.20798972750856,-0.0242838689009514,0.00160228724730442,-0.155571178309872,-0.289464488282095,0.197987305210445,0.340836926765175,0.277611936695577,0.170146499522521,0.309205410287964,0.2429224406552,-0.16022990776254,-0.149947252612455,-0.0177206822953139,-0.0857817567189013,0.0419710546938968,-0.123679192022597,-0.0746026607733988,-0.102371794521283,0.25790636728428,0.124687214769048,0.116533057515402,0.361845893540891,0.177794922910231,0.00776277679038494,-0.105408206840877,0.138779267005212
0.41198329082268,0.602593675349047,0.409908269282902,0.667878332911073,0.18825143959427,0.318928953664243,-0.141353660542628,0.0994385339049081,-0.266458866608939,-0.0567650445049069,-0.164358995097119,-0.111557659660172,0.0494640340259033,0.105078231993346,0.848782794870902,1,-0.128441540496601,-0.0811020046233663,0.274818106892841,0.267896184002857,-0.264332125605428,-0.1837773890076,-0.157309534916655,-0.15798484320347,-0.107587577312547,-0.0352770173359066,-0.16409569046935,-0.136530893296735,-0.179317062992589,-0.187639348142227,-0.0757845983273172,-0.0668107447172454,0.0432526352434495,0.123690126553889,0.398586573050114,0.39533852444679,-0.197613629664301,-0.271869890813236,-0.101193145159674,-0.131162371404851,-0.0870677045734104,-0.0759516115672127,-0.0731834317756005,-0.14110485480126,0.145675271837046,0.0402186678187773,-0.013864979767607,-0.20187628611545,0.155057678101147,0.19187761599239,0.0418120762252309,-0.0521236327261967,-0.0848115655396936,-0.270674283420001,0.115101288261589,-0.259960317756279,0.306217712853825,0.403662468397067,0.426062976181214,0.422031114471075,0.179554829163939,0.271548297767149,0.0404456953583428,0.446443512967518,0.156497941237165,-0.0587103753091051,0.365312871739355,0.255689152282066,0.751288114667369,0.723816009264705,-0.148000597444861,-0.113951685579908,-0.0452028718554138,0.163459633442514,-0.0455322426328696,0.0300638075021326,-0.378426400872598,-0.305513641664424,0.0654273668196221,0.0474743584074914,0.148106648072089,0.205658385671009,0.119625512468465,-0.0840437565622202,0.00727252087668916,-0.0367484771021072,-0.0564668475685093,-0.333703621161355,-0.113704968308406,-0.244895787456429,-0.0588049548746183,-0.0760554441878861,-0.108228547121602,-0.336308657215179,0.161118954740027,0.222133570957045,0.199723449292139,0.0767794647127385,0.254839101494799,0.133362423970292,-0.00726477308294563,-0.0955643781228559,0.190182569603024,0.0362233788254745,0.0680458501065894,-0.0544279105012916,0.0522998749397656,-0.081406609449339,0.16857973421722,-0.0298139834383789,-0.0094214173868085,0.254066350186382,0.182662006408814,0.0803121267455777,-0.046178936312293,0.0449139028585763
-0.000804629417437163,0.0661380241007852,-0.109987420560571,-0.0718024457417632,-0.0211327224770513,0.076482664841242,0.0258034944707353,0.0746305403153972,0.0423830016678082,0.181390391475703,0.252210613328364,0.275209122327331,-0.0436686316353879,0.0407589856433169,-0.143256992317765,-0.128441540496601,1,0.338883713578201,-0.133922179955857,-0.14808155473104,0.13248410962902,0.267817286977503,0.408641198481341,0.435273276045336,0.520876924890113,0.475293725033058,0.40433585496712,0.285331806692684,0.516889234723647,0.566115270822969,0.123178909785287,0.245400755134507,-0.0869063502070269,0.0212594429546691,-0.27609455808545,-0.220670106354073,0.0889177030699739,-0.0019382125370025,0.491490055690582,0.369675967782346,0.240903442525806,0.198585015863737,0.377806319133742,0.250248432576139,0.274951520207811,0.277451725823117,0.307357437140514,0.18598817937808,0.146652626540364,0.0562947167786181,0.348241034387292,0.170603586704019,0.347250517673291,0.427307561506382,0.240962343967835,0.172065022461468,0.0684610312358534,0.0525356647557397,-0.070621713750207,0.0454069156485995,-0.11260971905048,0.0849424507927806,-0.0587741924090921,-0.12480557877778,-0.00877843226090234,-0.0168542489245893,-0.0422339774675012,-0.0575060050440553,-0.0821794202707392,-0.0417588882858932,0.282078281975255,0.258879613969349,0.298122957652524,0.119315563472232,0.511549741418163,0.442357027071579,0.0981882784234906,0.135820148523018,0.130919293877342,0.142980907360312,0.198584755149966,0.0423895783227438,0.350398378686155,0.286722562338265,0.0834973290192052,0.111041951249972,0.340226310313764,0.21921921897149,0.211725014585806,0.280048007922784,-0.289661913084248,-0.234221091561797,-0.0861196115981545,-0.0879998346977877,0.0244626859710335,-0.00601314521255256,0.026387664751056,-0.065562428247726,-0.252620314882312,-0.225116537030019,0.269195670356897,-0.0621612463655764,0.0189410354671054,0.0225210381247336,0.211341810252728,0.150085875135752,0.0457015586393463,-0.0358465680144375,-0.152588661582691,0.170832459845595,0.0192614790150638,-0.110035744332168,-0.0928165310799988,-0.0152987406348217,0.0578525928964113,-0.0281181326323099
0.0963487153724995,0.0607754925344517,-0.0743905052762994,-0.02002339840612,0.0578168312010835,-0.0347591133520202,0.131070038147747,0.0565901841835645,0.0983767093246824,0.0666980757620007,-0.0162649968843105,0.0844935093547818,-0.0764665216850247,-0.0621337185633531,-0.0924856862605711,-0.0811020046233663,0.338883713578201,1,-0.0965340225099127,-0.153434535237186,0.0462880051072505,0.111726931607774,0.35073021851948,0.341540909316482,0.530953151485209,0.531602647794981,0.286374201236911,0.242802104038648,0.27814459475607,0.450024588483901,0.158636637674835,0.269702357573108,-0.100595312014304,-0.0134657757358804,-0.00508309026735176,-0.000386715997101484,0.0480418486229698,-0.0221854996461761,0.174835257941412,0.32749493402871,0.0900155692884093,0.218983659880646,0.0683363134706896,0.0136292089499144,0.116000176848462,0.0379667127197939,0.139972829928281,0.140844208848174,0.0648801520178895,0.0501009138874119,0.142940439215452,0.127097325797233,0.0830073133217393,0.349266486909531,0.0838520620333871,0.139879600806866,0.178034054717265,0.124370132745124,0.0777441463250652,0.104616041974182,0.115779404909295,0.160523929575939,0.154719080923482,0.0788635819993038,0.0106189622258311,-0.0670170841569173,0.0751740333104879,0.0771613797436447,-0.0715616931672651,-0.00350953543132445,0.227579954041493,0.3971027758432,0.106624059009524,-0.0145774397937609,0.293856052127265,0.159975347885263,0.023064579573553,0.0644239875167403,0.0559274952829536,-0.000441478917244202,0.147901270003513,-0.0027106502892946,0.193328184686332,0.211347501610822,0.100298453952166,-0.0182202938036999,0.218599235663922,-0.00822708105975773,0.0517775182217572,0.173815992891013,-0.271626644806307,-0.0915382004026623,-0.0816890361107062,-0.0963896389553583,0.0117027938706504,-0.0319835664951133,-0.159338591996103,-0.0907336467128672,-0.242160400449517,-0.177767499089267,-0.0242001704501231,-0.0710984175342903,-0.0383388024061413,-0.0554821125883118,-0.032363227491467,0.066058627200464,0.0759114241321686,-0.0545937547318285,-0.190423693661498,-0.0783100319872199,-0.110619906980593,-0.143694950808301,-0.181581242885207,-0.159953563322777,-0.199553115536062,-0.303643075597579
