1,0.673854080204259,0.458942931437805,0.335250084141993,0.324916648797376,0.357575663611984,0.524301221678943,0.448196201399124,0.396073034169619,0.326500480756526,-0.136758604098012,0.0589613909376949,0.393681728204259,0.427622535493888,0.57372056646863,0.529342946126782,-0.156148616079656,0.0448623383508698,0.308675031311853,0.289795649405537,0.13087219724466,0.116854357353699,-0.0428350057422652,-0.0905547857502829,-0.0961953288390972,-0.130700411419539,-0.161610969467386,-0.22086719290463,0.0861425502290275,-0.0497893763489334,-0.187562454454447,-0.0515611725005238,0.198126814575706,0.152475045418182,0.312489203657372,0.209635469216989,-0.012938300669308,-0.116980678603441,0.207980699875575,0.26832031763645,0.376405336063377,0.357875309930297,-0.106097526982536,-0.047815373798319,0.123600883200958,0.0140202909721,0.270545577854546,-0.0729747735511779,0.19825690796217,0.171216917111523,0.136865199569666,0.25683289327759,-0.0375655336051056,-0.371754351956927,0.10686347699715,-0.208615286376008,0.81203467522241,0.659710403412812,0.371758158896394,0.428490910179291,0.282868168046567,0.196952719978958,0.476546387796708,0.305057423943369,0.1582330280974,0.15024449770337,0.390256412311447,0.309895798899929,0.447514437747079,0.425241929448665,-0.320901928375089,-0.254189195790103,0.227961935595387,0.36557637046594,-0.0599690298515701,0.118619286704724,-0.172879425158193,-0.0615423174832913,0.363310514718162,0.304937563863874,0.46352402654995,0.473204914628051,0.172989890052565,0.270485856547954,0.248196030182976,0.141432835887984,0.153903742397691,0.23674336672179,-0.149646223453733,-0.0992595345633982,0.0508394991031327,-0.0458280424352723,-0.0358303850541058,-0.103342764036511,-0.0938562289530219,-0.0861024217039197,-0.0564738106989244,-0.0488493632307037,-0.0302690256705433,0.0437742465196351,-0.076943655822987,-0.0944781889952078,0.0939420897271872,0.0290108888445031,0.190438801568683,0.234117258537786,0.107582854170976,0.0693168161689513,0.00638735489276392,0.0537528712308152,-0.309738665046138,0.0703194411893845,-0.0148934953477747,-0.0321405347606522,0.134464971430932,0.207810682697817
0.673854080204259,1,0.368851839276718,0.358653454378593,0.186949252237697,0.340839725426927,0.304839389845188,0.406590207078271,0.27578311996039,0.405581745235147,-0.0858554174074581,0.222442638452428,0.184436815235776,0.29263525029023,0.644327892210194,0.767255775850809,-0.132882353911665,0.0372799074013323,0.345487520832303,0.385044114340042,0.0430903698754197,-0.030643438195083,-0.0370524656128339,-0.195037581215897,-0.0670528078808233,-0.165304963647577,-0.134821635503456,-0.214959139875147,0.0947190049654289,-0.113269935917477,-0.176273348899262,-0.0233305901919652,0.0914332645346415,0.153295766296282,0.234740465931483,0.270365786411006,-0.0767649276661868,-0.152974062434525,0.197697717110299,0.254204014419185,0.299040475527181,0.324774573281594,-0.177932768255959,-0.0653372827250924,0.0132687488804792,-0.0950422016888489,0.105956666501726,-0.203157708519428,0.0975722802244861,0.0309929188750707,0.0474730575276356,0.205882099713936,-0.166940187457999,-0.47048150088095,-0.0811630381093279,-0.280348521474459,0.530914429119072,0.740591313455536,0.088325486652837,0.187672231018894,0.183708367635384,0.283777792860927,0.279744275032251,0.305088833190708,0.121828722822734,0.157678995665046,0.101045285980266,0.0112912410617038,0.547220283235461,0.489253909705714,-0.235161430266306,-0.1444809946883,0.0964141607386332,0.25502241583172,0.0193453554618943,0.124816745624329,-0.282349527944896,-0.223881374245305,0.106395179427152,0.238068144304338,0.218313009155372,0.257776428626912,0.0911890940498732,0.151453353927767,0.135706555586211,0.0846424983101284,0.287896701366712,0.153984359280944,-0.0134038873968125,-0.235636006703155,0.128238428319854,0.0545654408043407,-0.0083980875006016,-0.118286276718921,-0.00852081199993013,0.0995843180370537,0.0547057235143894,0.0454292035898853,0.0126142356484567,0.160153635147417,0.0240495303498203,-0.0373808294439664,0.00743366698830667,0.0252134426818229,0.221957530959769,0.254062489881317,0.175988154683594,0.0937094062896939,0.0101594014226482,0.0449234435459127,-0.173797444915548,0.0675275953454353,-0.0288525436854664,-0.0498518491597627,0.176672820739725,0.312572691144948
0.458942931437805,0.368851839276718,1,0.788077765980004,0.566403886795638,0.445083153080201,0.154032510047996,0.0661416401052296,0.542401287103933,0.37940974829473,0.271944232296842,0.203317652019979,0.134739699161578,0.186973615041274,0.444068277195593,0.348942966111503,0.0815553784946472,0.17821411124454,0.81265606561577,0.775586559458162,0.631784148200162,0.571909089857649,0.229370760215858,0.05505322495012,0.150160914795274,0.154166628898994,0.017232008546965,-0.249630382066934,0.394194212354382,0.328031941271232,0.164489568116047,0.177622491452526,0.157526903593577,0.131638234217959,0.550891328906008,0.478444819262097,0.372393890986314,0.156090505823359,0.207408134737413,0.432742359284743,0.226673741202281,0.219547787922108,-0.0655512725296235,-0.126497916352673,0.205435989424292,-0.14435494726819,0.00811025905257944,-0.262644337048183,0.124185694345622,0.00308128143916462,-0.00950215150121506,0.0512739008659496,-0.24004562423536,-0.363784434628412,-0.0487718074791983,-0.290090363413682,0.245195015318341,0.197770689664954,-0.09281398696155,0.144858108194757,0.266387249357458,0.330587499526587,0.109194279120246,0.0216655776211624,0.590334957556451,0.509711808974593,0.286792544126568,0.210115511516509,0.136145679347612,-0.100895389373205,-0.0697851739990704,-0.0352781807681155,0.193985548857396,0.236266497938421,0.230786104722005,0.0962508977840613,-0.130709661526403,-0.0602987106624265,0.0388566621498841,0.182292333947239,0.120012238675598,0.247168653178134,0.0542329817113086,0.184713384892186,0.391752659116444,0.359415211897617,0.134415947698062,0.31209967654425,-0.0999040654208128,-0.0953027033842881,-0.0734048937473739,-0.0996458218149878,-0.0291408294273743,-0.156400868320608,-0.1945876196461,-0.206321566646574,-0.231203699063423,-0.21621951512224,-0.336977688884973,-0.226027649191299,-0.0879903617029229,-0.211402869132792,-0.19455751674877,-0.226119180159172,-0.019958631730941,0.0928934860078748,-0.211180298058782,-0.255922856244518,-0.0324511153356244,0.10345476664794,-0.358203644395224,-0.211914635183277,-0.275816192378911,-0.0783128778581285,0.17537852435836,0.139314094019683
0.335250084141993,0.358653454378593,0.788077765980004,1,0.405677673547892,0.557647611687769,0.0377753148338619,-0.0320807651009279,0.392892489261549,0.345666014188127,0.342742848566043,0.253302083186534,-0.00415943947390631,0.0610070975436387,0.438201798237465,0.385785269272808,0.0330766864900787,0.109661588103741,0.83574907598211,0.812525180956918,0.667465607155797,0.57427105239277,0.135441479764439,0.107455052562179,0.0144073998931777,0.0880897747756241,-0.0914745017916295,-0.155575365507182,0.252159511225625,0.360390133064568,0.202499253467158,0.157815154797204,0.0820765148948619,0.107555691655195,0.439670329536721,0.422240143248442,0.415499696819434,0.239527653282095,0.169878838016162,0.488568191293617,0.294024894853969,0.291655651139475,-0.0502423982656734,-0.155507033526482,0.135854262434952,-0.208269289022488,0.00203963250893214,-0.146436006169861,0.0165086429842211,-0.140703411592524,-0.118830459469217,-0.113566159524132,-0.260435790660519,-0.336740471182651,-0.0190084268056458,-0.239928483471524,0.0417157670499842,0.0444741948637855,-0.202592424340143,-0.00798624764510971,0.172770387067575,0.214540802945789,0.0157183019424146,-0.0881917931487066,0.602157332535877,0.574022862785499,0.239069061484666,0.190042630829414,0.0908928163250382,-0.104277241080767,-0.0928628277520917,0.0523485126455917,0.260575715006443,0.305621387010636,0.191114771265026,0.113686722416279,-0.0577618903804347,-0.0298896827466458,-0.0374976226337473,0.0568330420640076,0.040113832402916,0.194220294203197,0.0406851528374677,0.357504450545263,0.378028554299527,0.493966337644755,0.125034481438352,0.343820255058836,-0.0501415611753955,-0.0118929002089274,-0.0965640445636849,-0.0897513138570457,-0.0226590203768159,-0.0684171553421916,-0.241270129192326,-0.175824712661213,-0.315358197459101,-0.272750628617438,-0.378986978501845,-0.269920264136809,-0.100151418947182,-0.130057559249742,-0.216391857216709,-0.227267864885639,-0.0691946661682849,0.0415306779797278,-0.270426163053167,-0.183182186881312,0.0562267576660214,0.135381939268542,-0.357668153404159,-0.250745404911217,-0.295618429909707,-0.129262396877124,0.0749090709318559,0.183581833194222
0.324916648797376,0.186949252237697,0.566403886795638,0.405677673547892,1,0.652427878609861,0.46670542377443,0.306883177127475,0.665202844223697,0.376180875499864,0.303376936465073,0.202724450377538,0.099717426748032,0.222354690180676,0.3518473531665,0.244018112463734,-0.0419103924704444,0.179745777339331,0.420623841723569,0.396591076596339,0.187740758062244,0.0525970915878095,0.205036955967534,0.0751593482896521,0.123163928257653,0.228992562019817,0.140603597445451,0.09380498784336,0.206116157896731,0.278702237631384,0.222932477803661,0.208445374910424,0.27620285334021,0.213547001421247,0.428892081339891,0.285834838068405,-0.000947298276759004,-0.266452150631034,0.0253625463054292,0.247581419956045,0.214275509351598,0.237712172342194,-0.167189634594444,-0.185846395413721,0.0301316545995093,-0.0474371624762779,-0.0508030615300244,-0.14264261052088,0.0646300444313133,0.0850608252317566,0.0194053639027983,0.094298030475833,-0.0547581646115336,-0.271822653772484,0.0700983785163336,-0.0887405021156728,0.290679010819637,0.24271516638477,0.289909038994803,0.343322850756719,0.537385778814573,0.426110236909544,0.277248828737446,0.29080154207087,0.370792085699111,0.264845499881058,0.158525257883055,0.0435861506699325,0.0897855572168929,-0.0815756452443065,0.0272489790648549,0.0926968798691264,0.306156750888362,0.280905985065133,0.0494245041550932,0.0425066449619863,-0.150786146933764,-0.0776261510054958,0.128571898813596,0.19342227259121,0.159916492358367,0.264022019000062,0.0871563054336616,0.185551552107996,0.339193786519475,0.275242045691356,-0.0344796953527411,0.18203566913594,0.0594911640896198,0.0671466907031205,-0.148909704619328,-0.201929560395595,-0.072037660998337,-0.181414488672553,-0.179878114383992,-0.1678141361994,-0.233836337348449,-0.276090398099285,-0.286092817600461,-0.202290817960206,-0.0278289139472489,-0.205312685162863,-0.0434467028591749,-0.159663235923485,0.0116263908515718,0.0800278163798502,-0.169833109095388,-0.158489597960248,0.0458839342625874,0.0680710345918249,-0.344876408697235,-0.224047975715621,-0.21635817864262,-0.045180629812074,0.0997578174361378,0.0540276978984901
0.357575663611984,0.340839725426927,0.445083153080201,0.557647611687769,0.652427878609861,1,0.388520562184535,0.34392246509741,0.567403382787544,0.526799645212336,0.155208579123795,0.325905105727429,0.0928202135805613,0.157789812975618,0.361332752394363,0.35372457456382,-0.0290396437433219,0.0571109353447827,0.495268896013539,0.566004203145417,0.232336926757473,0.187271335022133,0.0516229246981567,-0.031894042956958,-0.0497494795927241,0.106087994623408,-0.113385423518018,0.111919331894398,0.0634368009200598,0.23583463024157,0.101751276451067,0.146763622861384,0.240295380450872,0.1923568882291,0.279770711436021,0.264492044217746,0.0946192767023123,-0.0520395243539344,0.172861264358006,0.47638694719446,0.249376849265565,0.304078444616445,-0.118864017393206,-0.142882186402273,0.122921173847071,-0.05014356558031,0.0899181753042961,-0.126102327284387,0.135948729792249,0.170046565776316,0.134330555106853,0.173647869398018,-0.0464191289334231,-0.369095648611583,0.205007910629332,-0.0330742702562383,0.226548690952163,0.184395405250225,0.28286137335842,0.381981071317324,0.463660096939215,0.373264049891773,0.175779995874739,0.177812521227004,0.379076340019247,0.449905301818833,0.216947460449407,0.215368134066475,0.0584007227327744,-0.0818140800517002,-0.0734358297410024,0.0884565046424853,0.234370150590203,0.312926030287704,-0.0216901927004868,-0.0286045334017404,-0.15305189531726,-0.108530867776686,0.0811997711392649,0.124299661418764,0.148501669093323,0.20845568605463,0.0597770243789497,0.277097233505239,0.232426973107223,0.370805832037566,0.122358952461176,0.289175909622121,0.114624157430574,0.0998495634135254,-0.120459617555018,-0.189177693392037,-0.0306954021847112,-0.065302425437752,-0.0512277885272109,-0.123618387819614,-0.1127687759256,-0.177782356856464,-0.265438041090704,-0.170372935666486,0.0564949806912903,-0.123216086019877,-0.0818949817974727,-0.169311021218383,-0.0064358631174658,0.0209181489712224,-0.110088635337546,-0.0805138264472127,-0.0649533098293337,0.0075338657485779,-0.228418801347799,-0.136655105981247,-0.185634042961437,-0.167593970156511,0.0879746848841807,0.16573189402885
0.524301221678943,0.304839389845188,0.154032510047996,0.0377753148338619,0.466705423774429,0.388520562184535,1,0.680725551201017,0.480960156826033,0.437834760494252,-0.0649163228359824,0.125568220565541,0.6169238810499,0.589839966733556,0.460181852784114,0.364767652590227,-0.146925646942192,0.0533645588771848,0.00904955772454095,0.037733859364591,-0.0801290188161684,-0.110323889063553,-0.108018530187919,-0.18450464896352,-0.116551551451543,-0.089560225769863,-0.166890885015497,-0.196200437177029,-0.0939460334010587,-0.111808989068947,-0.277483068041701,-0.0513628427796386,0.471564978143857,0.46934865483378,0.108267121585031,-0.00589087835910732,-0.340787004740823,-0.340687622272592,-0.10004363063282,0.0969251059961819,0.175514872700337,0.288334786675828,-0.159592027029201,-0.155001364886947,-0.0711800808030298,-0.0272668710504041,0.210176082031214,-0.0234227073592778,0.0781319753778912,0.135192157123879,0.130893538705503,0.257409660669713,0.192941699713198,-0.205579298985564,0.2328822225512,-0.060737447435844,0.58221470588061,0.417705628316182,0.415057482865069,0.269621430190927,0.236576560882662,0.0462419588100068,0.657406795297789,0.601896796257742,-0.0985979283049709,-0.0877449697425225,0.0103435258297077,-0.127029921119609,0.386393164456478,0.285568318628204,-0.092223844787236,0.0843114142433429,0.383234174911906,0.420164404841014,-0.0183525932441964,0.0955673906167661,-0.114989340438083,-0.145411151028321,0.350757936299732,0.375023960345373,0.497170709218604,0.486661407389109,0.175271290640888,0.214500101082596,0.123003210943933,0.00646411985722706,0.0306106169898859,0.169478469149392,-0.0655315294710272,-0.0657528638230804,-0.134788207968102,-0.201769806168578,-0.210092966247801,-0.232214945318686,-0.0345632356685582,-0.148995766360769,-0.0193723373528322,-0.121173555664589,-0.0860811044426206,-0.0302218199510494,-0.237621287089588,-0.212607322034015,-0.03264005496387,-0.147959795403545,0.00556524408403501,-0.00745268480557088,-0.0164939862285608,0.0151652733407626,-0.0730735440161201,-0.0184172896455808,-0.107426108256632,0.0647321912377118,0.00463648287538499,-0.230116893194981,-0.0322646227689239,0.0829047206145249
0.448196201399124,0.406590207078271,0.0661416401052296,-0.0320807651009279,0.306883177127475,0.34392246509741,0.680725551201017,1,0.270326718789152,0.627876147150244,-0.220706042815574,0.163538750988719,0.557264269416241,0.698375267466043,0.44219789228197,0.520027710629973,-0.26099621890905,0.0347526451956419,-0.097238801931255,-0.0346433766110386,-0.173340448192441,-0.234921133572747,-0.202135824757791,-0.271528655407348,-0.0936629889974608,-0.3132022999384,-0.185033650255917,-0.277438316911892,-0.186658800188978,-0.273491588177966,-0.403294761088113,-0.13449386216293,0.307386067298172,0.437592024653068,-0.0189978843429487,-0.124322569712997,-0.501166532165048,-0.458460307469417,-0.0805953896236251,-0.023821713528733,0.100333988817503,0.280457757095566,-0.0896681190434442,0.00567470752605191,-0.0800778842007625,0.143496024954601,0.22886303032051,0.0282248477224948,0.15926044441589,0.234023360057003,0.222081369657888,0.374528679865962,0.205777846498135,-0.171729170694319,0.170725968763154,-0.0123111864793807,0.498031985928888,0.52836033595963,0.465754414500099,0.28765103688163,0.122775244304208,-0.0674790012240022,0.536388640588858,0.612967848488674,-0.281574281809792,-0.27863150610056,-0.052250927821111,-0.157116583493217,0.30837745830475,0.341200495952975,-0.101838292909684,-0.0279611777878034,0.210852895081741,0.248009912146829,-0.0285983375540666,-0.13797625345885,-0.203075771445234,-0.266924977173346,0.209520807290818,0.427219359903173,0.378266596023341,0.415429864411015,0.175045532217512,0.228348667355093,-0.10290276039465,-0.112005503801738,-0.204771826229171,-0.00233305450933698,-0.100739908477801,-0.101869054451279,-0.120590514094496,-0.208728566801115,-0.109768757783941,-0.110700877406507,-0.0658532763347786,-0.150299730061818,-0.151872697961022,-0.262227361032237,-0.155048812182195,-0.10749644602027,-0.057011816837133,-0.0744645340469513,0.0610454470690624,-0.0446953159535179,0.0618590549319891,0.0344148844653219,0.0968899884539998,0.047040147770412,-0.0413152740744516,-0.031849665347873,-0.13362776839234,-0.0575811759423033,0.0018904496115018,-0.119859408849819,0.0223495873005612,0.164761999457303
0.396073034169619,0.27578311996039,0.542401287103933,0.392892489261549,0.665202844223697,0.567403382787544,0.480960156826033,0.270326718789152,1,0.564977711832829,0.369845246926282,0.344014966766796,0.236038063461838,0.268411448153726,0.289484277411109,0.213057532917144,0.000163792782149975,0.129557625805704,0.517834629758606,0.48013696190647,0.335438416808564,0.246884272691539,0.2644813222711,0.0587267263856644,0.121412610270375,0.291131293310429,-0.0128477267323265,0.0825499319805788,0.253961088376548,0.428615642038447,0.234527155626191,0.239680264921789,0.372548152478027,0.223657768767818,0.333379467677437,0.240744639210105,0.236856225429113,0.00537024809064321,-0.00473629955903515,0.218927803401653,0.162060365861243,0.176620310502965,-0.0907433794957645,-0.18641577222998,0.187748762355039,-0.122956687655893,0.00521398730844954,-0.200214566767789,0.161874135153019,0.109268747984908,0.0456279234913663,0.088888523033841,-0.118024332133653,-0.280398156272119,0.00170558127709036,-0.211701195149462,0.253748191601952,0.0928032120891406,0.200689327542436,0.259021653641594,0.441768608931461,0.309875935735122,0.288279850179539,0.179428876101834,0.480441194415841,0.35794343337045,0.213942129549817,0.141904867538402,0.0586050889641472,-0.139161620718878,0.0742944744591668,0.142124060473779,0.262844329955058,0.327688266917362,0.0795108465316491,0.024940299406635,0.0647227492914694,0.0451348070946713,0.121065835072686,0.225359872411096,0.22699745655014,0.352809350349121,-0.0607274283808579,0.0783210601560344,0.39957743439125,0.292717315248853,0.144339845249355,0.211347848884409,0.094409881425864,0.047667291108367,-0.0886663712018768,-0.134532830603643,-0.0177611774152681,-0.20101700560316,-0.338036401638029,-0.357696380895941,-0.271675663101714,-0.378376684772363,-0.255759654711848,-0.191293169302886,-0.0315293556963926,-0.301514797670882,-0.107087140239537,-0.262026443433768,-0.12278192258607,-0.0647422708537568,-0.171339005172144,-0.208880928011377,-0.168526233419291,-0.136714764272546,-0.437939814896403,-0.202313722965198,-0.218831375752447,-0.120280456528577,0.0842288897086374,-0.00721729193869047
0.326500480756526,0.405581745235147,0.37940974829473,0.345666014188127,0.376180875499864,0.526799645212335,0.437834760494252,0.627876147150244,0.564977711832829,1,0.131548870675452,0.448924735143729,0.325508492937874,0.482741639361174,0.322206847350621,0.399326992127682,-0.161472866735408,0.147792033042185,0.364169705871013,0.372275596023948,0.162220835998316,0.0847428078157428,0.106315357469894,-0.182454544306477,0.0820278105477018,-0.0281388041433143,-0.103081166215338,-0.239895485932898,0.1725835729705,0.156706444478922,-0.0367454829195862,0.220856378302263,0.299768984830076,0.353135940677098,0.171589756304358,0.0608942925792967,-0.0460543519396479,-0.120375907996535,0.0635700776605931,0.249368229418155,0.199062854013237,0.281996821237286,-0.00838910896394604,0.0170390484129343,0.122933491195611,0.0558566452920443,0.162516551670408,-0.0105152942318945,0.246659408248892,0.164730967399948,0.126740053274716,0.249572750429617,-0.0405961613746797,-0.271414466566496,0.0614876713102792,-0.111973820666166,0.172467400260066,0.220931764559544,0.15470070887842,0.125577203043324,0.210066123381619,0.0583807191928886,0.312829061708019,0.386299112531188,0.153356898710918,0.118058423815235,0.0510229045215797,0.0134655992283341,0.162781510499931,0.0626995435467924,-0.0259888326999616,0.103284235071244,0.230963064149409,0.299987171091466,0.102836572514861,-0.0986505542606578,-0.130513922980414,-0.256813358608681,0.0785984853574918,0.384033958627553,0.221638470865309,0.418010983879566,0.088885009766067,0.311039100416796,0.123040731858291,0.16293400044367,0.0487375768351005,0.324698192237219,0.0258685116058208,-0.101372711136727,-0.140842787350255,-0.231588266438305,-0.0637562485292163,-0.163033513470304,-0.27155416751561,-0.335068469686128,-0.309254888092111,-0.407756783154337,-0.392994352093657,-0.343264036398323,-0.0140303070665058,-0.111086641798647,-0.0656112579597083,-0.164246637974198,-0.107616727587558,-0.102498264948756,-0.0950338357741157,-0.119099989721789,-0.117362713224577,-0.0843023736295756,-0.292782266605825,-0.314915586396634,-0.257542400340222,-0.224251954005361,-0.0831977084118035,0.0351534982396908
-0.136758604098012,-0.0858554174074581,0.271944232296842,0.342742848566043,0.303376936465073,0.155208579123795,-0.0649163228359824,-0.220706042815574,0.369845246926282,0.131548870675452,1,0.48062182994113,-0.139804935333703,-0.0956671439443151,-0.0189019107562722,-0.0983459764117362,0.14945378842829,0.228113192577699,0.412221269768784,0.275741316478694,0.361453981511527,0.242596757826213,0.370850236180984,0.36864696762371,0.302097727403392,0.389966546451606,0.261385730710771,0.270172401667308,0.400894933594623,0.608731880758788,0.70766077538737,0.419440741610275,0.212581670480689,0.2487526186707,0.273660891634556,0.196624363875714,0.253673002148137,0.0962161084368754,-0.0836658910369341,0.180983634937091,0.0888340102055515,0.199041667645562,0.041874419397237,-0.0821958694310224,-0.0017016721579042,-0.21269676277471,-0.021889403038402,0.0341012360916318,-0.105878519548399,-0.259160174507325,-0.113008923489816,-0.209997172692242,-0.0612312345693936,-0.0770734818995649,-0.0446629439219848,-0.0613715110276678,-0.274379224219056,-0.202718904732752,-0.250746989613026,-0.17276172385195,0.102459019205441,0.133133417562127,-0.00330382879849699,-0.0898657840112031,0.34371997181187,0.231476248541304,-0.0806974239367257,-0.114886009308506,-0.148423897449316,-0.201952988862572,0.253966037010589,0.408659454018259,0.387356792119628,0.287428552631441,0.352359386219979,0.230422473221964,0.317922423789524,0.338921840295114,0.0171237994972412,0.138746778787366,0.0916854864557932,0.256843432979523,0.271921808471593,0.340214619607744,0.54597946045558,0.478216651432293,-0.000653796595715309,0.218933231030666,0.149107343560834,0.0423793249110406,-0.121652201205414,-0.0721875803180453,-0.0775442109595467,-0.13375554389375,-0.267132333405271,-0.0992087233273138,-0.252479067525461,-0.218395592361256,-0.264136281891753,-0.18048923424403,-0.107356404895229,-0.104012906072633,-0.14052013973337,-0.205534741907306,-0.250508581913889,-0.199947617444245,-0.280754573823839,-0.154688325313563,0.165388031598311,0.170562490458297,-0.177486755090954,-0.229218673276494,-0.292150578458582,-0.111014467740127,-0.0466509145028353,-0.158920235032051
0.0589613909376949,0.222442638452428,0.203317652019979,0.253302083186534,0.202724450377538,0.325905105727429,0.125568220565541,0.163538750988719,0.344014966766796,0.448924735143729,0.48062182994113,1,0.0743276406120145,0.11892662555516,-0.024401920311744,0.131378105684933,0.252528301062926,0.157594735413954,0.289396417519227,0.325017767233728,0.0915801607215785,0.141322238351057,0.417622958463965,0.195689259195232,0.344558501550099,0.347315160987196,0.244769566475766,0.302579342871371,0.43996226648026,0.510423642133707,0.34946242699217,0.591527481983359,0.284528880811799,0.33748683818876,-0.0230811964781685,-0.00316274625492951,0.130824115380594,-0.0228830278937196,0.0561924308217132,0.144025283223176,-0.0258527404775159,0.161074745193033,0.160968925240584,0.140095435459872,0.0864685605493193,-0.0248889426564083,0.213011969738026,0.0468172419515688,0.202951148059154,0.0135548625386442,0.229309593506472,0.100601078059835,0.102856150446462,-0.169939020900131,0.107321023821296,0.0637319024752262,-0.0587204145050842,0.0177872415448283,-0.00644801288883464,-0.038623146464433,0.0379225416279797,0.133950562228203,0.0321577453303041,0.082107840016678,0.112431360926115,0.0378271752985433,-0.172274579924275,-0.154392609010728,-0.051765896916459,-0.145227151700395,0.104161819739462,0.147126546161711,0.150452780706142,0.194989330822871,0.303967153489082,-0.0514109551262518,0.216087050043096,0.241690681097566,0.0303006130116715,0.293698181667461,0.199423995757888,0.223123870369218,0.275013982865806,0.219105820781375,0.333082356354237,0.295473596181711,0.208433205005608,0.270806192979611,0.202157223911521,-0.0194048486027829,0.0365003823944156,-0.0592358424410691,0.00925463183901074,-0.162384049770788,-0.208979984588516,-0.162618355592589,-0.00280421550102396,-0.146133214479446,-0.0710867796282322,-0.0500384606742746,0.040319405640098,-0.087216421775332,-0.00989196578993548,-0.0980377778176143,-0.160878575631669,-0.153940786758489,0.0399305453104312,-0.0239976897609207,-0.000211028746042878,0.0544892277299492,-0.0694558426955861,-0.0392952546474058,-0.14119402003771,-0.138962892033972,-0.055520075790005,-0.0798589274135464
0.393681728204259,0.184436815235776,0.134739699161578,-0.00415943947390631,0.099717426748032,0.0928202135805613,0.6169238810499,0.557264269416241,0.236038063461838,0.325508492937874,-0.139804935333703,0.0743276406120145,1,0.82106644078669,0.341371298660488,0.338194850062191,0.0068620751873534,0.0180064421819018,-0.00878673829746478,0.0333228954082712,0.0503931201105061,0.0840964764635335,-0.10717196836895,-0.257261394029502,-0.000963327267040153,-0.188740234515572,-0.229646643558537,-0.349019050536463,-0.0796892723586229,-0.174692314304585,-0.432605005694745,-0.274952599727431,0.56210876920046,0.632329388492208,0.180447828850363,0.0873103050536207,-0.253030219808631,-0.160653514053375,-0.211810565712733,-0.0871632762677218,0.112274883209493,0.248821893346075,0.00368413870787042,0.0900327885888183,0.0652414258302972,0.107321415557693,0.15415782155774,-0.057516920556444,0.182081990886516,0.157934385916263,0.219775005281756,0.261441914297963,0.105429388318177,-0.199178930282841,0.0657684337744878,-0.162324560741822,0.543592440438238,0.321822448249187,0.260568232644833,0.0873042169039197,0.0455953340106946,-0.109516112196865,0.706193208366107,0.560381806331649,-0.187581599297133,-0.201913293555453,-0.0351343986639137,-0.130590700243218,0.321635365030943,0.308870966913981,-0.118618386152399,0.0502398656478186,0.362376938176184,0.41554785686426,0.202429154006724,0.0578382061739988,-0.109562945128291,-0.133226676948857,0.481120130268329,0.506284340974138,0.636870619694106,0.496840495155969,0.212963668723408,0.192777263780529,0.0244515502336475,-0.173280657661137,-0.134528087433428,-0.0656391446557075,-0.244035176082877,-0.277560525680705,-0.228721429438798,-0.32033025671869,-0.325103150521071,-0.344759168132375,-0.112212142648959,-0.181686305631199,-0.0876852669257857,-0.212962975491913,-0.15945355327068,-0.152716516550976,-0.328505313075083,-0.303847774205113,-0.294594137633236,-0.307427997994098,-0.215206871897942,-0.219478369939435,-0.13825755680482,-0.20629622426307,-0.185968572653442,-0.116313304922798,-0.104990252599256,-0.0398979933938936,-0.181543256440879,-0.327332372152547,-0.201202750888737,-0.0978002797600894
0.427622535493888,0.29263525029023,0.186973615041274,0.0610070975436387,0.222354690180676,0.157789812975618,0.589839966733556,0.698375267466043,0.268411448153726,0.482741639361174,-0.0956671439443151,0.11892662555516,0.82106644078669,1,0.363527685006271,0.438420997413546,-0.147371965619024,0.150464308854384,0.0324317410988106,0.0686835931736922,0.0673011796240955,-0.0469105430629653,-0.071908088786146,-0.197079306986534,0.00945609750870092,-0.178117054591636,-0.145473339507404,-0.371076825046458,0.000705578429807839,-0.116308378919933,-0.343471922450039,-0.226318526137306,0.509207448297415,0.669475770073921,0.236451913907164,0.0520016511439617,-0.277236301244715,-0.227233917578298,-0.0927822143159325,-0.0804957480548904,0.205520821977692,0.363341631992393,0.0530770747812945,0.129459124122565,0.0708830640687442,0.189701741002912,0.225234876984579,0.029889804203602,0.200994426768332,0.186964541303175,0.240810570597857,0.288198705598934,0.150440014371284,-0.205287186584509,0.136114887000632,-0.12520843166877,0.524489598651717,0.397189765043778,0.325377718546163,0.154036440188674,0.0516719750894669,-0.0982070958021671,0.7385706181368,0.676768168272977,-0.168591362933175,-0.226307068569166,0.0172302172332226,-0.123834382164,0.346010732302471,0.379016177621806,-0.127533750796542,0.0448245147240274,0.447587585159251,0.502436175559496,0.106131342535275,0.0791764917852164,-0.113250321304409,-0.155288559873477,0.443143901648363,0.671741171061262,0.599625806579151,0.647394232272479,0.2538993401862,0.327398177892019,0.0759188874470114,-0.0827521511444417,-0.17114704572759,0.0383224492195709,-0.209971976193093,-0.233721874217283,-0.306731599230829,-0.383994161158538,-0.340459718956625,-0.335950889598166,-0.201770258800493,-0.241820152297261,-0.255831550680219,-0.378866065443714,-0.249643084943348,-0.257754359800922,-0.303474211499214,-0.308797023133066,-0.221992704060437,-0.275956456460878,-0.210721963161744,-0.204757010130524,-0.150130054425662,-0.204686228604587,-0.120197813245073,-0.0642175800274986,-0.232913556103628,-0.160268835990252,-0.251913446225993,-0.251622572107201,-0.178819078528445,-0.0345541454133704
0.57372056646863,0.644327892210194,0.444068277195593,0.438201798237465,0.3518473531665,0.361332752394363,0.460181852784114,0.44219789228197,0.289484277411109,0.322206847350621,-0.0189019107562722,-0.024401920311744,0.341371298660488,0.363527685006271,1,0.831389413137742,-0.179693037826375,-0.0277463792567376,0.414614006272798,0.366331520050698,0.132668103612604,-0.018993969011758,-0.199316491269746,-0.116554751719056,-0.140269766010744,-0.216247088530077,-0.227357021503224,-0.390305441109965,-0.0474343232296205,-0.239188929687155,-0.208530583569042,-0.239651947628307,0.212438340019925,0.312803381342893,0.311315816495159,0.258144121770083,-0.143093500180245,-0.172032172354324,-0.0875302355019721,0.123403509095501,0.205458510517252,0.223411799979265,-0.428423614778186,-0.373404937687934,-0.25205082724283,-0.371086379749796,-0.11052157188969,-0.328937311443867,-0.254875778951977,-0.266596227506896,-0.262596017384852,-0.0928746480155025,-0.184422529402451,-0.335114896130705,-0.145476828730907,-0.409225690692414,0.539917359411978,0.62316438966051,0.0554610082298895,0.17686194299869,0.120583360804283,0.219102929475712,0.365873231553368,0.341673117872656,0.0710979471963185,0.123196381831078,0.0656585929259491,-0.0382436479642324,0.667303252053676,0.437176529494302,-0.14794171314128,-0.089124913828797,0.216350702947708,0.285387447830335,-0.00446536910973253,0.122376696012002,-0.28642355360524,-0.268847062484018,0.0591681606276177,0.109142589231244,0.18679865367751,0.223633816865071,-0.00428361279404581,0.176861317210801,0.0587810858169218,-0.0148620494589719,0.0357762383631901,0.1045463562457,-0.129603851156257,-0.225975040880597,0.0270078828500801,0.0307081805973934,-0.0427169184222249,-0.0218334398341287,0.0588834942015913,0.0534472248509832,-0.0886722401660815,-0.0474185259014925,-0.0739978478183526,0.0483520743028756,-0.0455238257094698,0.0669260562128795,-0.0271172520747133,0.017717036566616,0.186324327184512,0.222861276774476,0.0664591495548484,0.00129491548630074,0.0442633144633638,0.187640692915784,-0.170244577820433,0.0919642879714767,0.0300378570338595,-0.0386797708275025,0.163805395409499,0.330315952820002
0.529342946126782,0.767255775850809,0.348942966111503,0.385785269272808,0.244018112463734,0.35372457456382,0.364767652590227,0.520027710629973,0.213057532917144,0.399326992127682,-0.0983459764117362,0.131378105684933,0.338194850062191,0.438420997413546,0.831389413137742,1,-0.183390433899273,0.0292364797573266,0.312714177813085,0.357795556810199,0.0183802403330803,-0.115401471534201,-0.170755471096064,-0.113934843745158,-0.0563775749822321,-0.233352303372919,-0.158316892811745,-0.316505390125063,0.00347582241744071,-0.19855888092009,-0.285387576823719,-0.136059382149356,0.220834965684716,0.339952410427081,0.254262109797257,0.220095227981146,-0.233739436920117,-0.263124562119652,0.0193856178150967,0.0452284044180962,0.268653955435049,0.341619429406715,-0.282983015268789,-0.193024790864696,-0.176775232841485,-0.20317964156875,0.00638553469529142,-0.256399931096814,-0.0467684809634875,-0.0981785528162872,-0.0704195913707171,0.0710827021855714,-0.173116312373863,-0.40976773084378,-0.116957716956605,-0.32671026312844,0.549050835407534,0.670336520578213,0.128705844073672,0.14836195091615,0.137665872564816,0.1767928855121,0.41613988423676,0.440259388230518,-0.0378063847646611,0.0166774520391045,-0.0171730312955797,-0.121620786083788,0.623605651569693,0.496430450569392,-0.118941203728634,-0.0739522160316924,0.203367053204592,0.33771956918741,0.0671504927377484,0.104932758435386,-0.266328126593874,-0.260739350319182,0.0903020733562917,0.249659319855962,0.220909359427044,0.242895858083429,0.0661383646480216,0.227995335698267,0.0275111146139298,-0.0289449708167001,0.0273178712987689,0.0925738080935031,-0.114285764218236,-0.275772744420089,0.0489274139310801,-0.0120684039016152,-0.0507784303236371,-0.116490277044243,0.0221061784592495,0.109342096712943,-0.0510584604118879,-0.0689360778430833,-0.0677677939103343,0.0335920773076582,-0.0441173049544694,-0.00524654180350612,-0.0522790739728736,0.0110355401579335,0.137294887604915,0.146577270974649,0.129838000533781,0.0264155415775811,0.0145233919222409,0.131863694137588,-0.131307481329831,0.0801124225806742,0.00469298674172408,-0.12978698673906,0.0977510222577841,0.312728425315207
-0.156148616079656,-0.132882353911665,0.0815553784946472,0.0330766864900787,-0.0419103924704444,-0.0290396437433219,-0.146925646942192,-0.26099621890905,0.000163792782149975,-0.161472866735408,0.14945378842829,0.252528301062926,0.0068620751873534,-0.147371965619024,-0.179693037826375,-0.183390433899273,1,0.385331519789574,0.11087266746919,0.152688716468917,0.18405934081122,0.397374066210902,0.478744590177165,0.339351843268265,0.567858831019903,0.44579192484793,0.44589555811079,0.295382919018713,0.507229411113251,0.382171852532288,0.110838209990504,0.352180873787743,0.260476376943733,0.118430492970833,-0.0203759129133345,0.0915043473762392,0.190481524813741,0.171982055130789,-0.0670258181960724,0.0986148891287709,-0.262545229426128,-0.0662285443299335,0.305627371873852,0.234046957359072,0.159734594751958,0.032731669783141,0.0929055656861566,0.00704520962986521,0.184285094763022,0.0287444345515392,0.314543285800633,0.0106073978458412,0.0878846017840709,-0.0502831816020464,0.105971572130664,0.00274274398297624,-0.076772157455272,-0.117612669752501,-0.0916055321749323,-0.0200910285985999,-0.110423022996654,0.131154904525237,-0.0892421144195347,-0.028287327004456,0.075893573882424,0.0442504365261926,-0.0646527571795684,0.0337370240723076,-0.148522893514951,-0.162827817811129,0.201340541730684,0.226524083439488,0.0775273860445654,-0.0455076422402774,0.424406104330979,0.00999429469479528,0.126920627299996,0.220529700964587,0.0770987245173982,-0.0134578150602755,0.0368897936221871,-0.165555700624268,0.0594364254078033,-0.104264916488289,0.131248017778417,0.0347052025417653,0.130666836680219,0.0379374301429808,0.0264009451683835,-0.156310154262932,-0.0106023791237123,-0.0875085872342008,-0.133321208096329,-0.258707163916997,-0.0439392941460671,-0.0949136408269886,0.17385677077337,0.110397550282847,0.125828620571266,0.0183896261982055,-0.14398535392217,-0.275930386079192,-0.245854573809148,-0.206514520667403,-0.235235400305095,-0.219446720833659,-0.165903794650501,-0.26389827844125,-0.0862441713583785,0.0506219346106592,0.188663401110164,0.0767346775265345,-0.129397322995886,-0.066623418815207,0.0146326259144119,-0.181080369418091
0.0448623383508698,0.0372799074013323,0.17821411124454,0.109661588103741,0.179745777339331,0.0571109353447827,0.0533645588771848,0.0347526451956419,0.129557625805704,0.147792033042185,0.228113192577699,0.157594735413954,0.0180064421819018,0.150464308854384,-0.0277463792567376,0.0292364797573266,0.385331519789574,1,0.0715091297372595,0.125464756687359,0.216473370281916,0.139916107279153,0.449746448637445,0.229755207649893,0.439945541547084,0.356543192114589,0.361245302687648,0.0608292370709837,0.464588553890347,0.392209298399944,0.0954581265485312,0.380342348002039,0.14720192880967,0.162720516154831,0.19767594888291,0.0500207128037346,0.00452433097961147,-0.115459093370729,0.159229721103769,0.209568526588204,0.179518106808602,0.242574768600285,0.277354163539645,0.208316407639005,0.202821513735411,0.147944014320482,0.238265174702669,0.200697321479119,0.217956592124437,0.135019612166055,0.281431333401706,0.160358985783277,-0.00934441070582077,-0.220131295271162,0.112595094606461,-0.0334354743236693,0.0779463712761273,0.153437246269674,0.182125095537163,0.196961646163727,0.0812010443836498,0.0252384128892764,0.226650771686407,0.251523862040583,0.133270650830947,0.0872018156095504,0.171516835651706,0.0980259309848435,0.126157802735334,0.133249643129042,-0.034876571567361,0.0920443706299988,0.328535315572258,0.226051916728698,0.326351430073422,0.128711613115953,0.163820457185529,0.139648310170134,0.21021316434154,0.349548853703572,0.167002316099848,0.206432961801539,0.272393486721861,0.268599261155261,0.252725408910952,0.217900381702177,0.068265590333834,0.207318235348273,-0.0484503299076656,-0.0642354960996183,-0.277259080721326,-0.30781256773021,-0.294758888349084,-0.388190856454766,-0.136118971289038,-0.119097344316461,-0.0577499535579229,-0.139348791419347,-0.184065224221666,-0.22042542136931,-0.30497443676305,-0.384792826676027,-0.228739296908684,-0.256488580219835,-0.255469129819725,-0.160102359042317,-0.258037287704974,-0.243156158856576,0.0873170079131424,0.0390034117614297,-0.0424889422631709,-0.140738510826486,-0.271364734208946,0.0764331455482651,0.00717645199926277,-0.0555035210620763
