1,0.900037430557166,0.371463953770032,0.265233999726274,0.12834454855876,0.066847808501262,0.185392626805755,0.250135253718821,0.282151862050812,0.0167670758338289,0.0199988570217813,-0.0433599654633074,0.111866795345306,0.181130434529903,0.806703800369557,0.760689132973915,-0.144110244719709,-0.0465316370379074,0.438156375660171,0.330359742331229,0.036128849960519,-0.0533914707805395,-0.112060845930708,0.0496729466081679,-0.185985846472987,-0.133447069869361,-0.212012426185051,-0.334616725544646,-0.0381840690258321,-0.18472504952093,-0.201260204284372,0.0591336493230089,-0.0985759853930623,0.00164329296160638,0.352892742680187,0.299242867095734,0.0354699746861798,-0.0821507710875878,-0.0685963250881818,-0.0560888313590352,0.118825307995504,0.00583577693554348,0.0232802500537341,0.0267562792153382,-0.0460387533127019,-0.166367467412422,0.0681327990659633,-0.0677338929762961,-0.0976455300570043,-0.156774060536038,-0.0654161020970043,-0.139387567847898,-0.154682331309613,-0.23727491227595,-0.109146803209129,-0.299420751597997,0.856112455313198,0.713466343944746,0.491731648445979,0.0605114456891566,0.286311573582817,0.0993958453454461,0.419479528931678,0.133450983845964,-0.0335711391966618,-0.202191537971134,0.16775000748981,0.0359539690017666,0.674000531753514,0.392307071197396,0.0487704755619767,0.113763384402585,-0.0333030958658939,-0.0607029136927572,-0.330870883087152,-0.129118899601795,-0.0232529196504475,-0.0450213503390148,0.170625490839243,0.126735411269177,0.340608875512364,0.252912508241885,-0.115987817338997,-0.0539753067305924,0.282221910204151,-0.0502555323082647,0.113580208877393,-0.129611398766354,-0.128362281961464,-0.243641587107311,-0.282929643330935,-0.205871277557742,-0.206663604340049,-0.208449242421613,-0.117493804842936,-0.163174921723654,0.0143752503090703,-0.0535660980030473,-0.106656810546905,-0.194664526889162,-0.235129921612985,-0.20684257230145,-0.148031985877956,-0.0850090657659695,-0.107912193061445,-0.0612343736996337,-0.149346240370837,-0.180745808796933,0.0248796336539933,0.124656384690164,0.0415170140829171,0.110854091391791,-0.303755072441274,-0.246060389345901,-0.213804875298558,0.0424129629544502
0.900037430557166,1,0.392416034409307,0.320205332958859,0.164099073016708,0.0813209312331176,0.147039585909826,0.167940892925163,0.254416545309039,-0.00649582945822345,0.0111601659412651,0.00238733833518158,0.103456837498092,0.195137133828386,0.737438009283976,0.740316678161536,-0.184892241799083,0.0118211034896992,0.464403533148936,0.408533225644314,0.0193138090469365,-0.0473593476017702,-0.0425254137560975,0.11626941198953,-0.0817987802588523,-0.0363025653752697,-0.192796015351501,-0.299976493658422,0.0196280857562824,-0.166348903944494,-0.171555674410331,0.0448195210032866,-0.0764838034902915,0.0275186549628159,0.441047605111311,0.412690183825902,0.0617731777458104,-0.0464033938258733,-0.0428528702270166,-0.0559515574116831,0.0779461860798348,-0.0100420571998302,-0.0179876169793617,0.00969825678868656,-0.0366980838475295,-0.167448007691061,-0.0299752326084348,-0.157076370370568,-0.0987693556503699,-0.10651733359718,-0.0461525857633745,-0.0844663048212574,-0.205367129255198,-0.28822448820838,-0.159162212785762,-0.412139725149256,0.844009031761256,0.747657231851409,0.497627479381305,0.122462683445568,0.388776156219517,0.209465085465754,0.424526610096037,0.157555872391794,0.0457825290170498,-0.102036781230403,0.19537647152899,0.0863526112860628,0.668338983812256,0.4086549937509,-0.0449670006029723,0.0442838014123897,-0.0429475381995133,-0.0947306742888169,-0.322255588426775,-0.171385479149083,-0.00236349426142908,-0.0359143299831598,0.200301567265063,0.159106018525844,0.363201772960186,0.23300203971667,-0.196039496708132,-0.101899605148105,0.259922249044172,-0.0485074235035919,0.148695677888834,-0.118157863617847,-0.0620892836621223,-0.194314943397824,-0.251881816947075,-0.135793889426555,-0.146848517679302,-0.197771722238925,-0.209136510961193,-0.278550805722816,-0.0834661003727005,-0.187597960840038,-0.168408394762487,-0.183237857454022,-0.266183321810183,-0.24633334749294,-0.145153760725682,-0.0525024099523504,-0.101040332943311,-0.00503243635155597,-0.121369556061081,-0.109433676517992,-0.122696162915127,-0.0499721599482442,-0.0464754032590286,0.0507029556345322,-0.236884203167943,-0.198538879459252,-0.172771194406793,-0.00590263344197308
0.371463953770032,0.392416034409307,1,0.728249753423735,0.641709148575816,0.244332467101699,-0.158393367955659,-0.318029960927483,0.329284783407029,-0.0488753526166634,0.447549548365143,0.103549905540263,-0.389170952771329,-0.366959656609847,0.547421673151832,0.414899783061054,-0.012411447691671,0.192512701887333,0.856807794185398,0.734988304315037,0.622430525264003,0.501481855804392,0.149125899616607,0.290786078238513,-0.0436377411038342,0.0110980723784187,0.118283988317305,0.0771441615819436,0.333627202372985,0.126808511775861,0.299076876255234,0.17991134195468,-0.232283513597205,-0.343984338929854,0.39789830414582,0.313642027072285,0.447942276713709,0.259304555271457,0.363818268160088,0.254162911660013,-0.0400762304512718,-0.0674888045482321,0.216861632110526,0.259503011530477,0.129105539843893,0.0887813950254396,-0.0171242143964956,0.00640434303111206,-0.00269640168180765,0.0781427851953647,0.0462588879939351,0.114354203805272,-0.210435715488077,-0.269506080610968,-0.12347636389981,-0.197708631333398,0.16922587792091,0.0992412790585036,0.19009223830132,0.168998025805972,0.397197956847825,0.268468157698112,-0.204043275884458,-0.31648416839642,0.570167065924692,0.505859366939733,0.558481448920319,0.394400981322883,0.307984989902258,-0.173789965187187,0.0180899096661644,0.0444348395839739,0.0797474511475291,-0.11920121373089,0.0811772966371859,-0.101560306971098,0.0283088758470519,-0.00355316228453308,-0.0381379225748027,-0.117570697846331,-0.12706381439302,-0.087485617882016,-0.329627964725419,-0.232520613920133,0.24828609435743,0.210752987031681,0.212895023730514,0.116644460184468,0.0942551794863444,-0.108190289821031,0.0684290800244585,0.243354237819251,0.146255619585414,0.214084991186715,-0.115481864289845,-0.108514413169565,-0.0955536953597481,-0.110081914300078,-0.0835695610679695,0.0546239255386694,-0.125044148383798,0.187615820351252,-0.0120881417805742,0.12677050112492,0.0162570232171553,0.136597971292568,0.0347408467889791,0.112922369236238,-0.113534845154316,0.148390234403133,-0.113402585343588,0.153426714393572,-0.0270461115955171,0.0272002253437639,0.160472168964925,0.191918293483232
0.265233999726274,0.320205332958859,0.728249753423735,1,0.51890609678232,0.457849745513935,0.0531747890759433,-0.115745892376726,0.17123937503134,0.0686447557045397,0.242729142867162,0.226258096437741,-0.0956053614316151,-0.241965302697703,0.547441835668044,0.468484532944817,0.0751426749732146,0.135030492542032,0.721493891842668,0.772896589912819,0.411038862114103,0.34538984535944,0.192008257931859,0.0717588397962768,-0.058026802317974,0.124428246914408,-0.0486290850344403,0.0461728545345059,0.0950830149362142,0.193473401497083,0.0621874477951905,0.0962982732863904,0.0118703050938552,-0.117824109927174,0.48085420745887,0.410687676697993,0.209350209983919,0.109851997497306,0.219774756580592,0.289627372080385,-0.0282718682988499,0.0122575566366085,-0.063604034741724,-0.0899002193954564,-0.1747048045754,-0.188317561993525,-0.282554776473946,-0.0867747248773515,-0.201286313460938,-0.177251548140639,-0.121495306395502,-0.109142016168566,-0.119491313565886,0.0551601287546411,-0.173042470352545,-0.013224203318726,0.151857552374542,0.100010996161527,0.0384373891841768,0.146458714936691,0.380835728118358,0.284684484144802,0.0663660717628083,0.000832617574028699,0.378177908156633,0.458739612893069,0.260724735603197,0.159869686702216,0.212661306304246,-0.0507255862191973,0.0147745861089477,0.0776277435387079,0.245619145741764,0.139276118845336,0.0607721076660451,-0.0402047746627955,-0.0112854447949774,-0.0511476506308324,0.133147277576138,0.027723622276014,0.00927758796420618,0.0775796674269087,-0.386057504681533,-0.0948906916249472,0.174578980402329,0.350550151309918,-0.135417930967291,0.0950726880484803,0.229025223013531,0.162818235364053,0.212437220634134,0.316271370897203,0.238859111723738,0.200842172522083,0.086489207912315,0.24082015302145,-0.0264145618085756,0.0770137671356954,0.0375816229624958,0.180884894931587,0.0233050045802593,0.234896990778498,0.137413805832472,0.171008788479923,0.009706852882134,0.0419675838097313,0.0700727339097958,-0.0178675674547366,0.085689811709621,0.106751121084346,-0.201965481260886,0.157267651410665,0.00702498132921838,0.125314811486632,0.115989356419405,0.233127391963649
0.12834454855876,0.164099073016708,0.641709148575816,0.51890609678232,1,0.630380781095581,0.168884529305936,0.0220752235675394,0.562739651872551,0.238916005070403,0.425822828417124,0.261859256843604,-0.438471166824968,-0.478217202719892,0.359164645833619,0.21486973764471,0.0350323657268085,0.0530176167729196,0.561945157460493,0.500492413778276,0.276663938560466,0.131821044266615,0.192410242461719,0.0657721907520892,0.0899090202656539,-0.0108930765841554,0.246857886866434,0.380789342283592,0.29809461603073,0.266666351415081,0.49024491209319,0.339426583084653,-0.0217174899235906,-0.213359888862149,0.222906390678241,0.188159194121389,0.222135757869319,0.133419544210483,0.222691692342145,0.107558048268208,-0.0968894077602856,-0.151900891837193,0.239445114585761,0.287633202231218,0.118363190741639,0.126075968180853,0.0973479840693813,0.0742858433495405,0.131363282091175,0.243017935195487,0.183437433581912,0.264624919160006,-0.185596256672705,-0.296063428618722,-0.0517748353476996,-0.139752667523136,0.0370893937159169,-0.00286526945393396,0.375508711186277,0.372470711586225,0.591255228078335,0.427992700936523,-0.1792778255634,-0.0525911650460625,0.486958780389143,0.381748423858515,0.36381068688529,0.21792396540552,0.168112003993167,-0.223436002136854,-0.00977560216329914,0.0695424055138298,0.147460180335198,-0.0116989451428117,0.00830265207701664,-0.102747115746891,0.159361422561293,0.161867062226297,-0.0843311338257857,-0.129255023921182,-0.26570253030402,-0.195747678631486,-0.281085723856693,-0.135569184372697,0.214570560702423,0.145382689862831,0.0907380220971442,0.0310484825936358,0.207833702434574,-0.168782647982254,0.160877170879707,0.192027730205517,0.148288105925081,0.111096004572026,-0.0556725197231498,-0.0682069014815016,-0.09962956389076,-0.0788207974857594,0.081666635361125,0.0906456681699586,-0.0691156865479427,0.101162602124357,0.0317901334959473,0.0241149403438214,-0.0818564330855003,0.0317372969011549,0.219086874625558,0.254718168940046,-0.12315989029182,0.0962568244075592,-0.110328922795275,0.129932907120073,0.0205643172671034,0.0341014943918604,0.103879754543832,0.154857083674151
0.066847808501262,0.0813209312331176,0.244332467101699,0.457849745513935,0.630380781095581,1,0.333301589679031,0.321363592164047,0.453191251645666,0.546063165390901,0.195971772266327,0.389164782296364,-0.168283030812348,-0.286628824883068,0.20783384242444,0.114419380695296,0.0659592637080013,0.0668220179348431,0.370084435494362,0.458126073999669,0.000905635693066726,-0.095484553198187,-0.045486427907888,-0.116676267204079,-0.103431357952112,0.00605195429742222,-0.104855656313153,0.189489066800195,0.0414101406113582,0.290233275242474,0.293737673804236,0.27091336740006,0.165582328912559,0.0019564029982867,0.140545667862386,0.222490204821451,0.00147613084772097,-0.0150369499266401,-0.0287670108037654,0.0883457040357872,0.166630600197967,0.0257803331391968,-0.0200676110968075,-0.0249793857120612,-0.0906231496930647,-0.066861110849859,-0.0462208028706541,-0.0697706910752169,0.000779482488877806,0.0447728392761956,0.00548584323970079,0.0700300741568505,-0.0291222497027977,-0.112519852621699,-0.0635600502456966,-0.0704325994531001,0.0807801925038069,0.0896844321355529,0.267035162782467,0.408062241078069,0.50800228329864,0.498373139343921,0.0649637927823706,0.230961330120414,0.256845922271277,0.328424206719078,0.00287401579887816,0.034886376692246,0.0629695191928695,-0.0868804210010221,-0.0634274790145665,0.0271898506784603,0.166537872702965,0.173501951546197,-0.154116786887559,0.0406075652434536,0.0634725947127796,0.132583174809455,0.0825243533500789,-0.080541463949734,-0.052975267973067,-0.00923459638778119,-0.239035310446504,0.0992768016659612,0.174961671038795,0.272267240756882,-0.0246830052232617,0.159782986653834,0.304369339376788,0.0764785007012721,0.153983796900851,0.111208070805029,0.188091136499753,0.0553540417195255,-0.0338210595545652,0.0550554212312672,-0.119732349206772,-0.0238334529116428,0.100012719345522,0.104669207254208,0.018681808967937,0.0117493416686951,0.0546445167601477,0.0377583051992691,-0.11670904890742,-0.0418978356389799,0.113617624318283,0.00737592416506793,-0.0392154370608083,-0.0873912482345475,-0.206794239495172,0.0195521382132096,-0.0285459895380856,0.00147260287268654,-0.0186660764540256,-0.0193870999993493
0.185392626805755,0.147039585909826,-0.158393367955659,0.0531747890759433,0.168884529305936,0.333301589679031,1,0.602540061581371,0.362497110381684,0.30126345888683,-0.043444690928972,0.235336597881071,0.453925632471887,0.357813086379689,0.114954967828032,0.205688090049769,0.0606930854533263,-0.0620757969510922,-0.0427323756394289,-0.0508726719512153,-0.281431648924443,-0.329676955967225,0.0242772146140949,-0.186502091562121,0.00276329325189136,-0.0121427003132936,-0.135339862595514,-0.0613346101513689,-0.11715525189897,0.00849576167164765,-0.144105333461864,-0.0581409979582126,0.502870749746131,0.414403502078059,0.197677193709535,0.215809228160485,-0.30473200471379,-0.250832763349094,-0.197079476246892,-0.0840659475049285,0.101013362123821,0.118522219667561,-0.246917772022153,-0.28081969486669,-0.241532448916302,-0.267416493325733,-0.0731102852510327,-0.125305747225605,-0.147576142304809,-0.093941654755606,-0.0219824926352648,-0.0201080869939063,-0.0433709939797516,-0.0186348146877608,-0.11471225408211,-0.00686169831391114,0.347395755183793,0.311994239340593,0.325160157139735,0.04508679714905,0.30659879268603,0.262759331576569,0.545971461410523,0.671127384788186,-0.250174028891726,-0.238012302651122,-0.241430878541237,-0.333079269518191,0.0322999124127839,0.175032249651208,-0.223012403676563,-0.06619720885244,0.191187906160499,0.308585026934893,-0.0892801618052765,0.109940556701806,-0.0345173078873587,-0.101605039886994,0.263862280511259,0.319510490554514,0.276904750441807,0.245702667741322,0.107525382644905,0.21590892577116,0.0811073591133695,-0.027185727830026,-0.20549313181803,0.00326255885370575,0.0997012050704727,0.0913405414774696,0.0126610387092326,-0.0434029183519114,-0.0553713930392369,-0.118685476058669,0.186387054482008,0.129780079682677,0.147517587937279,0.201983994881906,0.122992302684364,0.13219716253035,0.0597078490596392,-0.0973368582400141,0.0175223172184397,-0.0731599262850734,-0.0430743292073528,-0.104914299776178,0.0304035717517546,-0.197820088464048,0.000251578230419121,-0.0997304100569148,0.0511166414553832,0.115045095002696,-0.000449357972990522,-0.0779825297890634,-0.0766712297584905,0.131292015238104
0.250135253718821,0.167940892925163,-0.318029960927483,-0.115745892376726,0.0220752235675394,0.321363592164047,0.602540061581371,1,0.329005807146419,0.57909474817538,-0.114498646709037,0.179253282659919,0.445780802143589,0.382099250501709,0.076941722738021,0.161002079080585,0.0963211920115973,-0.0159574462833698,-0.17060000528085,-0.119167912673988,-0.384860696766472,-0.307911521223429,-0.24931825584423,-0.193528129406727,-0.191111893635115,-0.146592139459773,-0.308767521559719,-0.26440826733374,-0.198118798208827,-0.0587218087521943,-0.185493599529636,-0.00485965374323582,0.520337483860453,0.449201406621745,-0.0059410594236726,0.0476449301050467,-0.253498769454214,-0.187912024722314,-0.267350650493344,-0.092676924200645,0.33595012351729,0.214067825861112,-0.153595202388105,-0.14690794350742,-0.181775546273161,-0.192447035413762,-0.010102667935545,-0.100740200911342,-0.00110780574518555,0.0138765686839888,0.11032201124693,0.0602270976363237,0.14149411984937,0.00204280538107212,-0.012592475974991,0.00517917592969429,0.368228621959256,0.360969722745981,0.357910248819315,0.0419448037409525,0.18816580303732,0.0959018948416859,0.548505847612232,0.57428919205473,-0.22407645081225,-0.267879319327939,-0.302140392788094,-0.324810719567036,0.118600758523002,0.214273727269802,0.0432035367084418,0.075293204167023,0.110959748400185,0.238770732279327,-0.245188603062675,0.0346270508373625,0.110037921076482,0.144356021812956,0.289612032238749,0.416756890073665,0.406660614437669,0.28365141258168,0.19351453538928,0.237182966005925,0.212542941624527,0.00905007812611416,-0.0501410838307046,0.0308399563513378,0.116676375520306,0.0144815613928434,-0.132679405030294,-0.219255125128284,-0.159576335769773,-0.294650126978416,0.135205403115233,0.0798244073826309,0.0804978961215145,0.157617979008094,0.0692023275074158,-0.0648311164501617,-0.213834162501481,-0.305445947310123,-0.187268531916135,-0.280174963644023,-0.185841573682387,-0.22768779047756,-0.0109844121903323,-0.169964248176013,0.0334826722727819,-0.0321648000740615,0.0658916798150392,0.0403314123798997,-0.149601040924493,-0.150319057141715,-0.193542142835258,-0.0490907222571562
0.282151862050812,0.254416545309039,0.329284783407029,0.17123937503134,0.562739651872551,0.453191251645666,0.362497110381684,0.329005807146419,1,0.552544620191246,0.563350766330115,0.302685054034541,-0.145779820814948,-0.0947158483195328,0.238615702554627,0.143096895407475,0.0687481234314377,0.00381153808787179,0.443772750788309,0.353441420031254,0.161855508789269,-0.012391482629591,-0.0334208624396487,-0.0326260453905194,-0.246101834096379,-0.208591669539262,-0.053711520082188,0.118600488244873,0.156092137659041,0.191085147118209,0.446064384448392,0.245556443378042,0.209486860286339,0.012172151006443,0.167482846424747,0.168461381176628,0.249120876749376,0.0917624763774272,0.0116826297352325,0.0354367587351125,0.165533608467845,-0.148600552201856,0.149587959608871,0.189947602064916,0.209374093097044,0.172477937543544,0.163863259420598,-0.039733283381482,0.214822427814641,0.338995822378968,0.259955962362276,0.324917183769105,-0.148628198010861,-0.278036199655815,-0.00246290142332652,-0.186845896252503,0.22192534658846,0.167913446199269,0.346277483785031,0.145594249143565,0.48279064516893,0.38004444862719,0.163301303609237,0.186488139043644,0.389267451653383,0.265528035703927,0.193069656655671,0.117940788909741,0.315906189725639,-0.000960693144259112,-0.0124116131370393,0.153975500550637,0.128116633404074,-0.087843655702276,-0.193220920484757,-0.165571079584482,0.235438600264688,0.243579286652053,0.247426082612383,0.0831222051980472,0.137968495587246,0.156100014323467,-0.0545002245855271,0.0668636169896108,0.530733985784528,0.274937107567144,0.137319296816204,0.149160186053101,0.158482225242414,-0.104401175736822,-0.0164555415455222,0.0096919130289792,-0.0364343095898863,-0.105125731182266,-0.0916741150555462,-0.221435771472801,-0.128081125138238,-0.0760160285468132,-0.0187953367901868,0.0531067679691951,-0.262829458610262,-0.167792700733533,-0.211015292385425,-0.170000812605979,-0.256697287160593,-0.116950231097896,0.0674336885465209,-0.00695223184396831,-0.109270529450095,0.0979244025962282,-0.137332837762924,0.0600814133395993,-0.0623709568190391,-0.0628251502896175,-0.0179124981486598,0.0661442803100236
0.0167670758338289,-0.00649582945822345,-0.0488753526166634,0.0686447557045397,0.238916005070403,0.546063165390901,0.30126345888683,0.57909474817538,0.552544620191246,1,0.298289582878017,0.584093791981503,0.0994272676677873,0.0447894098687819,-0.0174564357777843,0.0140249903926857,0.162956920162173,0.112201249195589,0.178525115372419,0.277817115836137,-0.0759826884215759,-0.0631542360675547,-0.126467670371987,-0.010028269840004,-0.237631243767607,-0.0654740071161891,-0.238802257002485,-0.024524201591085,0.095007091318119,0.341872341811733,0.201994935196257,0.331648771776351,0.508922381932304,0.351970828433686,-0.00797067357748429,0.0590636424499488,-0.143318014216735,-0.160802652920477,-0.0997514069640132,-0.0561715228041394,0.285725855063699,0.0703789737949122,-0.168023509900845,-0.161664486264422,-0.119638334373917,-0.104558309350852,-0.1380027071664,-0.289597953058336,0.0391799433186231,0.106738214605085,0.0776682598632749,0.159979654280546,0.0494581071432646,-0.1191794386302,-0.0595467873107926,-0.178133534318716,0.101377988008483,0.0888327695574118,0.175698235516958,0.0575301494353412,0.298324601361061,0.298483431774792,0.326419513748178,0.410065744680802,0.10873539683738,0.0752207325515366,-0.264463249725159,-0.187479845143574,0.0296830475807198,0.0737355737179877,0.0782401853224468,0.181458530683109,0.24858269940974,0.186422605149152,-0.0270117562873928,0.050283504659053,0.319555208272187,0.272993021441903,0.187745530044801,0.0941558900837162,0.156062745570027,0.131882143200359,0.0226910898096657,0.179283427862847,0.299570336464471,0.281231925438211,0.0963070254054788,0.186169253498489,0.29132882591006,0.112438101413441,-0.0441481070330791,-0.0961760495105242,-0.0404997080967779,-0.148499268307361,0.00988548110393836,-0.136235492712447,-0.155839262746293,-0.027364482035979,-0.0268352763720464,-0.0286614931788464,-0.313670777567489,-0.18314003435632,-0.151922883602372,-0.134349887247102,-0.185393664043502,-0.0817357486211234,-0.022207125473775,-0.0899832290298369,-0.0874999341794074,-0.117209816348825,-0.136529085157957,-0.0305045292611776,-0.116450960759117,-0.0538975036278889,-0.11176014072947,-0.0838258698856714
0.0199988570217813,0.0111601659412651,0.447549548365143,0.242729142867162,0.425822828417124,0.195971772266327,-0.043444690928972,-0.114498646709037,0.563350766330115,0.298289582878017,1,0.415050683174963,-0.221822210198032,-0.211273540058683,0.152135607503536,0.00806975728137322,0.196138791492866,0.0715582161536769,0.471723342967865,0.380329874769467,0.350778065000565,0.248815345857242,0.0757572143984937,0.215761296435245,-0.0620179907462201,-0.0712164336685549,0.0673942212333406,0.245042099627901,0.379176889188373,0.411633320343206,0.675143841803688,0.380364081334846,0.0163076147101108,-0.112904358230249,0.0429223849126787,-0.00254931474570216,0.31004050274726,0.107039032174896,0.0450229583723632,0.0234069802033574,0.0932896117538071,-0.183253075046603,0.138134264787734,0.187731802892164,0.197005592394191,0.202616129917081,0.00888611992042495,0.0668431927020887,0.146663751810267,0.180014730286783,0.0439524603344351,0.194723436443264,-0.122124907172322,-0.0650850947286362,-0.088720691671362,-0.153580139171144,-0.15602141091609,-0.228205221612103,-0.0873293280149721,0.0243966383937784,0.247781256090406,0.12813327840996,-0.177949867870073,-0.180564875801144,0.508085062830403,0.40101155600568,0.122308709911773,0.168714663838283,0.108707730025777,-0.108547874288865,-0.0286499114605897,0.153629964732734,0.212886886348948,-0.0299026877290138,0.166286409026307,-0.0493467367976852,0.26059552298733,0.225392437406309,0.0226729547225004,0.0221514312996543,-0.0283487501741983,0.0748121989497064,0.0945565484751133,-0.0141873451590764,0.536983302368337,0.483633859332437,0.206757899698934,0.152470348779542,0.0869812321537198,-0.0911115188102435,0.0587088342675914,0.120777787338959,0.0105039069365958,0.0357400730722552,-0.0150859510902519,-0.125251393456606,-0.120069844363056,-0.0779636969836674,-0.0853804894518331,-0.0235748706000072,-0.185486594732715,-0.0400287762512345,-0.144867964431137,-0.151990998670334,-0.16261445796227,-0.0250543004957815,0.0168464203549683,-0.0286698567143012,0.033306952806478,0.133004179001362,-0.139820072013992,-0.0490490944046345,-0.117031064870692,0.0513237413575683,0.065134139078743,0.0270589174101117
-0.0433599654633074,0.00238733833518158,0.103549905540263,0.226258096437741,0.261859256843604,0.389164782296364,0.235336597881071,0.179253282659919,0.302685054034541,0.584093791981503,0.415050683174963,1,-0.0172457283107123,-0.0220101490931874,0.0425977931648068,0.0875055748872178,0.245539806734245,0.127751963813064,0.240056204050284,0.387812042329558,0.0304936027574358,0.12582019217734,-0.010008491803569,0.235411068076183,-0.121394485518299,0.113437086851246,-0.136256391481696,0.130198992103724,0.183168907772044,0.459983027264074,0.282119813641776,0.330630038857223,0.368378256206786,0.406550616677396,0.153872428044286,0.142889950159899,-0.124950569985814,-0.224588313077329,-0.0908234595952544,-0.108899158930553,0.190843020276892,0.0827736605602804,-0.287005678803007,-0.253276041653306,-0.204348074165737,-0.251225646643846,-0.100823771578303,-0.204377692001343,-0.0882218604243693,-0.086997153098406,-0.0787748652350721,0.0916733886885925,-0.133002298098723,-0.237040819124789,0.0346549436035811,-0.205319525299352,0.0044051968205431,-0.0611078508545094,-0.0100695907807795,-0.0363784493157428,0.270458542934016,0.28025985329833,0.238925254934345,0.345716921127419,0.152331451619422,0.0912431456993846,-0.231176679425039,-0.152498594605865,-0.0442607345820788,0.0152259866695809,0.00372085654068218,0.207803793062899,0.318444619724981,0.244752271491691,0.0839259431666297,0.206285483754088,0.172875093987967,0.128195577987512,-0.0585822496457292,0.0698728469016318,0.128264117077461,0.21373777230629,0.11900011494814,0.324099841965843,0.354800321805208,0.378584741609797,0.029865124608073,0.128482442881541,0.174270121708903,-0.000574843081507066,0.149637563689191,0.0656705611459677,0.145342643384206,0.0917266622477682,0.0168981801471915,-0.130296757028947,0.033935955542852,-0.00583061165560791,0.118299173390558,0.0479776270916616,-0.04413638870069,0.0192735072389868,0.0596351147058354,0.0525495701657333,-0.047609998904264,0.0674692582383358,-0.00631902438353131,-0.069034787129357,-0.106637693889142,-0.0549600781359015,0.0892262796368706,0.130598166243229,-0.0146729550397132,-0.00463462796530571,0.0018793483276167,-0.0321248326329714
0.111866795345306,0.103456837498092,-0.389170952771329,-0.0956053614316151,-0.438471166824968,-0.168283030812348,0.453925632471887,0.445780802143589,-0.145779820814948,0.0994272676677873,-0.221822210198032,-0.0172457283107123,1,0.782159274615803,-0.00926292246449929,0.129990051465104,0.124642004077354,0.0482918443343909,-0.305793202738831,-0.202678676820397,-0.385745209479398,-0.283142578800502,-0.16541185763736,-0.107158185894948,-0.11626868331759,0.059343895814911,-0.406924343707616,-0.319002222008749,-0.342678173629866,-0.159319193494358,-0.51656043074463,-0.255617467071955,0.53286414724102,0.541177250392583,0.116696810587983,0.104705004517978,-0.202317962445427,-0.00945202074794804,-0.256485485531377,-0.105928193346353,0.174992734872778,0.278602348921021,-0.384356657184723,-0.407744152762495,-0.394458574389707,-0.34472014776433,-0.372941879163902,-0.205400998177075,-0.348441628484278,-0.347846690469247,-0.25885026026018,-0.265724934023223,0.243664925774296,0.365248697497425,-0.114305800046754,0.0922780200593036,0.285931798243063,0.315673145710059,-0.0800050959401616,-0.243291972376792,-0.159957555322604,-0.190036645520547,0.556804314100966,0.484485330967643,-0.430234005707893,-0.315861486184075,-0.397994675620545,-0.36354515649553,0.00613140387345208,0.46959980313937,-0.204025336381365,-0.225786173164185,0.0385237270866398,0.225519964888505,-0.0237762057688281,-0.028272210407011,-0.124069072208487,-0.171063327381549,0.405793267850159,0.430828876102807,0.540790294511084,0.281245647291322,0.322208985669099,0.180030527930388,-0.0302786237019764,-0.00961619650546326,-0.126296639290584,0.0899311859126012,0.0618878477283085,0.348082616120442,-0.303730357152923,-0.274637721487313,-0.296075039928177,-0.347730079082885,0.127063835817049,0.11580809944786,0.0100449203886929,0.129023484110436,-0.193396762771274,-0.196015979272272,-0.0739576833724899,-0.14642236222005,-0.0675869248333487,-0.1686677515561,-0.181940060817605,-0.293988001479382,-0.23152565059823,-0.395237610483732,0.0908213169045191,-0.224062281939532,-0.0205806570768565,-0.179398478234207,-0.180568779497544,-0.174620604860058,-0.237797637004667,-0.00883445849293446
0.181130434529903,0.195137133828386,-0.366959656609847,-0.241965302697703,-0.478217202719892,-0.286628824883068,0.357813086379689,0.382099250501709,-0.0947158483195327,0.0447894098687819,-0.211273540058683,-0.0220101490931874,0.782159274615803,1,-0.042267728107211,0.0895400008488396,0.0761476621082914,0.0643407228077891,-0.268280675018994,-0.21072367958802,-0.308661751629378,-0.179473138237447,-0.221022258249848,-0.00255539769803739,-0.182232195712624,-0.0290576807396848,-0.435197595318804,-0.442102874625514,-0.267833845941386,-0.218239510075783,-0.459455426892352,-0.384126585584163,0.506207003459949,0.647166240746796,0.0841540167066059,0.0559152973534136,-0.203851919967794,-0.106949970194049,-0.175713307909058,-0.0137883940957199,0.327952631061454,0.367265950269572,-0.254609645236787,-0.282662830043618,-0.2227571965028,-0.264732272793169,-0.149155900514969,-0.16226045776016,-0.242044666590332,-0.241875679764951,-0.118856766353213,-0.0940440883570265,0.235643779160518,0.164264684460123,0.0284232258644597,0.0219531813160115,0.301516717316667,0.287967029740112,-0.0547814407244002,-0.356640548005884,-0.216753251009316,-0.22460670515421,0.511807025166355,0.411265702246178,-0.404215460850405,-0.381297876914044,-0.400540207575353,-0.367317862848036,0.0110364324285025,0.42745741011944,-0.127493250997729,-0.0586277972749457,0.0837496914827773,0.31996793042288,-0.0763327246367505,0.0749933623770056,-0.11184607076024,-0.16384686724016,0.402462644655224,0.520253356159569,0.606686607622675,0.407154775261728,0.424884573769511,0.345375287582287,0.0280402048789504,-0.0807215439273735,0.038093080571551,0.234702644633735,-0.00142275028822961,0.197979076298422,-0.364880228675415,-0.363918780070926,-0.348092087374548,-0.357143203307233,0.0817826843731105,0.0138847511956532,0.0800695721717758,0.0632588324883956,-0.196581024512843,-0.230469990675565,-0.223906659614984,-0.227750078170941,-0.25476881293031,-0.223627857125857,-0.228051581681817,-0.286948686111504,-0.263658921625893,-0.399756400375423,-0.0500418932735357,-0.201794023855146,0.0518694759255759,-0.170411710175695,-0.24996585633413,-0.269603704779933,-0.248603318256588,-0.0366673172937056
0.806703800369557,0.737438009283976,0.547421673151832,0.547441835668044,0.359164645833619,0.20783384242444,0.114954967828032,0.076941722738021,0.238615702554627,-0.0174564357777843,0.152135607503536,0.0425977931648068,-0.00926292246449929,-0.042267728107211,1,0.874193723489879,-0.0338405989345215,0.0300844357478376,0.570993495373187,0.456389653628535,0.0951300655575736,-0.0156981613474758,0.00179743449300362,0.00648152295589485,-0.0794949806062319,-0.053203979419687,-0.0985553644976873,-0.156435742261065,0.0549699010812338,-0.0943383622117154,-0.0680134562410483,0.176010010143178,-0.130520452964009,-0.118047509003381,0.359965817327826,0.260770980649843,-0.0602016231749329,-0.119934103218229,-0.0486744115704476,-0.0539858381707773,-0.0568874555010333,-0.0447319638179262,-0.0198145761524835,0.0220946303627334,-0.186487019751393,-0.190344717692666,-0.0644094370059768,-0.0745081750808278,-0.197892947451094,-0.217808038325675,-0.135646410395669,-0.169010344283792,-0.132887843965101,-0.131915216855429,-0.201609330046234,-0.232629097849956,0.662702129400663,0.522918829775093,0.407422655742977,0.156502239791384,0.328276297175725,0.111446261854794,0.252844730438407,0.0527751957904905,-0.000379003177099325,-0.0686186548155443,0.181274214188271,0.0437606854439202,0.562142161135951,0.287986718712979,0.0569228754445769,0.0880652951793094,0.0250304448107926,-0.0690765715788633,-0.116820751535792,-0.145739868996561,-0.109498233920494,-0.137381772290036,0.0563410585948036,0.00106749525907874,0.0843811683337596,0.0832244345406712,-0.206984581833689,-0.153165434891258,0.174298093640025,-0.00288961226618453,0.0698667096850216,-0.176182207727458,-0.0294865259980706,-0.14721493153254,-0.0645760881270886,0.0416114802591674,0.0205301088467132,-0.0041380587427336,-0.0127074222511397,-0.0191832252258034,0.0301412672274115,-0.0330711103868603,-0.00286973350939893,-0.0155811040289883,-0.056647055162335,-0.0266515166797686,0.0722359386008541,0.0502494844363898,-0.0152143285566138,0.0212189123356998,0.0178439887245702,-0.0865088718235695,0.150343271673236,0.2218233630779,0.0113544147910814,0.173494506333817,-0.095257268048717,0.0332500897056073,0.0207511803749499,0.167080689888904
0.760689132973915,0.740316678161536,0.414899783061054,0.468484532944817,0.21486973764471,0.114419380695296,0.205688090049769,0.161002079080585,0.143096895407475,0.0140249903926857,0.00806975728137322,0.0875055748872178,0.129990051465104,0.0895400008488396,0.874193723489879,1,-0.0147146204711031,0.0641112315862799,0.457254646771955,0.399341156136723,0.0119607476002843,-0.0238301382222976,-0.00435117181874829,0.0625299498243296,-0.0722025868080354,0.00997099177725808,-0.147274368734384,-0.192442407757601,0.036420194995513,-0.147386765417944,-0.150575957932133,0.134384659499058,0.00128347876099795,0.0808225302375989,0.335735642370496,0.244828374980907,-0.201590903444027,-0.212390068730633,-0.0744441359560122,-0.109018139073251,0.0653907173985705,0.124969623701715,-0.185962296646378,-0.152918059085667,-0.288816004797953,-0.342668495692799,-0.178476893186858,-0.222337063995988,-0.27328978469392,-0.269801277081773,-0.128171156451435,-0.118344052054832,-0.164508048364998,-0.193835165864417,-0.215386322119619,-0.327166394032376,0.7230502282695,0.61224120379823,0.430931088084978,0.143507368266785,0.274679926718789,0.0834567466228408,0.352541779114109,0.1646418387223,-0.129082311118053,-0.18862757475242,0.0115484536041424,-0.127754640155761,0.589374738457895,0.404592773884754,-0.0380220179221893,0.00255879265596127,0.0858068513048509,0.0637455528280227,-0.0821094426695756,-0.0748781474926157,-0.0456568170344687,-0.0796844689969239,0.0970018173365071,0.144246909272508,0.191485124634195,0.167980255877396,-0.139852309583758,-0.0451674990549538,0.128607592939718,-0.0660807239114796,0.0976532782565921,-0.198797982042823,-0.0882260325820313,-0.138846019900251,-0.0582998673041491,-0.0211418212431532,-0.0558963131205077,-0.0776562904018618,-0.0111124888907096,-0.0979269686236929,0.0721910040558171,-0.0276314262440419,0.0211289805510194,-0.0308750603056798,-0.116041323876229,-0.0163330836484345,0.0913649510577616,0.106462908636277,0.0539184397879864,0.0794235781106414,0.0139968099829097,-0.0914475024367347,0.100707088289177,0.169858063246876,0.0541948022104179,0.247903355232998,-0.0467597655055518,0.0691081955901234,-0.00404823195550732,0.107678297724042
-0.144110244719709,-0.184892241799083,-0.012411447691671,0.0751426749732146,0.0350323657268085,0.0659592637080012,0.0606930854533263,0.0963211920115973,0.0687481234314377,0.162956920162173,0.196138791492866,0.245539806734245,0.124642004077354,0.0761476621082914,-0.0338405989345215,-0.0147146204711031,1,0.244555532557451,0.0105102772481547,0.0442707368720504,0.157324178456898,0.244292708722267,0.20351244328185,0.160625137785296,0.134281107786903,0.187092487615869,0.147178479976928,0.106910325754379,0.261440729393862,0.221951853389441,0.119920107179353,0.14523123647397,0.179671735206268,0.153078999566299,-0.0474371573354921,-0.105999123749334,-0.0613462676252186,-0.0303797984832212,0.157385882473118,0.0739371611215129,0.219628968807832,0.216900319640349,-0.0674259065061345,-0.0650434684090617,-0.201644205651261,-0.158436808693941,-0.00517541166195651,0.0966434739887649,-0.18089516381327,-0.141951005390779,-0.186076152907508,-0.0891765684837126,0.0896416880044807,0.129901146301677,0.164944120893993,0.145605683742344,-0.208765661211346,-0.200817495926441,-0.161486151161566,-0.0133572728053544,-0.113114571320568,-0.193159891278594,-0.0954655571044284,-0.116655358611329,-0.0319554827068581,0.0732144432602856,-0.117388435667223,-0.0599471742873033,-0.0435462568996643,0.0523890652233688,0.0979767652457223,0.0661906290734512,0.301076593592957,0.225639897503932,0.263123035567389,0.0217674567158753,0.0829084685483124,0.0573803873260368,-0.0994049426999545,-0.0148400995859518,-0.0122396991730548,-0.0472993310769946,0.320810058425002,0.100565534347161,0.0174650470015513,0.164017723297433,0.102057222181919,0.144844042051829,0.239622425259948,0.139409551675176,0.0709801844849247,0.0590702684310193,-0.0184939023419512,-0.0129831540530154,0.0978114473525799,-0.108795292064406,0.0163057878588077,0.0457338849536054,-0.0527385748463913,0.0124856052956521,-0.0746909008836579,0.035682506390062,-0.0288846626436776,-0.148916001060911,-0.139579760481382,-0.205420906664747,0.12772768886625,0.0318852314386942,-0.0836315670849471,-0.0731757502424953,0.0622111356046067,-0.0188155933551107,0.0451625601746533,0.0982482360569199,-0.0187214674823854,-0.0555220708405843
-0.0465316370379074,0.0118211034896992,0.192512701887333,0.135030492542031,0.0530176167729196,0.0668220179348431,-0.0620757969510922,-0.0159574462833698,0.00381153808787179,0.112201249195589,0.0715582161536769,0.127751963813064,0.0482918443343909,0.0643407228077891,0.0300844357478376,0.0641112315862799,0.244555532557451,1,0.239774423394215,0.220631692138884,0.219258336129907,0.304693186701024,0.163753352633218,0.452388862891545,0.197406863379596,0.471132204367619,0.0356912940853707,0.182636373635951,0.336100569057605,0.329634548675613,0.0556860521407429,0.0737298280275567,0.0888599566877356,0.0606129031990602,-0.00900513798061668,0.038674094548268,0.0705194572101675,0.0696369275365354,0.14010671475129,0.134637288479,0.214175188364856,0.213088029757512,-0.0517460313498509,-0.0371603474850784,-0.0320582781107181,-0.101013721581568,-0.145520544908852,-0.104067372143408,-0.0337464046460888,-0.0395669962533022,0.000597944498210223,0.0906209174102142,0.149005002750479,-0.0566721718667738,-0.0625006745944901,-0.0881704551426297,-0.0725705166125485,-0.00705033424697678,-0.134818891521809,-0.106433833336422,0.00302348927817437,0.02960309817818,-0.13919263122783,-0.0969054723610129,0.144161801321083,0.200722863812813,0.00410123976967988,-0.00441128407904691,0.065266846246044,0.0839615962263101,-0.0204154164511425,-0.0729483518669583,0.0901645958379638,0.110239853743595,0.163956819961042,-0.109607021181611,-0.132692624595634,-0.185054659399269,0.0037044990072893,-0.123306228181448,0.0826031343654611,-0.0779406978652757,0.14116382430028,0.115928318883914,0.0451400630251305,0.164584315915096,0.293472736274093,0.299848930370488,0.202980127762695,0.163533218065622,-0.0538031907626687,0.112759520656971,0.0644812733657266,0.0309954637196661,-0.0928257621596256,-0.161275969757162,-0.124576063821536,-0.128590406854244,-0.21727961647562,-0.0672967508982318,-0.202748022458318,-0.0204041103815298,-0.0156068432256449,0.0855958963423306,-0.0386892397771493,0.0304447158261289,-0.0207100349675307,0.046370442342806,-0.176414540492377,-0.17573704328827,-0.265397617786937,-0.104768465519372,-0.0973353754950288,0.133673473034304,0.113599175760252,0.0654547178505542
