1,0.469859081692463,0.233860813197917,0.130389065847246,0.136868103773498,0.030581078930882,-0.013789632816526,0.184293853433072,0.00956604862870227,-0.0628231999624147,-0.00260297482004335,-0.105795356688504,0.471232589723014,0.410056649986218,0.688270778485171,0.577813999771516,0.0699878909479503,0.219511624571108,0.0119254450342513,-0.0410918052552046,-0.01378718644141,-0.0430922253473654,0.169808015119785,0.0795145073552153,0.189910266318336,0.041570804169226,-0.0147272776748056,0.0621835410491757,0.0213262206781343,-0.0928238878631914,0.114566916146097,0.0317352349024503,0.125417611065214,0.0447178165183933,0.168476637344878,0.0688716323283083,-0.05592473729986,-0.10379369752909,-0.159889765212364,-0.054806804848883,0.12910775502964,0.0960956710030527,0.127161427846148,0.0674779872487542,-0.00237731851590141,-0.0460070003198608,0.165235204904436,0.213133011324063,0.131346841853743,0.0903597650809014,0.0759695275769304,0.101228172309224,0.181050283233705,0.176224185086676,0.0125065423693877,0.115339564301171,0.87708857680205,0.552691836617623,0.680273024391622,0.485378464415049,0.234072737409865,0.113734703584217,0.149139481899391,0.0255831817749379,-0.0852101627585432,0.0165323744566735,0.182821645032071,-0.031498938088674,0.34628354828597,0.221744864431953,0.089019281112417,0.101686744217911,0.50326097767344,0.298386628924471,0.152461768775179,0.160632195907776,0.158885946283579,0.067455667954416,0.274695863242816,0.31328487921674,0.0582466001080339,-0.0329215352135347,-0.0265522968993658,0.0173243611334679,0.120750301679703,-0.0619417593590641,0.00380114218622244,-0.0869733764636505,0.0535867850234456,0.0307635115924769,0.0287212098805223,-0.0218064015162367,-0.0968130629264899,-0.015022807223034,0.111475505094998,-0.0513003028712165,0.0548019207734184,0.283536230562751,0.240442523848311,0.268555092345498,-0.170758890471491,-0.0528215782081514,0.057000816568935,0.123015047961227,-0.125984119261867,-0.137686786606635,0.0755765128526057,0.0997444002363909,0.231246770784233,0.103299176306884,0.0749604616719765,0.0395415040576865,0.0900777610905026,-0.0394353747724299,-0.162534909444338,0.0195197950985243
0.469859081692463,1,0.220896694759212,0.253739764858363,0.348248559046122,0.388099522430396,0.248597245757299,0.541168702557671,0.435772781640889,0.273521769045796,0.136382525287879,0.203725547524906,0.226621488038021,0.437024509494407,0.321645645758122,0.43384190324284,-0.0797352906649154,0.120996651069594,0.200603712904887,0.189698303515637,-0.206190189573929,-0.250915017155145,0.0331805484756231,-0.0834778801846551,-0.0232539038194206,-0.05838209135559,0.00482546842785872,0.109781197260028,-0.0588263272144983,0.142279855542496,0.0298268996271873,0.139594706612362,0.191009882883344,0.279350277761429,0.425405154821241,0.390555061671869,0.0384409383799384,0.0178244264614747,0.1326779672219,0.311010687981716,0.240140615349846,0.177590475132275,0.256373533813553,0.374008507853787,0.194731440199094,0.258924178212848,0.441661542499451,0.436933416653436,0.400006591108046,0.404876923292476,0.299050003105838,0.357746319890287,0.353761203958313,0.259892276017515,0.269646796744705,0.390992226086078,0.577351944440996,0.88318536018852,0.348563625165986,0.52138542740148,0.35668416761218,0.404375480792654,0.327040157445239,0.328607450582034,0.059627496871481,0.225899336757507,0.0532523044263142,0.115564427465942,0.438070456148256,0.421302054628338,-0.176059045834603,-0.324572153832953,0.211579384068239,0.307893425905687,0.0436643814204428,0.0512271246157084,-0.0290369933821833,-0.131001601964201,0.125525934949797,0.361112302429098,0.392885070462153,0.377910227930689,0.285113539557595,0.475005558994999,0.241975448106271,0.103654481871849,-0.0866939168777924,0.195036720148366,0.121530398545423,0.216190444366121,-0.243058333004092,-0.243879832736122,-0.153357080233011,-0.149574688096131,0.256724318168586,0.245209215231563,0.135088343220598,0.196972632921813,0.0826546155695145,0.0215330022270092,-0.165244681194958,-0.148366616964408,-0.0938072585087158,-0.0770005101519118,-0.338197129519674,-0.288702140973096,-0.116721931286701,0.00798260550364776,0.226455658137783,0.0717377444730549,-0.0780997343658855,-0.0585602009889891,-0.0927139515879692,-0.233320532342507,-0.29959826312836,-0.160158682292927
0.233860813197917,0.220896694759212,1,0.613000969278681,0.498645416610029,0.220042840110992,0.0530652989869892,-0.0282421517033123,0.287977549872293,0.0148101613666221,0.179828645246002,-0.0126840539071799,-0.148487392258489,-0.158390554557107,0.261351222425731,0.441733144218123,-0.043227560202476,0.0225352060173941,0.645110664070253,0.469957458811574,0.396118609097366,0.221722115778543,0.118168976045244,0.135065445576529,0.18637142391573,0.153816926581082,0.191741977503284,0.0244929957691505,0.23550696105272,0.0221446249184461,0.147235252625098,-0.0286942205481171,-0.00929074120811174,-0.180816733093904,0.256839114021363,0.117767512231692,0.131349575078509,-0.0221355623973587,-0.0522893950151129,-0.109777426497541,-0.162342446430273,-0.19163735690128,0.209209730768311,0.0807976935798424,0.107747555249062,-0.0441401489175444,0.146431524083275,0.00532545867948836,0.108692822264862,0.0721137409147859,0.0693040246730768,-0.0288707694456211,0.0279798037499272,-0.0185434862776898,0.0563345969624187,0.0658402706326362,0.334908309832237,0.252146747808706,0.218182413041536,0.312338566900707,0.238736628940164,0.0282401687739516,-0.119792972968256,-0.131038964176318,0.289870195148672,-0.150477462108612,0.298826472982728,-0.0161147652965902,0.220424811801976,0.183576833255446,-0.12990543848361,-0.16943133694244,0.0957605378273367,-0.066749167460859,0.0129880118206046,-0.198008768579846,0.0158838559260416,-0.0906436990066695,-0.210543642529448,-0.230618472473333,-0.0502941417447154,-0.0607484165610474,-0.0103209721285937,0.00342073521162627,0.32674341917263,-0.110851264361208,0.0354457202391512,0.070587635760358,0.214711774089378,-0.0302404483587867,-0.14905623533361,-0.12570030770723,0.0613800958777426,0.214998370702102,-0.0419395592652612,-0.0609271585130752,-0.0929523706162157,-0.221299729939994,-0.052553459667912,-0.0545368113545681,-0.00180269557413645,0.066218028595191,0.0296997615965822,0.00049703608347169,-0.154738059434864,-0.117156553515633,-0.0777300420199283,-0.170220607222616,-0.0555781914751964,-0.210634898477357,-0.334177509539576,-0.0222979014697492,-0.0632583953319644,-0.0785026916948443,-0.114771497523625,-0.227537305310852
0.130389065847246,0.253739764858363,0.613000969278681,1,0.208503325365674,0.406027835263606,-0.133394753691008,0.0583682014195946,0.0262302970153061,0.180235206076929,-0.160713051336313,-0.149323260287912,-0.0681774471665531,-0.106072066914865,0.192126026098159,0.405575650182013,0.0759074665975442,0.124532901187908,0.536137999854574,0.686989947319385,0.404337109825379,0.431576160381087,0.149828436400692,0.334091724885468,0.0842561927134216,0.0881454651703569,0.00139603939907949,0.115095762150582,0.0228650793596064,0.195728625936063,-0.077054884479413,-0.0501261575326843,-0.0561780208112408,-0.0996514906083557,0.327790152831792,0.355285900825585,0.403961976009203,0.37052272446562,0.0814686973236692,0.0680083683451849,-0.107884033821752,0.011438063060882,0.278862290577334,0.126584456959507,0.384933977604128,0.309074409645923,0.173131674616,0.00265310375007006,0.0869998132152823,0.10344995965703,0.0829486414716942,0.0596998763604265,0.0386637315481446,-0.060844661373497,0.105201756710089,0.000433983289762257,0.150809662303922,0.276409888716162,0.0252663759765024,0.276246469311839,-0.0557426087899014,0.145518231424645,-0.214546763267364,-0.0548994233454607,0.264540117838562,0.340248528886479,0.43360010882173,0.439442404808365,0.266359793774044,0.330983035685309,-0.164513179172579,-0.104196380898445,0.100484726023399,0.117594531153926,0.0318687881787795,0.00507976152563988,0.0796868019102685,0.0471844670017768,-0.0116744285716943,-0.106884954805277,-0.0626272361052225,0.135812859275652,-0.318492659134399,0.106022613552666,0.219372504483426,0.315270642915301,0.118377232109479,0.228800771019708,0.0899055151385927,0.164600853367229,-0.0900537122570592,-0.249315872027088,0.19871492703827,0.0805299196397093,-0.0616303807728311,-0.00578688794024551,-0.0094210908893344,-0.0845706187690803,-0.17126837117256,-0.118811774187389,0.140705449417056,-0.0745845291124357,0.012706649514729,-0.020275837570795,-0.125772699751636,-0.107185806686915,-0.0807846696664417,-0.0823011283618653,0.0275890000535244,-0.0271811424551309,-0.117167982922495,0.0407785225141065,-0.0494827176050129,-0.162544146718053,-0.0826119988329007,-0.277846793356351
0.136868103773498,0.348248559046122,0.498645416610029,0.208503325365674,1,0.574604911101958,0.638095107459394,0.416511802693492,0.672884077853127,0.330684568189152,0.694811671237367,0.245191668744762,-0.192108619309662,-0.0444193837890082,0.0948383440701841,0.296350516207481,-0.176169658458085,-0.0770221344010436,0.244643297574074,0.0480946687681233,-0.275492105644186,-0.318507336402243,-0.0319636724092969,-0.155011354736021,0.183195583833257,0.00149680560566764,0.344822411003606,0.359120161108084,0.0415802745125486,-0.200943269761597,0.381623447995914,0.368953457483598,-0.0785444610301618,-0.0967614702056164,0.0499320198395418,-0.0586965939171504,-0.196204078873999,-0.315252029048272,-0.106680891676027,-0.107370928553549,-0.0207741886453434,-0.144378978380717,0.0376991654332976,0.136846790421447,-0.0688743263619652,-0.0106299303766264,0.16445565855645,0.104092359245852,0.399148737625288,0.229089315309531,0.491222785701258,0.222378752212348,0.206809404751572,0.113716106646735,0.124955001143929,0.139761004813945,0.226889350045542,0.352190175897657,0.271269532055307,0.237257352746829,0.727228737008631,0.4997403062877,0.0930588135910551,0.134342570448009,0.471236265502286,0.126189622586166,-0.0528672459152653,-0.300123239495944,0.178358821105918,0.186226215561813,-0.338160498742465,-0.317472148246727,-0.156425299843442,-0.18311610372095,-0.0793699048528306,-0.235501512285457,-0.138346119769175,-0.238321452469813,-0.183258227334593,-0.00976110381621629,0.214253619399528,0.0322071614316123,0.301587684774674,0.112958952598577,0.419535066578724,-0.121714418086978,-0.270103684419063,-0.24311970774205,0.383621811061336,0.113526621506776,-0.0485607808158026,0.0453916757920851,0.137854362581349,0.132150914426468,0.00370504002777286,-0.00156976024345627,-0.0747326793154717,-0.237377843458141,-0.0080985675641949,-0.055535409668511,-0.0456407494675186,0.0921646314459353,0.0214294509854395,-0.0610329357849723,-0.224496681609533,-0.12721172238166,-0.102370271381993,-0.0176379187164417,-0.0519497457047767,-0.193789788753684,-0.385395108294151,-0.0829336283819142,-0.047805939939489,-0.165557913637874,-0.0834868157000111,-0.2178100142721
0.030581078930882,0.388099522430396,0.220042840110992,0.406027835263606,0.574604911101958,1,0.476782259146125,0.633136932031309,0.482337403350471,0.576273661483585,0.293515504391381,0.462443357273303,0.0227289539542232,0.185086892600335,0.0629358235477498,0.245523463690485,0.0188287356250704,-0.019737078440231,0.0983547424783407,0.183765845543688,-0.180185230172326,-0.0402643669215712,-0.0999607600580401,-0.0653698157202057,0.0522895445885352,-0.00374709119215521,0.29163257536854,0.433176460183927,-0.000393530324324907,0.102893931594196,0.0601444897784786,0.323762279201193,0.169291710664644,0.244607190517149,0.1982673314789,0.285420155316134,-0.192135743924044,-0.118915659422015,0.0836356249172,0.0497715489535439,0.0798601818935404,0.056551382408802,0.0234903517052493,0.14137756229241,0.0845999311234767,0.272778224525514,0.177932545323287,0.0617942411290068,0.258393787563306,0.280865076236259,0.261059749067725,0.218156464358595,0.255170877248635,0.0289585855938798,0.152465314314601,0.0807585800231825,0.15158558451755,0.363857118203261,0.0422596099315675,0.217344112213428,0.403413058008115,0.571046502079964,0.290426058904534,0.485283354367103,0.0808394927603442,0.350902408465458,-0.151305359797598,0.0859293164745061,0.139974525871464,0.209544571134651,-0.233741470274135,-0.291388323258761,-0.073012257852227,0.0648748723195487,-0.0614044281978733,-0.148440888879977,-0.0619965798800855,-0.0393475043608659,0.0791213615190806,0.215009005197149,0.348605585356964,0.39797617567501,0.177651702770395,0.29384592827007,0.277088295146003,0.208270930375799,-0.0845768778195936,0.0241553118391635,0.325059831057963,0.224189869188131,-0.118466641528424,-0.28921107241243,0.0376039421636898,-0.168275728505374,0.101339006017491,0.114732770366684,0.0217373171520537,-0.205728629386755,-0.0926922223728092,-0.19773559288981,0.0539295164649006,-0.137597273055813,0.0573862294791518,-0.176970635775051,-0.123099683574988,-0.0930981981706322,-0.0912257754740735,-0.0531222420371838,0.0243472077554621,-0.071967447834997,-0.214630710899032,-0.111341697113619,-0.113392036173951,-0.0385635467277956,0.0646318322991957,-0.274742609341744
-0.013789632816526,0.248597245757299,0.0530652989869892,-0.133394753691008,0.638095107459394,0.476782259146125,1,0.535271097843822,0.63316425160215,0.395472024265931,0.611959840028747,0.351673136191166,0.0718413814052053,0.151848796460173,-0.168046140278893,-0.0250279182824361,-0.121083816584744,-0.0689689726530326,-0.100180816438151,-0.225728543902804,-0.554356130997605,-0.476161791296848,-0.261024866207383,-0.346165931876143,0.0257497543602644,0.0194442796386895,0.303963537377933,0.325781047179525,-0.0912818853728455,-0.167718387245212,0.187840111807583,0.394016979593877,0.248315746119554,0.14259511829862,0.00348401543405145,-0.0551148437458712,-0.396396827875515,-0.387964092321046,0.123334747484294,0.100024465877375,0.210592883305364,0.110504101567738,-0.1038702120291,0.00404224741705138,-0.236155696626709,-0.0541624392543065,0.264274117519726,0.198950239649124,0.436463394914308,0.257792777896158,0.480919004581714,0.267518680400111,0.232607762151014,0.161155356505375,0.251432453263739,0.279434858016055,0.118594895806448,0.258101469716903,0.135522479548989,-0.0238326043126069,0.749290391394061,0.452001098071783,0.508551266617595,0.42085155606806,0.147749985170543,0.0151510219412237,-0.348361901376038,-0.379024975987019,0.133410377828234,0.141034106476802,-0.212146124080418,-0.204501376027774,-0.204725053313246,-0.123352126619716,-0.149869514148965,-0.240232708425492,-0.129599622449937,-0.121140152848637,-0.00816431541750913,0.0802506599402726,0.352758435549552,0.0261889763199609,0.369866262388478,0.154487709449469,0.0894984641742757,-0.263010018227616,-0.273326636771498,-0.287359092580583,0.358477868865798,0.0772003809607995,-0.131864362793133,-0.0446313901744676,-0.0939011512125331,-0.140199068707636,0.1740618986816,0.095952198089626,0.0508721032386323,-0.0145644226074242,0.0289935930007136,-0.0214149764620005,-0.0124815638172609,-0.0414128493705076,-0.02053389062863,-0.0275420125621465,-0.129135673695708,-0.0451973430423953,-0.0856957628701499,-0.088742028144983,-0.0205539275613939,-0.0582614347200363,-0.235104235205051,-0.0466643814554791,-0.236610039123982,-0.175540070292994,-0.0226808501181344,-0.023080868335461
0.184293853433072,0.541168702557671,-0.0282421517033123,0.0583682014195945,0.416511802693492,0.633136932031309,0.535271097843822,1,0.399312609305261,0.465006413024262,0.252002298881393,0.394890554817964,0.204659367473767,0.47110395745905,0.086751782335583,0.210613800919056,-0.047982482784216,-0.0530973467862063,-0.0872976123215749,-0.109758498617805,-0.494312602363097,-0.454392014172361,-0.196540347198769,-0.295165656364234,-0.000528549475423751,-0.187505328542867,0.159759527680462,0.279292893082632,-0.0468358525690869,0.0429526331370607,-0.0148200064433891,0.348442021949031,0.172361306921688,0.41836775299909,0.181033156195026,0.213927846801822,-0.199361981834448,-0.141953854219861,0.166728479894815,0.136273352672135,0.259776383948025,0.172414995617474,-0.0606246669315245,0.0829000325632523,-0.172698492998144,0.035917338664346,0.277247391443829,0.220315733925936,0.315329885930372,0.242914823235859,0.307615465557565,0.210156775127673,0.179510984151923,0.0229794418885968,0.242489489225068,0.160295911049063,0.269348231651338,0.544027820985551,0.25555851075734,0.33449584736641,0.500649827511675,0.706470376096815,0.427041668161387,0.64308352312951,-0.100762430585876,0.354978095459527,-0.23516489586063,-0.0980267090585261,0.240694229272074,0.233954811259241,-0.142870317971399,-0.306440247418432,-0.0305190882269836,0.159828992233641,-0.0594436867350517,-0.0795865288243759,0.0503341331461399,0.0566425972900879,0.188069241746577,0.365680568857578,0.324774217438323,0.305730423536839,0.231404347536962,0.222930047733994,0.0711375528873765,-0.0842850213718847,-0.0415315771610685,-0.137766328655046,0.240799846297599,0.114652045254682,-0.194930580995072,-0.20999467505357,-0.0937021738737331,-0.195381883357855,0.181416425825243,0.138775115127948,0.052226481052454,0.0365352479239716,0.0498145695281728,-0.0361428511251403,-0.0101583526850529,-0.161744537889848,0.00563160898259364,-0.0532653018106533,-0.1416165195615,-0.0834937917261003,-0.153882620791087,-0.000144264528727609,0.147700777808585,0.0980262033765269,-0.0274102982270867,-0.0407440296944667,-0.106906238158397,-0.0705990282394796,0.0327908839135946,-0.144296659264283
0.00956604862870227,0.435772781640889,0.287977549872293,0.0262302970153061,0.672884077853127,0.482337403350471,0.63316425160215,0.399312609305261,1,0.615343988199938,0.669874926851131,0.59844404677073,-0.0574359558114321,0.130356303449501,-0.0680746225725925,0.0924798475662588,-0.0554398771830126,0.0443960187609133,0.288712231696295,0.157778038954924,-0.250066641376254,-0.295771763848761,-0.0237099909972768,-0.143859222431291,0.00543301442139217,-0.0330499693988582,0.137724505542386,0.243105187748734,0.222871212375525,0.0602938147200812,0.257247344959826,0.364879789978436,0.21428620308541,0.0649349539624454,-0.0110265293648011,-0.0773260260226158,-0.275824100191051,-0.316882709994036,0.0610828554165911,0.224126034227943,0.157542698764901,0.073589276127724,0.103398639127194,0.244475958604155,0.0726277336072287,0.207570191729637,0.272032290528904,0.195658930581455,0.462305410635475,0.477858398751715,0.407612605378446,0.41857152966418,0.357519478127867,0.307615421303751,0.25411598569625,0.395686404821211,0.146806926590538,0.363375802833107,-0.0144738646276721,0.0154340529172916,0.534993280811396,0.233650897849208,0.361057786968354,0.209035433830005,0.186036540496056,0.0442823922144719,-0.378728975092868,-0.371444680166,0.106055317840372,0.176819924378794,-0.172183780953234,-0.216985148629971,-0.150656883754778,-0.0497879417109607,-0.169523072776349,-0.23893206994735,-0.183031277920401,-0.316305007231221,-0.0817271461876148,0.101807534229179,0.591871468138052,0.303158157495046,0.614134644102124,0.468479935906633,0.486070991089535,-0.0369665311093761,-0.198642805923341,0.109146987679224,0.406841112308295,0.29114782298535,-0.302598168109205,0.00964631722584301,-0.0224477636593114,0.104358720915707,0.246509004724453,0.228861319517837,-0.00463008934845566,-0.12246413210924,-0.0535377570113957,-0.0481189431743483,-0.0524300339100341,0.0604680125641434,-0.0147570390112048,-0.117539138155049,-0.136620877156438,-0.029745682591436,-0.169622746428835,-0.0362919049864961,0.0705245245409522,-0.117789028406918,-0.422626679392654,-0.110481000839134,-0.198378116549895,-0.178723735410455,-0.140816815832548,-0.233511531069621
-0.0628231999624147,0.273521769045796,0.0148101613666221,0.180235206076929,0.330684568189152,0.576273661483585,0.395472024265931,0.465006413024262,0.615343988199938,1,0.450010148784485,0.663260164647655,0.084110060613262,0.288166380686677,-0.0916309826744085,0.00684986793460728,0.198910049267459,0.0891332475103735,0.204711532115306,0.277624876309458,-0.0870530160952043,-0.0269373129087192,0.10765206857157,0.0654117006226514,0.0268198400807635,0.0101644347154449,0.00595487010913388,0.324237799712727,0.169208189793765,0.380142081392478,0.0742721993208147,0.34513629386769,0.341288256613286,0.346689251186179,0.0381614614710731,0.149480283609918,-0.00550363042179878,0.0326893455901715,0.237099028992634,0.298031281833597,0.282883620093857,0.224222865508422,0.0399483376208681,0.180634094908823,0.198178524402497,0.41145079390853,0.149500723542868,0.0817427976388685,0.280525718597495,0.41628699438674,0.233597710244308,0.369241184416006,0.234823160697439,0.160263807572122,0.280695692867545,0.275923147840665,-0.0283468460612158,0.195714990798731,-0.143506449519599,-0.0253781047698644,0.138988521886322,0.171954600861485,0.266706432332017,0.398660017811882,0.167378282505741,0.315504842415722,-0.204627418734032,-0.00101857010791681,0.0589320836832235,0.20411270117097,-0.1381849221016,-0.10485103920739,0.00948126133303605,0.21262975213353,-0.0867335693003331,0.0111968751369069,0.071734738115583,0.0171021693422922,0.196298085701853,0.296853202462635,0.525413263102282,0.585417638061065,0.416831457011524,0.523269535864628,0.354768262516733,0.290314188720649,-0.0681510864626562,0.235831318015124,0.194703059668272,0.228857445911641,-0.31397894500132,-0.110054729638766,-0.118940266256579,-0.0969409259034701,0.22172530967262,0.24844375112716,0.0591881293165473,0.0103966465723712,-0.171673660970622,-0.0973552791288078,0.0159560759953108,-0.162702077456882,0.020080904487038,-0.166774201907043,-0.0403424780336537,0.0529392735974858,-0.284012178663525,-0.109675126355996,0.127756946516381,0.0268538917116357,-0.225026909785148,-0.143082629247386,-0.253002373902322,-0.166147124308845,0.0611945868972375,-0.232991278769137
-0.00260297482004335,0.136382525287879,0.179828645246002,-0.160713051336313,0.694811671237367,0.293515504391381,0.611959840028747,0.252002298881393,0.669874926851131,0.450010148784485,1,0.439348170187557,-0.139133371910323,-0.0597027067631944,-0.205686755728245,-0.0464371562466553,0.00269843094175035,0.0182636322026829,0.144445469077277,-0.0726671093499092,-0.16687441742833,-0.261661977854414,0.0859117046169437,-0.0683649731160603,0.192682026391086,0.141647227383037,0.292008096645123,0.381671533462233,0.154309360672576,-0.0226079525702423,0.421710834813925,0.33374042541777,0.100352269549349,0.00624701763983961,-0.196836783065169,-0.293786860346887,-0.314210816783251,-0.436239069309357,-0.121999254376028,-0.0252356074068217,0.0371746187446408,-0.0870683111428429,0.0417751302572549,0.0982983082149058,-0.0322547718859174,-0.0343800069684934,0.13681590316429,0.143766962115457,0.389536736351958,0.250033965301869,0.39511650137562,0.221660375664935,0.235295211981514,0.161987984946252,0.0877318802982093,0.222693057462276,0.0257447964272813,0.0848653192896559,-0.00314070857555978,-0.0973600330275674,0.566899363646469,0.198411851605878,0.161166600060964,0.00525084975393407,0.416391035866203,-0.0207865020399162,-0.326864412997573,-0.544315741952411,0.0105562288555691,0.0162627108088135,-0.0503957313837824,-0.0380691401214363,-0.157998067023925,-0.188342300673672,-0.131755248040496,-0.227531992672567,-0.0721492807302301,-0.208931573254756,-0.223187758934749,-0.0124043725035327,0.305591866356106,0.0565025949627063,0.497106251834462,0.190332195281254,0.372626688936947,-0.113230227411202,-0.41844644735241,-0.184952847461822,0.24614392118499,0.149355952263818,-0.115875486033413,0.123433156039598,-0.0631798060038801,-0.0583850296867801,0.104373358749365,0.144455319021385,-0.0110443824298068,-0.11499758791559,0.0502043253590088,-0.0308476093997888,-0.083009730413445,-0.0211733609120325,0.0988117210221429,-0.11790670342106,-0.00873234720453602,0.0544811138365176,-0.0497157600795748,-0.0742563790192944,0.0531776784618123,-0.165926731046634,-0.269635957207823,-0.108179006979612,-0.220454938946031,-0.132715450268859,0.0715124174209625,-0.119840648677583
-0.105795356688504,0.203725547524906,-0.0126840539071798,-0.149323260287912,0.245191668744762,0.462443357273303,0.351673136191166,0.394890554817964,0.59844404677073,0.663260164647655,0.439348170187557,1,0.0896351321231229,0.258540529900619,-0.0914699357716653,-0.0597049813890901,0.0343274440836171,0.00678249417071534,0.10836866794235,0.0875062829001072,-0.132633568973856,-0.171240019460961,-0.0112734742800738,-0.134839223841828,0.0341165550005835,0.0131787811812135,0.179986917827292,0.275515214952599,0.332030411862744,0.343809377839956,0.17883318199722,0.405520496014503,0.361065354818629,0.399085124253637,-0.037579151647483,-0.0048626975721933,-0.387285133066325,-0.295370253993672,0.046208913132283,0.217184526499805,0.201234145137054,0.11789087294146,-0.128812052792193,0.0653832534258225,-0.0831654039795275,0.123670541262035,0.0448887681714893,0.00620290519094739,0.164261240405645,0.289309322708026,-0.00193866543335466,0.166060078192218,0.213121720976496,0.174780241710321,0.146053557303613,0.268074313494246,-0.0135415080490616,0.0977889329317381,-0.171749233293768,-0.0896994602490523,0.183244381147465,0.0718886585910711,0.476337579441914,0.442756159264985,-0.142625593621498,-0.104421627619195,-0.463273937373361,-0.254161103996157,-0.0842698971469395,0.010604147731132,0.00243374901407391,-0.125919083541287,0.00215532256976887,0.0952539283688318,-0.0537629630204617,-0.151959500006327,-0.0118820331865206,-0.0711204999787065,0.0754387164632225,0.255542446793544,0.559094550222114,0.536764545642758,0.613781517227324,0.487022508452754,0.241056881864883,0.0423769241402913,-0.0902393569109553,0.154892105841393,0.161830330339684,0.150090063142046,-0.324389844377142,-0.140945029155277,-0.223626266845905,-0.174161128197939,0.117945763252278,0.206910674429301,-0.0885845452396895,-0.124360073380127,-0.157519498694886,-0.187019481498412,-0.0762024881094761,-0.00389605318921132,0.0566634179547904,-0.150102087596481,-0.0308352298210622,0.0156737004591145,-0.295547763745712,-0.205326396337819,0.090751916085179,-0.0596175866753568,-0.319788935532705,-0.277836657973985,-0.305102657827299,-0.102670451496482,-0.00450855515051699,-0.27194264593663
0.471232589723014,0.226621488038021,-0.148487392258489,-0.0681774471665531,-0.192108619309662,0.0227289539542232,0.0718413814052053,0.204659367473767,-0.0574359558114321,0.084110060613262,-0.139133371910323,0.0896351321231229,1,0.768627332401442,0.392461091632604,0.200492189320463,0.0678436667419693,0.0890007413864166,-0.169866402502153,-0.0840324885738635,-0.0614549261713581,0.0548688752883427,0.0295800988725346,-0.0593756595984869,-0.103266614153725,0.0384539685657195,-0.165961886450073,-0.00802396883062446,-0.161569035988699,0.19128754160607,-0.202173602615693,-0.0611403448430087,0.637442098682637,0.527858177594896,0.269496518887401,0.326246678392653,-0.0302793469457982,0.0164873785893351,0.0850711416141417,0.184163705603641,0.409752424884318,0.365087256353708,0.0626498165620446,0.0998019427796047,0.0829916814469399,0.173760257613347,0.320685326610568,0.35756478792141,0.132366890412349,0.228685173529327,0.0735992045929018,0.156252076335309,0.227956534361989,0.223048093971386,0.162100144537635,0.269333132902173,0.410149427044829,0.247204492493673,0.170553111262251,0.0696682953184838,-0.0844537865309921,-0.0191269709216052,0.558823352927297,0.310601794174588,-0.219698955898119,0.0251564086409272,0.112033819266788,0.148411589791496,0.217390929817812,0.209901785504194,0.0271379815895104,0.154181958133956,0.554951567096027,0.513222325154068,0.223814302674136,0.263864705044943,0.376325710603004,0.323885612271599,0.558743681092322,0.660960559124605,0.446159593815385,0.247227700964671,0.152092221891912,0.185902589991061,-0.0272626712846874,0.0914249614454583,0.000157012181040981,0.0549525017513694,-0.0247067627126584,0.136755475300106,-0.0172232857079441,0.0150829114695784,-0.138968031637768,-0.213191309054911,0.154949261359697,0.0664146595727449,0.199768614606017,0.392981031544537,0.146446280107658,0.134055762914093,0.0353885686010262,-0.0415272892780655,0.135633931569184,0.317383969392803,-0.0355400272634989,-0.0645263180196601,-0.00225674354798661,-0.0363379882569209,0.214118227080392,0.245733047345818,0.371486879430117,0.0589132185281037,-0.0266675178891301,0.113833323043288,-0.0492236493539484,0.172918755447164
0.410056649986218,0.437024509494407,-0.158390554557107,-0.106072066914865,-0.0444193837890082,0.185086892600335,0.151848796460173,0.47110395745905,0.130356303449501,0.288166380686677,-0.0597027067631944,0.258540529900619,0.768627332401442,1,0.373195178285301,0.221458764177609,0.0881641773444659,0.0323952241946925,-0.179682384261894,-0.145415868912273,-0.2499927005741,-0.14881334026132,-0.0570182624473253,-0.173953762910484,-0.0728493055035571,-0.102929473079209,-0.138152826163178,-0.0116044824474223,-0.0480976520515657,0.178697665807689,-0.146702115435457,0.0325480626976269,0.563214558553479,0.627549611780217,0.305145352533064,0.350139642700586,-0.0494598385612804,-0.000428892585508643,0.119670767481874,0.241292408357321,0.49782674740004,0.351997542704984,-0.0761538261053697,0.059156880641208,0.0304508015148218,0.180142584196748,0.233161971704129,0.2928223617853,0.183178991901138,0.30297746487465,0.0720456509216658,0.178870719774122,0.235477933256435,0.231179134162926,0.225277225946678,0.269999998178184,0.436886834299552,0.471202125697824,0.190041503625631,0.206692617415716,0.0225398681219807,0.164736471456114,0.579638516124229,0.516556960837138,-0.311630033525124,0.0710487112842655,-0.0183654457825022,0.12783469803569,0.197992225491887,0.246911245136978,-0.0785407213133241,-0.0499332668735614,0.326423340384124,0.417791586098673,0.155062069321933,0.0995985366103519,0.169931591187592,0.225217721252016,0.586306285273828,0.731537477076498,0.542809259880303,0.42532222786141,0.310431679821104,0.312992554157931,-0.0393783617430363,-0.0327416127476691,0.0102818865699766,0.0878750330975327,0.0341853371785333,0.128398134132789,-0.161102801520358,-0.0280906561372048,-0.149269115168903,-0.158535560298983,0.212235181410346,0.136051503071372,0.161699409093511,0.280130377186344,0.0769085181636078,0.0711959805279258,0.0982521043531843,0.0285654512517945,0.128538067184898,0.198453914364185,-0.0904829475808128,-0.101099709979068,-0.0473149248585752,-0.0110728989566806,0.249699328296819,0.189366847367332,0.149187761031912,-0.0160574044387258,-0.033695552932215,0.0534115326491105,-0.104739447716316,-0.0132835032352366
0.688270778485171,0.321645645758122,0.261351222425731,0.192126026098159,0.0948383440701841,0.0629358235477498,-0.168046140278893,0.086751782335583,-0.0680746225725925,-0.0916309826744085,-0.205686755728245,-0.0914699357716653,0.392461091632604,0.373195178285301,1,0.758358564075181,-0.0253043154404688,-0.000865377883239268,0.131988211392195,-0.0225606781127399,-0.00668442096079294,-0.0372110721907812,0.090014989890928,0.00580911781720362,0.0178843032510505,-0.128155396941147,-0.107492020805717,-0.0848496903639714,-0.055019060727556,-0.101204118992122,0.0226180270186155,0.0333066274223488,0.16463071771231,0.185596960677596,0.250225521034247,0.19207648807885,0.0216973241860598,0.00838434477026725,-0.125195168343965,-0.102976921270859,0.0718590334082626,0.175830510246953,-0.0448906460606026,-0.0581323980016121,-0.112567428540136,-0.114014236078812,-0.0532656124082457,-0.0234736342481494,-0.18024245537477,-0.0689849949104318,-0.210477835884636,-0.130571174757533,-0.0708418484962451,-0.0218024178672614,-0.114610750662563,-0.13577875609673,0.651220053328466,0.406993606884247,0.436079087979323,0.402993866820014,-0.0136423622459975,0.00554067344485023,0.0926844439341711,0.0128207079248012,-0.0833932866490076,-0.0886440048099736,0.139607342285887,0.0187131947843237,0.380399251941588,0.358919694913347,-0.0905813022658377,-0.0293865279033187,0.535916286835219,0.393460891752803,0.347022117301521,0.28353820457813,0.189522908289316,0.113390589284058,0.388316711881853,0.303115372526199,-0.0195740880648671,-0.0505797653109424,-0.00895808766285316,-0.0467890346985683,-0.0327400585329082,-0.128974332952069,0.157498005253193,-0.0545223802253223,-0.0446166257361195,-0.212670562366869,-0.054787521876549,-0.171005711950338,0.0938922052982447,0.109725403268396,-0.121518733962967,-0.195199414432271,-0.116411650282275,0.116534341704287,-0.0337152347622777,-0.0106465144265859,-0.0349270827622856,0.0970973725954998,-0.02120657872493,0.179363007325454,-0.128298879981388,-0.14288530272804,-0.161026890497944,0.0691627563192108,0.0349757731928395,0.0383945384712723,0.00728663853341738,0.0099537390085812,0.0580175227028997,0.0640871663209448,-0.138579466252062,-0.0194288290363241
0.577813999771516,0.43384190324284,0.441733144218123,0.405575650182013,0.296350516207481,0.245523463690485,-0.0250279182824361,0.210613800919056,0.0924798475662588,0.00684986793460728,-0.0464371562466553,-0.0597049813890901,0.200492189320463,0.221458764177609,0.758358564075181,1,0.0991758869533282,0.0315800632787999,0.273963813745072,0.22694968516431,-0.0173684764216516,-0.0276426394373828,0.148474322050342,0.0315508825983326,0.200478361458986,-0.113808152969004,0.0884068682046245,0.0266150671238489,0.0905951470090767,-0.0466041851923331,0.170916098859094,0.113893386617821,0.041682486765526,0.122742916560372,0.256143715095408,0.190553772543768,0.0260160349317033,0.0391901752293345,-0.057929529815206,-0.0682916274614991,0.0594563578571193,0.0823107699431457,0.148625667364995,0.0554476374919868,-0.069375701805897,-0.0814728993494942,0.13253077936242,0.0647657070282215,-0.0588468589036699,0.00326501713902527,-0.02487607738128,-0.0616793547953221,-0.0584780411660805,-0.038816344741655,-0.0685235403467418,-0.110905879424246,0.638089890232348,0.527298874659599,0.378584163393521,0.437616711108792,0.179256851311068,0.173978003932905,0.0229002665309884,0.0710555731382689,0.0531688551247875,-0.00253969250784072,0.122957806833368,-0.00809098394738238,0.528719485985985,0.456730185588118,-0.166262797338958,-0.13242358021445,0.399825266284732,0.309332390576253,0.341600850003098,0.237297561383915,0.101025797990007,0.0707364137958243,0.24902483203405,0.214463429181436,-0.00917341440935062,0.0173501070846303,0.0146890542850177,-0.0513107968523201,0.137225256699785,-0.0549168009211861,0.116487573701714,-0.0460950296713827,0.116556775700468,-0.103861994811998,-0.0618306192644062,-0.295058583495653,0.224238223473919,0.201329756665109,-0.138087975848644,-0.161465912694836,-0.158927561110162,-0.0491821596931809,-0.140412569168319,-0.147587924879129,0.0104022106006862,0.111054921573583,-0.0145164901148931,0.122070299640564,-0.110513446896241,-0.115914735457519,-0.217230270564998,0.0165154506230969,-0.00807769293142364,-0.092322179235157,-0.0661300346351512,-0.043231303950252,0.0431676905858242,0.0398120617641843,-0.114246694578388,-0.0530519472363482
0.0699878909479503,-0.0797352906649154,-0.043227560202476,0.0759074665975442,-0.176169658458085,0.0188287356250704,-0.121083816584744,-0.047982482784216,-0.0554398771830126,0.198910049267459,0.00269843094175035,0.0343274440836171,0.0678436667419693,0.0881641773444659,-0.0253043154404688,0.0991758869533282,1,0.481733381307741,0.034622947413311,0.167603006528032,0.197354968211781,0.306128323524117,0.412401607819254,0.495435703543783,0.400554441937961,0.301694509526977,0.164326408589288,0.294872195115636,0.262931420501227,0.362742720373022,0.180516007681901,-0.0328211927826212,0.109605990724323,-0.00738385645165444,0.0336450906797349,0.0487104130327892,-0.00345519315146867,-0.0875019556231423,-0.00261954260389632,0.0381919214316717,0.184847885171223,0.0503966504754653,-0.0473961441725403,-0.156958647073472,-0.00704244598487511,-0.0222332514823846,-0.0584947843002752,0.0281744731701467,-0.106531232295746,-0.0602805134549869,-0.128062159142905,-0.149318712267093,-0.0489959659652784,-0.0752344559263105,-0.070311548060806,-0.0677028765597391,0.0580049889986507,-0.103668293835569,-0.0611502445343406,-0.174660540241946,-0.118061864833259,-0.106633559942011,0.0267182785978117,-0.0283099870159642,0.0142649589273104,-0.000682264225021545,0.0206246638316507,0.0295127767620735,0.152600078957263,0.152095846576506,0.149533822467979,0.0953138829712853,0.150248772890258,0.0367549032405727,0.113721561203248,0.0718996873505903,0.00784843820742335,0.00180679953813072,0.171944524575693,0.137755631107419,-0.00817784641859127,0.0941540735363303,0.0817138944161494,0.157663954266979,-0.00595870074481931,0.0868424925008185,0.00017080864151872,0.0893555514035442,-0.121439670875673,-0.0533334343397869,0.0237431038250725,0.0448538908757947,-0.11716967801743,-0.0298886597601929,0.0740453475504394,0.0277598032665106,0.0443917915109037,0.0424148658038012,0.0445248147576466,-0.0153650812619392,-0.086037710359672,-0.117323913080043,-0.057016005791201,-0.0727733930568865,0.216613395259463,0.116567186135354,-0.0926372382796005,-0.105871325570827,0.137088165033396,-0.0416499455342333,0.163976305097113,0.0195052614773564,-0.0436088537264596,0.0894790734496489,0.144051548835982,-0.0129562775023862
0.219511624571108,0.120996651069594,0.0225352060173941,0.124532901187908,-0.0770221344010436,-0.019737078440231,-0.0689689726530326,-0.0530973467862063,0.0443960187609133,0.0891332475103735,0.0182636322026829,0.00678249417071534,0.0890007413864166,0.0323952241946925,-0.000865377883239268,0.0315800632788,0.481733381307741,1,0.0546555868484689,0.169256861315156,0.140930544005692,0.186468294062121,0.46906448349093,0.418729262288172,0.271014116478925,0.530946875370039,0.239959027100522,0.365686271970524,0.245404378891769,0.328849282694394,0.263692004091516,0.0482292061242046,0.020579929638006,-0.186146490019185,0.0637103668366832,0.0942080804580294,-0.102884156784709,-0.206347081724058,-0.29543352534803,-0.0240508039172313,-0.108081916601506,-0.128877401970054,0.0761289472771977,0.0019918679753363,0.0469279596805428,-0.0238483498434387,0.0809572513808169,0.165251765694255,0.0559543179171359,-0.0348169127027435,-0.0320499605375427,-0.0413480434692071,0.107037744788492,0.0378791489262598,-0.111057492780843,0.021023055322685,0.150527130997953,0.0967115352041698,0.143685727319087,-0.00649196435950552,0.0264199725284044,-0.00280644215740576,0.118471032606885,0.047182066413985,-0.00727639217436836,-0.0368442710955379,0.102162897967364,0.0410166532133365,0.158203730930041,0.151832428611044,0.180248422432225,0.0867103800578948,0.0589772978714996,0.0159711474439367,-0.0279750011562865,0.0575377380136212,-0.0558161182094176,-0.131922182406198,0.058790099822886,0.0513836727141708,0.0543554108826205,0.050983338314046,0.0239416910620758,0.110152219060986,0.0707234960633789,0.0783382309220301,-0.162232226286823,0.0310349644621322,-0.160978325124193,0.00203054347012519,0.0126266065571587,0.0669991699055901,-0.189651541661034,-0.104377298087286,0.100834711438213,0.0194293926407475,0.0726813040271725,0.147633826073756,0.212738006534997,0.0356850669415496,-0.218907457725105,-0.0492091069529527,-0.0957680634291181,0.0424237963406256,0.0507941216431938,-0.0340335330224034,-0.00517060698522263,0.0331559655244759,0.0961496697925955,-0.0836154461904925,0.108508085208095,-0.0411637382213426,-0.0562126840946645,-0.0155235212144266,-0.0263186837433835,-0.0632674523839546
