1,0.767391178319733,0.132482555190668,0.415260783710103,0.119539567144867,0.394987027656872,0.449548880550733,0.41371413835825,0.311451604796873,0.310776271494472,0.115294271511161,0.0859247725406352,0.594257156721198,0.570746003452219,0.505963465588399,0.62531944716505,-0.137942213570757,-0.0229642530442215,0.150845719435519,0.139088598898338,0.151348361560012,0.0815487778584258,-0.0681119322072196,-0.0425572991888151,-0.0239976111732946,0.0953351146759709,0.0572224200847918,0.0571732208728416,-0.0227412614564867,0.00636812886171633,-0.209399391063674,-0.153365252490674,0.498385760627789,0.577528479560095,0.503044038824747,0.491501976504896,-0.0494168045319889,0.0319668986923261,0.0142831497731226,0.145546910132315,0.171041999395656,0.174992799518299,-0.0207105342667303,0.0169426443391096,0.0101022212289681,-0.0195748471283451,-0.0318060993281126,0.0653873286193339,0.0645877827960383,-0.027412843139126,0.0165762778592303,-0.0319064402726737,0.0881761920984332,-0.0600113792620432,0.0309615011922316,-0.0268449001162383,0.74433415589824,0.589708472321363,0.0738202707767418,0.0450899984371265,0.297712249265865,0.177530259672425,0.353862235424088,0.281351157156255,-0.185699246412855,-0.00268610413489872,-0.165786613555496,-0.177350610484627,0.329904791019387,0.291174282525321,-0.163049608516295,-0.00982820606091949,0.161083559945411,0.222018102493276,0.168008345749301,0.325445264735572,0.0744759746898883,0.108812631817895,0.439918693837332,0.414139698572958,0.233980824666641,0.125184130924998,0.0916972434146862,0.271647101740557,-0.119401779108182,-0.138667245226997,0.0278476665483965,0.00296966018746578,-0.0870788389476155,-0.054791122840604,-0.376883206955846,-0.386041273299027,-0.318248334018358,-0.186094160940302,-0.174921495184348,-0.0158725858134019,-0.0673211360646128,0.0281321048223325,-0.155323191111679,0.0139241536183132,-0.340158900631455,-0.220662464700831,-0.31118510516164,-0.21988422094358,-0.26556119603659,-0.271062809708189,-0.341453082859324,-0.227410439850403,-0.0451515242920444,-0.175322767050211,-0.0705766297797792,-0.114650980964176,-0.137438885102481,-0.150427007820416,-0.112148183101767,0.0707055785715456
0.767391178319733,1,0.0651800390422057,0.345579247424349,-0.0277409353625739,0.328946920181152,0.191233024186475,0.264844382466497,0.168714700533344,0.219221119892509,0.0125215299495208,0.00953128931656309,0.549535272443185,0.543186704693958,0.334603996697646,0.522794561889157,-0.238042178242579,-0.0859380275841557,0.157911144108914,0.182041152258428,0.18501876788518,0.0492769253997834,-0.106056519244349,-0.101573402338132,-0.0401273988463844,0.0263053581987779,-0.0203876666179682,-0.00184383226966688,-0.107728356274,0.0424894386923471,-0.197927472699176,-0.1640950361484,0.381969770493425,0.587450006432421,0.508335308193683,0.515415118711898,0.103324636123241,0.1432792760871,0.0747063685751728,0.137967093711602,0.158839681017887,0.077309099902994,0.0103474304091683,0.0679551347610634,0.0682287422887439,0.0803008918556746,0.0726123572964513,0.134934586034656,0.100768382264331,-0.0262564678046562,0.00565365098757492,-0.0725339547600675,0.178959329079817,0.00706079762977334,0.0869494486266102,-0.01111378792386,0.770030721649966,0.788792438499623,0.0635548165581854,0.0401370921351402,0.270915702282486,0.216308059879848,0.223000976403206,0.253859830745393,-0.0560554075401741,0.0597415621446357,-0.0179995937927081,0.0643700409215071,0.39145734588346,0.457822517456893,-0.243789745214946,-0.0922399597908559,-0.0107561223534493,0.126167465074581,0.0528333707930004,0.22931722387346,-0.0344837100039302,0.0755391076901491,0.441120789404449,0.542065513369407,0.180031313721209,0.190259665569917,-0.00314286440714911,0.222757736648452,-0.0705156834637847,-0.0741235087915734,0.0251855336820426,0.0186373943597433,-0.160029273427338,0.00995254931179987,-0.375003096038453,-0.449525953839055,-0.328817431421311,-0.198380251275514,-0.0679923929741011,0.0135379803105335,0.0744141515017513,-0.0335723325407969,-0.113760193586359,-0.0705003779370666,-0.321553988958453,-0.268744773825179,-0.277447818598901,-0.261268210971106,-0.208556667192745,-0.235607093817398,-0.176167816620651,-0.140660007647799,-0.0949108145210246,-0.226785584495994,-0.0539597782682115,-0.168716826418829,-0.204667295186627,-0.172738842611076,-0.101962981995838,-0.0727122415930602
0.132482555190668,0.0651800390422057,1,0.684941539608998,0.743842419244996,0.473222808435764,0.532353978998262,0.424870400403838,0.584865227638909,0.36887054021071,0.491716822273362,0.445949725701879,0.0967583894961343,0.0160001612101623,0.43277895050262,0.366177408640731,-0.0548606202571874,-0.0623353003012837,0.853283415619812,0.701046996300865,0.593038709520628,0.54822573529794,0.408165694629185,0.182571989552826,0.229250829785694,0.161704164209954,0.221261396961975,0.169655062504456,0.256930520609946,0.385577543900852,0.524215673651013,0.289858548222476,0.308393432371827,0.17733699228916,0.348159712134492,0.363481788686591,0.310033404600355,0.0991282533788699,0.0602087301716759,0.0802365611342805,0.181666706730863,0.205270929922999,-0.336743277809977,-0.264201777126812,-0.222935207757643,-0.168423383201419,-0.342365022951467,-0.245062874573936,-0.282544818575985,0.0477764187794391,0.036202289618672,0.262285774245612,-0.121023202491845,0.116582067104762,-0.0919387317452175,0.0737551536425701,-0.0892617389205698,-0.0714391717334457,-0.199826668351778,-0.079256756827686,0.173213381805957,0.232649968150209,0.249696317712364,0.135999572462854,0.588435369213415,0.509883812935679,0.112825126286829,0.0105678695149412,-0.0988693731286466,-0.113570415462619,0.18612048184157,0.280902014758952,0.123746174625088,0.13157126884619,0.194428630365735,0.195501259903377,0.020007688652747,0.0985205796684636,0.0435575844596976,-0.0127852133463014,0.455218112888565,0.438943077905488,0.471325917547906,0.474026089251876,0.559218139136011,0.489481197503247,-0.00832949220104343,0.312796078194567,0.228420802176131,0.16604882415862,0.0480625078359221,0.148563157115012,0.0975068813608741,0.134328735305236,-0.122045765659147,-0.0907848676777364,-0.259226426482902,-0.225898012930023,-0.250563948289973,-0.114213100225954,0.00303377902486371,0.111810290053085,-0.136605108604522,0.00332841230062399,0.00596836304829501,0.000992778902280496,-0.228669177251258,-0.118948600124149,-0.159828990004197,-0.0457206751238026,-0.175780903223362,-0.251637156241677,-0.374274467801256,-0.239556818912407,-0.28010180969439,-0.026412821766207
0.415260783710103,0.345579247424349,0.684941539608998,1,0.610122899894765,0.762918168458299,0.541891430437903,0.707059725519557,0.515505321413509,0.541646704162884,0.314766483128999,0.491780442267796,0.302008712159384,0.26163273716883,0.500876346959484,0.548883716913289,-0.123805457276904,-0.0272919845723533,0.696650566687929,0.758422733381681,0.419703600416722,0.487689835286987,0.331056219859969,0.118777079545665,0.264429363306439,0.247437727853393,0.196156293407102,0.282597898996424,0.0486737041096359,0.34133753489008,0.20767385589709,0.230487444180532,0.435748660809136,0.456570331340032,0.490429431403266,0.538635942494277,0.142905726532004,0.145245814468372,-0.043234165614011,0.0379644160606391,0.210349309346206,0.236448535088785,-0.425318665433973,-0.335999270145804,-0.305221973331478,-0.200449629429317,-0.360710712989495,-0.265698117119046,-0.303857498238419,-0.0966701057604609,0.012845577781255,0.194189632010855,-0.071275859172498,0.0845378400322202,-0.0174052966096734,0.0469120813000544,0.149148321094822,0.0724274304039707,-0.164282649291761,0.0055919768080457,0.307922670490441,0.370819605436599,0.4376164596605,0.423939074659491,0.373785323413405,0.510107587429708,-0.018448332337923,0.128121618462216,0.00344429116418496,-0.0970864068025424,0.118143735981664,0.173669272513489,0.247951157863609,0.292058351653585,0.273063682130215,0.426364066343486,0.0772687952183531,0.149334716356632,0.272655886423134,0.0809871232892031,0.482285044777459,0.442960720796854,0.416021462680447,0.508300350660944,0.396120205919827,0.397989054933509,0.117159394939363,0.275052053361459,0.143998784631252,0.199457160704884,0.00294680255157441,-0.00379915546379146,-0.0404739864460661,-0.027104564580495,-0.116025802482612,-0.0601343835295326,-0.241677172349889,-0.216666505650435,-0.211389140612578,-0.0905334460917088,-0.135494773514243,-0.0396486468525842,-0.186493868798461,-0.112920744215699,-0.107080335214774,-0.185662169020386,-0.237424321560335,-0.232405236550538,-0.0262373781262302,-0.180986645204775,-0.169703515040105,-0.306286022590252,-0.378733117932732,-0.335003582648748,-0.22290739925011,0.0323037206078736
0.119539567144867,-0.0277409353625739,0.743842419244996,0.610122899894765,1,0.685033294691672,0.532482217320853,0.491367586416378,0.750131172156737,0.374523407738185,0.427095987995572,0.364728010868646,0.0969566749870844,-0.0461155624069964,0.42036447851699,0.329625605848729,-0.104188084183348,-0.0919011169635831,0.668876861624585,0.548605987145361,0.3084375193899,0.232291019393731,0.202242566336934,0.0669097113053429,0.113243257990412,0.264528244215436,0.118657782848206,0.379237390058836,0.215939716891078,0.36512835536516,0.377892522250588,0.220925235111828,0.338886111807376,0.173212047606194,0.252272731222869,0.359800036833444,0.179646396584677,0.0724324737599901,-0.043578923765617,-0.044445000208324,0.0333538788224021,0.0475030593340229,-0.395898006395709,-0.38743888372907,-0.279159332379576,-0.158336832105061,-0.424594027944729,-0.303012930591325,-0.32672667652159,-0.000858962549149084,0.0144054127368305,0.214247626485884,-0.153872801662971,0.1585368783768,-0.0045257189324087,0.0973994553682501,-0.158208103029004,-0.218730703195953,-0.228526852513707,0.0120452069308204,0.300345401225931,0.39445283562325,0.330565622211498,0.276547763844488,0.450749428291037,0.589369250835142,-0.0958547996842683,-0.106479221843777,-0.0905440961522076,-0.151533380211749,0.170338178193092,0.153449426269872,-0.00696092708960925,0.01270218807729,0.03690456309666,0.136017953924471,0.0535607112320843,0.0470680635745531,0.00135605889268064,-0.187775917139862,0.386820929161807,0.341001088307353,0.420977693727627,0.363328136673212,0.371732910350497,0.369344221938453,-0.0366345051798797,0.105092077197589,0.375253293633863,0.319650629542545,0.0688638296973419,0.0920061333316094,0.103805701696471,0.043939244052761,-0.208668243898399,-0.271099154325765,-0.379542253307003,-0.354812307003717,-0.322771625287639,-0.145292155114884,0.0084651187685691,0.098422121536098,-0.073463965321531,-0.00357567568187929,0.168672862569985,0.0778871506435564,-0.121704709830933,-0.101991664569721,-0.242464873991913,-0.216283363361084,-0.365731323071537,-0.397164397013025,-0.376091395692086,-0.259247673334072,-0.124578815645046,0.0754533839876073
0.394987027656872,0.328946920181152,0.473222808435764,0.762918168458299,0.685033294691672,1,0.568858361436995,0.759952443385708,0.710379285876142,0.636265284688598,0.363925101052126,0.452665197200182,0.277309271901186,0.25145001151614,0.436450090907472,0.47199036961041,-0.147905236095711,-0.045149437673727,0.5079373070831,0.626205573899731,0.188790510959462,0.203061765972751,0.0382150187613075,-0.0374146077614676,0.0863469017316135,0.193278398211303,0.0997999042894412,0.459344175528331,0.112879097830736,0.341062234977272,0.146379102039231,0.162598170532369,0.430160028786791,0.455723480635341,0.441524197968094,0.532936562305195,0.0425019780771195,0.222819474103624,-0.174281888370247,-0.106601769915778,0.117952510266454,0.100861889527798,-0.418085992950194,-0.384521490426156,-0.289234723588174,-0.191822808214583,-0.348576585728014,-0.230680476743253,-0.295060185787671,-0.18833130771459,-0.0646203099579239,0.0460813160046686,-0.103843858954838,0.0540421486094229,-0.000299818757296985,0.000456539036198563,0.134685462586927,0.0459269466059567,-0.117794146819315,0.0480892396735813,0.458577296300229,0.491984973268109,0.421937373910115,0.41977724968358,0.231567819186201,0.471325040339135,-0.178098315402253,0.0171290788182967,0.0167389761438915,-0.00243707462126324,0.066308344766472,0.0191785150496178,0.127469807083446,0.171322380956844,0.107258022294018,0.306111699062229,0.179001815323876,0.184628296556879,0.217077260280921,-0.00199256473613347,0.348847781552622,0.30137663538444,0.341548579169345,0.341520210609235,0.201374919717693,0.201918896791188,-0.0175296280619309,0.0340397937630938,0.136979897766126,0.244511183903925,0.00961633616207195,-0.0345020938438304,-0.0580027235864736,-0.0106185586638038,-0.215879591872823,-0.129358509693021,-0.32366077387237,-0.281033600400203,-0.299563551176078,-0.121148634819549,-0.115065455446482,-0.0159035762010819,-0.167389011369183,-0.118697537327292,-0.0550902109635876,-0.113093236759162,-0.176918461394724,-0.189804825974931,-0.14382402595047,-0.262426813038144,-0.259259461925743,-0.379855549040432,-0.306547969647565,-0.292271661112555,-0.11316401709753,0.0768894881521674
0.449548880550733,0.191233024186475,0.532353978998262,0.541891430437903,0.532482217320853,0.568858361436995,1,0.673122671395157,0.745648823372137,0.628922925924964,0.67317363058676,0.513390651276204,0.302034375468269,0.178590837048501,0.583199504533593,0.553254663748658,-0.133021659309302,-0.071417305136031,0.553440294112045,0.462277545263206,0.360436588688302,0.376697669111265,0.19115977308083,0.0241160957851457,0.136883208992281,0.0571652141968049,-0.032150795458306,0.203875768543366,0.15217997659157,0.332698460492122,0.311371203787048,0.286533516677998,0.405959184720472,0.286508803611593,0.260172190633441,0.253394493438601,-0.0606300794730434,0.0297953169656962,-0.150601444043149,0.0042185979365303,0.120682404780944,0.075079470768999,-0.403683845228677,-0.276187954867336,-0.364892593045368,-0.311491131751265,-0.341363600296923,-0.202113226734215,-0.285718783487587,-0.163516168640323,-0.00923839143641507,0.163670297590646,-0.0800959595765972,0.139452613931505,0.0303729290538583,0.0717335942323429,0.0905032432345043,0.0509378536690692,-0.0755881498353406,0.0798219131076195,0.205355222029991,0.244362771346214,0.302350814869421,0.144168741351223,0.222929522638309,0.265513643531037,-0.114804918030737,-0.124308532712163,-0.0757568045999981,-0.068046759080374,-0.087009668460602,0.0248705276994522,0.160786874434501,0.211429441360678,0.151906016271393,0.211544218598504,0.207272442938634,0.199763398416213,0.156422242462228,-0.028941272055517,0.429615399699105,0.314165225120933,0.481614539213233,0.426903491899289,0.412433024856734,0.36252891953921,0.131600839954378,0.278455582004844,0.0854944953662903,0.125441065152378,0.00470052126375561,0.0527395020167451,-0.0197522832945611,0.114118991005736,-0.0703420899623818,-0.0347810584046928,-0.205230232331136,-0.095583474982219,-0.185565273180382,0.146136211628321,-0.143369452095074,0.0269306669810537,-0.226702211736511,-0.0782463656631003,-0.179934662174714,-0.174213716024459,-0.27206542439559,-0.237611464932477,-0.0485180202003616,-0.0187777882555677,-0.204745230541714,-0.156849641573428,-0.100700713442007,-0.231853144897883,-0.192999043970183,0.0953135437412032
0.41371413835825,0.264844382466497,0.424870400403838,0.707059725519557,0.491367586416378,0.759952443385708,0.673122671395157,1,0.623350077330092,0.824990996512046,0.416252955656726,0.604390355019642,0.199370120795403,0.264640793000879,0.345360335997367,0.430811954496548,-0.180852395725902,-0.115676595781908,0.46269186615175,0.516753665449886,0.277066844675895,0.418586164635907,0.26292147771506,0.0324944366150796,0.205231488108997,0.186765291935376,0.183411809481036,0.350920119990675,0.105362655974159,0.305989483477668,0.159848694158638,0.192975448184493,0.431361605745382,0.432301862302308,0.277595187730928,0.335217711767727,-0.00719401040890782,0.0995040017780689,-0.0321522412083968,0.0420948460266742,0.132667771998485,0.110026231070602,-0.464777094491507,-0.377791611295732,-0.378436463505757,-0.286971921328238,-0.386267985089535,-0.255145483475962,-0.289136474598271,-0.154684116684792,0.0284644744294939,0.140098294915236,0.0222052081717823,0.101556340250464,0.0617917930381099,0.12132987499167,0.15176849338836,0.119895130960848,0.013370045128034,0.194107959318033,0.459842893985795,0.513136867505993,0.442311479558822,0.519586755435784,0.187390866665442,0.411664119328281,-0.123183143080249,0.0510824290966017,-0.216584182682938,-0.184423325455046,-0.0142169214171804,0.0157536643739371,0.0780941342267908,0.122967549596307,0.160664523632244,0.284656838322989,0.0970858985323357,0.11747599299886,0.191866281670137,-0.036643383771251,0.455324596812075,0.327895203886244,0.432316852617826,0.383682117586807,0.383185478069207,0.366050629549487,0.155325142325216,0.251719617601463,0.0977410385731676,0.0799532243370713,0.105714446955404,0.0790704995497499,-0.033349038802284,0.0547170869004366,0.0328473811045021,0.13473928435176,-0.104214696683493,-0.0455864417399264,-0.0215717823755985,0.093841520533636,-0.102448354813384,0.0137126519189588,-0.140274166317481,-0.00906144763071335,-0.0837076641074213,-0.0974492070346688,-0.238420850460449,-0.31935903127009,0.118024823024586,-0.0207089248396206,-0.0528810237861438,-0.056285230518964,-0.0943295930557742,-0.263604548658338,-0.165027372227524,0.189294660561598
0.311451604796873,0.168714700533344,0.584865227638909,0.515505321413509,0.750131172156737,0.710379285876142,0.745648823372137,0.623350077330092,1,0.615302344373312,0.628156297802168,0.444702248316106,0.286289469065716,0.190616248118452,0.391536080522073,0.379519063396076,-0.269108369590757,-0.158565164576944,0.560836207443698,0.481854661769024,0.283551257282697,0.210923732835584,0.0500506762679448,-0.121436056925162,0.0630900056661788,0.133910206300854,-0.0346408275848012,0.384526506083788,0.285815770696439,0.341232064243367,0.373835639180775,0.206485638824189,0.416381418028147,0.266487820853248,0.256697797564196,0.283086163955661,0.0386537831666085,0.0480828055667093,-0.0708132588875109,-0.031351479173351,0.0838770295384857,-0.000377925344606412,-0.322145097245244,-0.250293567458901,-0.218432555749878,-0.150481608768308,-0.274180135297016,-0.128106570127626,-0.175561787659412,-0.101515554815585,0.00487187187028812,0.11753323127449,-0.0147020934739324,0.169273948917729,0.112140723028021,0.147854347042367,0.120798369504109,0.0378772534062651,-0.0992315323765396,0.0150950041470725,0.299274856040811,0.288795037805775,0.341802999069576,0.205521346147373,0.324355258599257,0.337373060581021,-0.00891911421668799,-0.0889765830135024,0.0143299593723954,0.0322660102978211,-0.0899234214367117,-0.0739463369253222,-0.0243530884373249,-0.00305280381859374,-0.0743620264359995,0.0662549703424205,0.119574695267662,0.0997904587284786,0.164662211929158,0.041401927201732,0.418090259810591,0.398552015251056,0.392125281490339,0.357838018267346,0.388551984958417,0.35486647102097,-0.00607247011680308,0.130536165764309,0.17512913414306,0.267074569999378,0.0391237245250241,0.0208579749734024,0.100056042318262,0.0461683975316328,-0.129449996250276,-0.0892089282983327,-0.222135377932582,-0.168911212517005,-0.224182638478945,0.0612712263463281,-0.0360588629150922,0.0582556202914764,-0.104271546886723,0.00471089630745974,0.00199388847657658,-0.0113916385594133,-0.121232146688833,-0.160796169862374,-0.175703114582291,-0.175018799076379,-0.25661879500771,-0.270981128173539,-0.21044414129074,-0.176452828703384,-0.113051485304907,0.0362917227786953
0.310776271494472,0.219221119892509,0.36887054021071,0.541646704162884,0.374523407738185,0.636265284688598,0.628922925924964,0.824990996512046,0.615302344373312,1,0.51191992896566,0.646723649084117,0.0779149309273204,0.157292507469644,0.146549902824397,0.246223821355228,-0.180569196056224,-0.147271333488371,0.431233469742421,0.489451646559347,0.312919613409112,0.400532001813147,0.327587130702245,0.00575272107586532,0.175560019069666,0.0694922694586437,0.0125910229216452,0.301229080364921,0.191827092843643,0.407325329335056,0.328871219624447,0.324092221160426,0.197243608928345,0.216225459509229,0.0955732805825211,0.139245084279925,0.0326737559662512,0.175217016129431,0.0884701910401672,0.112520654354223,0.138758766536104,0.010372467512416,-0.337585879422776,-0.246066810614239,-0.326596231262957,-0.231929101571816,-0.218279235661461,-0.0827564631337486,-0.16240383959679,-0.102386752067774,0.175648612752401,0.247654457961323,0.189197252907958,0.178403308741709,0.300505633708308,0.296748156208858,0.191154489213908,0.180012123419077,0.0974047375641276,0.224354710825539,0.348773093959377,0.391416038577273,0.270881373807973,0.32912117546013,0.241541389481752,0.350943820179961,0.100916090853711,0.173125643805584,-0.177925690134357,-0.155306896187205,-0.153983484343293,-0.100379927357363,0.0163608812423335,-0.00361254761623173,0.0649240111606372,0.145942188118146,0.162617593007963,0.153541001152357,0.169781908479123,-0.066647027900537,0.423683598807133,0.355214220097683,0.447196103094398,0.390495624449366,0.532335607233777,0.515826157463686,0.255195310905141,0.317396368067438,0.154449784920738,0.116323273002891,0.153155004876807,0.120985364126254,-0.0738824291952247,-0.0295908307278296,0.0568426936657777,0.114888310508658,-0.017016462206426,0.0407406775843658,0.0974926317632813,0.246337665713974,-0.147752082808432,-0.0684171144883461,-0.200969500813836,-0.0921766820854699,-0.147284121640191,-0.171491975649416,-0.195681470833431,-0.377367418302736,0.103083232365294,-0.0338280894218718,-0.0374243776891729,-0.0328772516224826,-0.0221844442706478,-0.2766742757154,-0.162783383089916,0.132069463522689
0.115294271511161,0.0125215299495208,0.491716822273362,0.314766483128999,0.427095987995572,0.363925101052126,0.67317363058676,0.416252955656726,0.628156297802168,0.51191992896566,1,0.59318139963564,0.163283767133806,0.113804200805243,0.336059476514163,0.297166772447487,-0.286272782212964,-0.118420274362519,0.518181329431765,0.408937550086211,0.281887521112613,0.294509614145091,0.14312378365634,-0.060425811837162,0.0287566828190782,0.00511754397363815,-0.132687999527138,0.255468103629862,0.249398205421088,0.407686329502531,0.639009164556911,0.357013279059704,0.345448527845425,0.219656699160575,0.158316434492585,0.106893586643602,0.0633575011654335,0.134339817660352,-0.00624102166697865,0.151782443164351,0.171193669215658,0.0446369502998268,-0.288605123042707,-0.188735211537384,-0.257491595774432,-0.250817510886478,-0.190994132365978,-0.115395910351923,-0.18660761228071,-0.107753304072301,-0.0388355768608201,0.14653312959094,-0.0391338146651238,0.111317619956215,0.0508713474807817,0.0543996679760327,-0.0285350891363067,-0.0216162009627005,-0.0663339907323166,-0.0328609381182282,0.135833539696858,0.169393711730736,0.0552789222589576,0.00933181510364911,0.273950853398893,0.275167072114321,0.00934150671191856,-0.0597455712201584,-0.067211162151498,-0.0750459172164325,-0.187240093422167,-0.0174005425488879,0.0524703409775917,0.0847590232082382,0.122624262279308,0.0289150018579235,0.165158731698484,0.220812585792731,0.141411372465209,-0.0523801256754114,0.328144848589345,0.295589095473802,0.476494863501601,0.299627890451286,0.428696623144825,0.387486230518518,0.150739466747106,0.310101262698411,0.0186793951139458,0.102523296318415,0.183085136755446,0.180095157556197,-0.0236452587864858,0.0863283686252386,0.0869639192966066,0.109534758381133,-0.0555608139460643,-0.00641049501195205,-0.0286731974856729,0.143663863421102,-0.145336402457969,-0.0243686313623338,-0.236089216254129,-0.138050686822278,-0.173999441799611,-0.212495754481244,-0.083920943037328,-0.279482807313371,0.138323002791956,0.055180790202621,0.0461944406179259,-0.0219484008291072,-0.0416821545719241,-0.197276751141796,-0.187520725796813,-0.0117541059592037
0.0859247725406352,0.00953128931656309,0.445949725701879,0.491780442267796,0.364728010868646,0.452665197200182,0.513390651276204,0.604390355019642,0.444702248316106,0.646723649084117,0.593181399635639,1,0.113067441522872,0.0959841276788955,0.225219698085915,0.240056089219078,-0.136292213508456,-0.0314241109411761,0.469325784524857,0.510620728099754,0.261314469664826,0.482259719792126,0.29638615112455,0.0997999440086952,0.220985903955924,0.215416602998847,0.216702477238478,0.460967348689747,0.258230356711058,0.584271492887359,0.422276167028098,0.676152507768306,0.278851399896305,0.328080794312382,0.225418140317068,0.272365300574354,0.0750770535126453,0.203287885550921,0.188886900579848,0.237963175861471,0.159753692116871,0.211639595175529,-0.293669274314238,-0.187914585007272,-0.30924452415633,-0.234830371697802,-0.223362885949285,-0.145914351168801,-0.303957918179378,-0.183922804493845,-0.0110203353979992,0.127659333153939,0.0332254617034208,0.17710672791561,0.105944334826657,0.147011237354554,-0.0367209201033725,-0.0823021630625255,-0.181538326370696,-0.0688775226910906,0.112077331237424,0.231498277962095,0.264344338179943,0.309677598067966,0.182152739150215,0.265585175871321,-0.0656341809519629,0.0242139559382111,-0.190684885155892,-0.270845234019961,-0.0150181520600018,0.0464099443921853,0.0719948014611448,0.0864678896929933,0.236409089386061,0.226735881601087,0.134806556767083,0.202519309383349,0.151364303553478,-0.0972668489663929,0.507241273403767,0.44980303623919,0.597703208496523,0.535117613165764,0.518330515946786,0.522436487547319,0.151625465626482,0.445227069493766,0.169156647692833,0.109047186006221,0.247237547107423,0.274657427048646,0.00816758957984285,0.0534147642615242,0.161141894730594,0.119228696950041,0.0265744794663275,0.0691313351245012,0.100724677305042,0.113763778173426,-0.203131142718451,-0.0950908279861365,-0.258495980415126,-0.129242892222126,-0.092582158082617,-0.130623988970687,-0.19717706183788,-0.336422545494551,0.187686105256941,0.107232118973516,0.141543561790371,0.133327464912966,0.029959784777287,-0.2020928009324,-0.1599464815948,0.197844410442737
0.594257156721199,0.549535272443185,0.0967583894961343,0.302008712159384,0.0969566749870844,0.277309271901186,0.302034375468269,0.199370120795403,0.286289469065716,0.0779149309273204,0.163283767133806,0.113067441522872,1,0.785777379691433,0.449019060891876,0.486068095341148,-0.131459714393287,-0.0908796023646061,0.192846685318385,0.185917470407169,0.153692307505544,0.0985477402318843,-0.146795063761529,-0.0673463552837418,0.0413893288798354,0.12058291273932,0.0157460058960999,0.114599086527698,0.0208264675300459,0.160982991140646,-0.179706173670201,0.00746951861219233,0.68090396320606,0.743874039309739,0.642217357817152,0.557972476274456,0.0617834390750212,0.167589402917998,-0.0865379764949458,0.130234368655199,0.250654503715735,0.27629568234379,-0.107917462867814,-0.0522090672351226,-0.0652392419388873,-0.106721600243523,-0.117019243967472,-0.0100547556653316,-0.123475195690506,-0.27153548295363,-0.213570974414443,-0.276001193004333,-0.0483859712447314,0.00970340903356902,-0.133862150829299,-0.0197643920855891,0.54017143999398,0.300984844095681,-0.313534387003949,-0.334725890995884,-0.0231442273209992,-0.0863585540231251,0.383216034406217,0.182958047214071,-0.139220519985956,-0.0812867566240271,-0.30846448746208,-0.258269724373146,0.296328090696298,0.268963400400813,-0.218171776593574,-0.0967097017598599,0.186249661457412,0.270705493098948,0.111390896237193,0.283254591595426,0.0703146435980826,0.0512334597534431,0.666933500717682,0.568773548849482,0.330430061536258,0.288269334581933,0.0715501627900281,0.313262213384618,-0.199274951354299,-0.166957082702711,-0.0815387376189826,0.00271176719268167,-0.13260368617321,0.0954492247090694,-0.284131858163462,-0.299638983505398,-0.110570890216449,0.0418936908607508,-0.0826069742711413,0.0216947632690935,-0.0383944734222077,-0.00225590715451685,-0.1767191975699,0.0118795989150257,-0.14843963028037,-0.01821987418363,-0.0876281866237276,-0.00588524708304859,-0.158765522043616,-0.0486675032535588,-0.124043571947139,-0.0576130468948901,-0.0241438170461708,-0.156603625900688,-0.0653691189730665,-0.116337320305405,-0.104289453698862,-0.0388222045673273,0.0149694142327678,0.124759365997589
0.570746003452219,0.543186704693958,0.0160001612101623,0.26163273716883,-0.0461155624069964,0.25145001151614,0.178590837048501,0.264640793000879,0.190616248118452,0.157292507469643,0.113804200805243,0.0959841276788954,0.785777379691433,1,0.230938943106254,0.296774377332881,-0.218615949844841,-0.108161992121884,0.036577472795444,0.137890722400681,0.040080553884553,0.0245488973997324,-0.241718688321651,-0.142078098525858,-0.0501988997255389,0.0561014031119943,0.120557431674874,0.162499656566177,0.060591435715224,0.0585427837866941,-0.191336334967877,-0.162983564512101,0.649264283797705,0.756744986676935,0.530440713139768,0.465054520978359,0.159973690685106,0.249634031852834,-0.0711980000447532,0.152744850515381,0.182988282611158,0.170276783648654,0.0265846844166726,0.0980009102850874,0.101454851693621,0.0845379989185453,0.0350086300824069,0.143227310129267,0.0647207460309915,-0.0924674333215568,-0.113456421063639,-0.246632380288027,0.0313398740551453,-0.111110435033686,-0.0964283844125699,-0.00778616035295828,0.578346270872671,0.404647211006,-0.0868017385027609,-0.238611319992059,0.120555607843629,0.0162378009818731,0.373184299048069,0.354114516738233,-0.151246742286993,-0.0312910842554612,-0.204256941594078,-0.0378732038808283,0.157433832708738,0.17747209825283,-0.17766704614362,-0.0526165844062526,0.10000487552862,0.225542825871334,0.00925473253095356,0.247928613452444,0.0729145369782962,0.124535725213792,0.609148793925064,0.567022239957683,0.216509004178863,0.151403853076565,0.00468438657021132,0.181390120141593,-0.196536552724288,-0.225816065271521,-0.0643648994639881,-0.107399384345077,-0.221915579519442,-0.106120018033189,-0.235173102074237,-0.275483832453523,-0.18278791788397,-0.0388439535209223,-0.0113686860554423,0.204318567951866,0.132676297211098,0.16254767965942,0.0265342469649299,0.0723495971071041,-0.140886544323551,-0.0292505655087527,-0.116535549862455,0.0229225611998542,-0.268458006910028,-0.119109092061243,-0.180890878971185,-0.029901831003038,0.162989124074202,-0.0973098121343743,0.15243215616928,0.0764678328346719,-0.0695968620474106,-0.074053715595634,-0.0250165509196807,0.057698305105269
0.505963465588399,0.334603996697646,0.43277895050262,0.500876346959484,0.42036447851699,0.436450090907472,0.583199504533593,0.345360335997367,0.391536080522073,0.146549902824397,0.336059476514163,0.225219698085915,0.449019060891876,0.230938943106254,1,0.831832451445734,0.000563956281694937,0.0328527120683078,0.473866613252082,0.322142045488154,0.295207788564407,0.21493436688746,0.131798424166871,0.105791784084468,0.168191881217972,0.0779326284894904,0.0361995499281715,-0.0260608833975742,-0.0256226446715878,0.174980172401386,0.028741217967229,0.0781757105623848,0.514797929991892,0.473228981056589,0.54408101829062,0.513755009721707,-0.0126461052377604,0.027775471532872,-0.185238608504908,-0.093026401787801,0.192003545182218,0.303892215081158,-0.352320332709423,-0.304602845516532,-0.295454963596061,-0.25661245549338,-0.367054004519823,-0.298707585211495,-0.363029685637428,-0.228200385197538,-0.21116003451523,-0.056557753999429,-0.271172143712085,-0.0544971267823058,-0.174852624655753,-0.167888244307381,0.100030358374623,0.0228025357268535,-0.324461000465574,-0.167766904685101,0.00514248019158755,0.0569773681621078,0.222180532071794,0.0175351300980282,0.0572306367860239,0.157020736863497,-0.203340977454318,-0.296070769759235,0.34874449574296,0.278649199500692,0.0629324969044761,0.128748550552766,0.332061178144433,0.339560818158529,0.379322283993747,0.317336261566089,0.102487554889431,0.110599067250812,0.289889704375509,0.188553584887163,0.379890876202364,0.349672107636052,0.368619529446371,0.408589625738319,0.142682327773321,0.118156122290439,0.0539452020747208,0.168302173870399,0.0678860888099313,0.171519678202817,-0.208276210631867,-0.104318753251859,-0.0914165120751206,0.0747433245676456,-0.20893169581929,-0.223636857886402,-0.343235335946361,-0.296433338496632,-0.500924343428375,-0.248341419264147,-0.175101759301226,-0.0454394379614079,-0.212727083020462,-0.213823163740228,-0.125383212640088,-0.19184955298157,-0.192922166175708,-0.139179655355313,-0.207129120107529,-0.125704465291447,-0.294804324140819,-0.386177539661671,-0.259825132949505,-0.109745323235624,-0.0979070798318132,0.130768182748128
0.62531944716505,0.522794561889157,0.366177408640732,0.548883716913289,0.329625605848729,0.47199036961041,0.553254663748658,0.430811954496548,0.379519063396076,0.246223821355228,0.297166772447487,0.240056089219078,0.486068095341148,0.296774377332881,0.831832451445734,1,-0.223127724884566,-0.0636446064632706,0.4684499894835,0.342572613463273,0.320162926208871,0.199414025653175,0.087733088601658,-0.0372728066755516,0.0476491662432022,0.00751257297886256,-0.0808839687697252,-0.0786412386626898,-0.135501334956948,0.230868141213236,0.0208607698959363,0.0655270721630408,0.522172952395648,0.542990283621309,0.569636856460986,0.554951491586801,-0.0234558223533565,-0.0173043184405268,-0.126347233793049,0.0474878155159267,0.214567305051188,0.275895957480479,-0.334589702553838,-0.253669028296378,-0.281109653447283,-0.220028079813686,-0.401212439994023,-0.295385368291414,-0.329493893067028,-0.193768770265895,-0.213619979057092,-0.0423544640480466,-0.197839797046027,-0.0533941499710728,-0.0984794312870182,-0.0833044839132219,0.257814229256564,0.250744858672845,-0.220377793773387,-0.0719443797467924,0.140980111955656,0.193750976514438,0.307484805984213,0.131256530414319,0.0616388997976177,0.203263262956371,-0.202148529728679,-0.248089457832757,0.339176351807381,0.31657929726485,-0.0618503578928057,0.0396579471837761,0.289261663992288,0.38530978296625,0.319195727475057,0.328498782043827,0.0642923574490323,0.133420210141981,0.332254166439912,0.250513586667135,0.445644533369519,0.421842856348887,0.366662443125534,0.475040598583574,0.215443395834977,0.230941631695488,0.0856918725695632,0.279966445700602,0.144586689500691,0.259405164855998,-0.198123148035908,-0.153602824819618,-0.150470279518202,0.0276210419156415,-0.0607591155946,-0.107227977006281,-0.240978244325069,-0.171633754093925,-0.443608350372798,-0.110250201741421,-0.317970843958929,-0.180261853048785,-0.311119681557957,-0.333684532601133,-0.203554824336851,-0.288666849564325,-0.255678698653102,-0.197118852928247,-0.133448312623661,-0.0364833674118316,-0.236840296408628,-0.357040390520546,-0.290002338854952,-0.247661556698187,-0.154576179407506,0.059343800240267
-0.137942213570757,-0.238042178242579,-0.0548606202571874,-0.123805457276904,-0.104188084183348,-0.147905236095711,-0.133021659309302,-0.180852395725902,-0.269108369590757,-0.180569196056224,-0.286272782212964,-0.136292213508456,-0.131459714393287,-0.218615949844841,0.000563956281694937,-0.223127724884566,1,0.548775388236934,-0.0884554027480812,-0.0720755777238405,0.00692612219005111,0.0906575207342212,0.334505987680915,0.601823291449228,0.531137787295038,0.376877444802423,0.349282223143637,0.064051984262637,0.232024837499641,0.0526933904483529,-0.22025966963535,0.0995056001619361,-0.216267788216532,-0.240234343813325,0.00781548342331446,-0.00686418282407395,-0.148566203045894,-0.10624115221889,0.059397964533886,-0.163358505860729,0.0362430815751292,0.0762086352137575,-0.01933311763482,-0.143460101295365,-0.0720993979399609,-0.15212869378988,0.00762288405500778,-0.109601658280942,-0.0748131084159414,-0.136686439702568,0.0521415001524026,-0.0794419335793848,-0.0288917012487568,-0.0810415243238841,-0.045182483989628,-0.0846014773491154,-0.126365842185838,-0.223700254438046,-0.0907644153811542,-0.0874659268511546,-0.0881046646202965,-0.155411595593234,0.00217798843499057,-0.172247999129703,-0.129605775907797,-0.220253910186095,-0.024735987819826,-0.121246832330284,-0.0429825607111677,-0.139349564806569,0.227577302780064,0.139112265170446,0.120102393187923,-0.0676767287953143,0.116218738681796,0.0098531174219694,-0.0623440037768136,-0.100962379545064,-0.158640991595216,-0.242377308177535,-0.12259915195718,-0.202853398382893,0.0365002054859414,0.000378433731063773,-0.117380295943124,-0.150998120314139,0.0725723852067195,-0.00563191226793216,0.108016387801688,0.0241297085297263,-0.0487118360778801,-0.0457806255340045,-0.0343723232021835,-0.131727302831596,-0.24718705210516,-0.19394066520453,-0.189327247192755,-0.190824078859388,-0.0431969125478217,-0.25421522883637,0.0642251409685567,-0.000178999426964089,0.0422863770283251,0.075828864423118,0.0930473883017068,0.113499371271991,-0.0761712798713271,0.0608060103449496,-0.158206008526085,-0.0984431139379675,-0.108571464002672,-0.0111252849707494,-0.05977142591281,0.112647780889748,0.184763363772361,0.0566894518628714
-0.0229642530442215,-0.0859380275841557,-0.0623353003012837,-0.0272919845723533,-0.0919011169635831,-0.045149437673727,-0.071417305136031,-0.115676595781908,-0.158565164576944,-0.147271333488371,-0.118420274362519,-0.0314241109411761,-0.0908796023646061,-0.108161992121884,0.0328527120683078,-0.0636446064632706,0.548775388236934,1,-0.0056771432593375,-0.0108313941310222,0.0488807670602924,0.0989962210211269,0.28273437999089,0.579254760337396,0.568467833346067,0.446118586224789,0.374725516697573,0.171560005117373,0.307553211045499,0.269313188746219,-0.125207417726015,0.0899039029611633,-0.123481785091222,-0.0560045231163487,0.125285581588208,0.10183932959108,-0.044982077886439,-0.0477806693911463,-0.00593722005671997,-0.0112716140516059,0.211999086293836,0.286515054183207,-0.0420916144239548,-0.0966696637887244,-0.0371767220549997,-0.0715928694883535,-0.0396715513838368,-0.0932997314871332,-0.0785378299302436,-0.123815795423998,-0.0823870465734881,-0.142053648939632,-0.096598135990298,-0.120484319263659,-0.0723613590929282,-0.0823793888111095,-0.0672552950480271,-0.0815401287932489,-0.0249740006630329,-0.0325617778580414,-0.0111561470450127,-0.0190800478206128,0.0776031069112714,0.025609694486578,-0.125969495187256,-0.16018652085711,0.00645609030167166,-0.0599737741160267,0.0414825667619466,0.033483382180403,0.276684408252777,0.202188100302199,0.221058873449595,0.122549128770923,0.110101704993825,0.152384297770841,0.0467138339832212,0.0518429736654923,-0.0523581088093211,-0.197770950968259,-0.0393358083537834,-0.107584602000069,0.13744048834894,0.119872040770689,-0.0534440045391671,-0.104061267383382,0.11131281069128,-0.0247383502483949,0.062671795011804,0.0555766812624796,-0.082063829726917,-0.0404993898780558,-0.180755122076663,-0.196754938772416,-0.125710510191622,-0.0973572795573482,-0.0858829374586831,-0.0836118053144996,-0.014661055426793,-0.12695991763316,-0.0580697295730086,-0.0987419770037082,-0.0688692855547509,-0.0752849366505611,-0.0459187277208324,-0.0879100364297236,-0.0776677559971386,-0.026091518742199,-0.0151546916034305,0.097486641428078,0.00461561788438292,0.030526043992726,-0.0956662557231206,-0.0147671716836593,0.0286803036905574,-0.0349711179626409
