1,0.514393439381073,0.0605847539168404,-0.0546507277822537,0.128995038474615,0.246827186351206,0.627619553822498,0.479157010689847,0.5850399358014,0.429514597661876,0.327892426265295,0.233703061098421,0.309976209203391,0.246054009820232,0.651329426609805,0.499218176209597,-0.264055819477209,-0.278146946600759,-0.0790813925156747,-0.218288059165128,-0.346325334049207,-0.34140399153265,-0.331782483893385,-0.353234176421466,-0.0443484165331954,-0.173597041222777,-0.306580512487207,-0.138801952841218,-0.0543154756140488,-0.0801251941846844,0.171325334255093,0.237352941952622,0.340633743622462,0.203568295023555,-0.145850538876455,-0.162299763496053,-0.39360025920966,-0.348399093431449,-0.202169442484479,-0.111009537304473,-0.168366205944464,-0.160193046191539,0.207755359472374,0.362802786298044,0.166863862094652,0.228555564160298,0.0283951968454125,0.0764458802378952,0.156632623284288,0.15957242754464,0.0565778489334838,0.080941660578928,-0.0336124795562208,0.00562498412514111,-0.232239330021051,-0.196435749125712,0.496277329993271,0.310890019713312,0.40088292531991,0.363228097079835,0.339610395611818,0.276177307629056,-0.0435816493923501,0.0247839582445228,-0.144653251534589,0.207483915871529,-0.154512607085671,-0.0132025589374948,0.331844481223245,0.323428820850798,-0.0822086882106162,-0.142582288925855,0.0903738189884167,0.167599541943078,0.102721270296704,0.192148306627794,0.133447441027642,0.0282244208469716,0.262185832182808,0.156664990539852,0.116713402548343,0.0522734113769916,-0.00249442358284994,-0.210097925353238,0.00264976814395665,-0.297957105747329,-0.0452214390229634,-0.26194221993729,0.0313531098853264,0.0127643451262338,-0.205723477424661,-0.107627565401429,-0.151173326133074,-0.135680762282627,0.140899297859232,0.115584095078135,-0.221755455073819,-0.0276231740206014,-0.0300522864996656,-0.00550357486658191,0.204359080841433,0.227393576048586,0.102219282155926,0.0697199104884219,-0.0921028237128024,-0.157775268951879,0.0541545730644564,0.16610771537871,-0.172347603990384,-0.0566865365904903,-0.189945920068345,-0.296886502910936,-0.132809798157378,0.0961668589220772,0.142044709178671,0.127591598179081
0.514393439381073,1,-0.083329883063758,-0.20375610658702,-0.214260563413633,-0.29429640939869,0.184068163864911,0.188103778676853,-0.0467252958077587,-0.119595868136162,0.110331825028172,-0.104128731234096,0.6023550098665,0.666322739627841,0.25628232870538,0.359842972358014,-0.0857822789291452,0.0625851458592649,0.145223222932037,-0.0222069532217149,0.0298607835115527,-0.135409716434021,0.124521842466069,0.0408040090324564,-0.0874049735553108,-0.0741705901978047,-0.121131984646781,-0.0671113796069294,0.0542296557200489,0.274019962364793,-0.016079363768551,-0.1251477683646,0.152580028684649,0.173426542558801,0.0980938282971455,0.0187653737267674,-0.0474709614685533,-0.0921127175798165,-0.041417626368665,0.24136716313956,-0.0143949972843533,0.0501880940123327,0.34878597982822,0.578087696343485,0.446322245710884,0.513703731416197,0.437508216831054,0.517140141109687,0.524544443323606,0.443214713701057,0.315187483669075,0.157459187500161,0.375314187648618,0.33060249151476,0.146079367667582,0.28580629627918,0.755721325189641,0.717772038823357,-0.101188164611908,0.0212420171615018,-0.292098185179585,-0.226670074994696,-0.073870428824957,0.00149070191313711,-0.17028134584155,-0.169175800965772,-0.178789100939042,-0.122244111027118,0.665157547637311,0.596029442319771,0.119620247725196,-0.0531845528087841,-0.219425529671173,-0.10071047011767,0.0230206440869307,-0.0921601795222241,-0.00364215956012293,-0.136886421626973,0.567472711425876,0.558158091875901,0.478386610905344,0.503869106484911,0.43607087733854,0.270082198442961,0.33987225288544,0.145083774106105,0.251555355934314,0.120703942061858,0.116622931839578,0.185039290772385,-0.237640671491576,-0.0823277509218494,-0.302369906030597,-0.105823499025715,0.170531714409717,0.179279177860084,0.156453718823,0.264086623289551,0.0643142419688871,0.0506923098779595,0.0210903381019763,-0.142423732458623,0.168474901511804,0.200995842160843,-0.00775632617489512,-0.144703819128789,0.163732252513079,0.0281022417352793,0.0447857313103841,0.0682816069606221,0.0796344951624355,0.124034391932419,0.0761339806867487,0.0869469453313832,-0.0930042565211009,0.187707248312438
0.0605847539168404,-0.083329883063758,1,0.396947637107645,0.646451118604646,-0.0100065323966188,-0.216913095236016,-0.244031325370844,0.120426310083785,-0.214899517630901,0.337739549458269,-0.0532654879037839,-0.27327438209934,-0.274932668458444,0.0128396289720746,-0.072067190395578,-0.179758661980346,-0.172883101315205,0.54734678057905,0.373126319492902,0.187423693366806,-0.0585217696261044,0.193482990511694,0.0853315579716294,-0.0567224137656221,-0.0115921165613519,0.142408422917643,0.193216645608885,0.0714315020196343,0.142255124017339,0.153669190688559,0.135663603435083,-0.193777005455659,-0.325591009301887,0.104893611818497,-0.0705834618771986,0.253314723239882,0.0469400888055744,0.134650938774294,0.00429965416716899,-0.114819656555038,-0.0780246824183705,-0.0430783791584632,-0.0508563532164271,0.289901691767891,0.10870522362282,0.101915456960192,0.0139073311159475,0.0546242215745694,0.0141576136926765,0.145157575090792,0.154089782884223,0.0523664123389261,0.244600233003766,0.173775344706241,0.180823871567447,-0.139997195279166,-0.0877093485034977,0.351884521110339,-0.126030284914789,0.474513023198638,-0.0304963271456698,0.23853196853813,-0.162590609905283,0.57426517867949,0.125354944193124,0.202397635554964,-0.0228678932990999,0.171448922472747,-0.104583227062471,0.114461327851948,0.289149900585933,-0.108090684772078,-0.188919191929777,-0.199755879272297,-0.000622414192164267,0.0475913933241738,-0.0428332054720487,-0.0949262708957456,-0.131936077211282,-0.114900572600768,0.104143159904126,0.0479460455155516,0.0407830059593507,0.415659667178857,0.27222534626794,-0.046416433096133,0.163544968126897,0.0608745800334726,0.0823513494959582,0.0287403941229229,0.254286614193086,0.0718255384458666,0.482189337548474,0.100408453326074,0.12597785228207,-0.0933908318448013,-0.0798055802001585,-0.0893866604968769,0.0143264616807491,-0.0136566623155595,0.245970210741567,-0.128397445457064,-0.0732223103243022,-0.00137144623984713,0.289352511590262,-0.177879873872646,-0.00918349034300924,-0.0373899969380105,0.109936070936775,0.0369383663529456,-0.073367800803102,-0.15346192315889,-0.00893963278953571,-0.0681520075285944,0.0345027259467702
-0.0546507277822537,-0.20375610658702,0.396947637107645,1,0.359730864815207,0.464771825858571,-0.260362925271457,-0.186042652107892,0.0823779044371049,0.165392409368943,0.00894858786744831,0.0135296530799201,-0.182393707228082,-0.336968696392891,-0.132964030788962,-0.0972949506522203,-0.113215474138627,0.045874849378224,0.0278204322131236,0.420997810456095,0.0892231045042135,0.27484396038651,-0.0661704890504664,0.0506971049575193,-0.0354998355047174,0.0999021374360031,0.0335063052907135,0.432919644787349,-0.1576199593377,0.0564133909764161,0.100095642792225,0.312478684624657,-0.294702417047942,-0.184672528020468,0.012249519505639,0.203039767725736,0.0708230558457464,0.116845528908469,0.0864222052508489,-0.000654146795653121,-0.0800272226609221,0.0307106065651578,0.0512967345783926,-0.0678178299458864,0.02694339051359,-0.0544455858636312,-0.00922181922284522,-0.0674664776995929,-0.103635734586642,-0.0198664462293008,0.0885913114324766,0.02900451496093,-0.140545136791369,-0.144080209353363,0.0441806781722609,-0.0247067848978555,-0.121713117096898,-0.136450211904588,0.261933319488265,0.163087394313637,0.444039974371301,0.436712380033967,0.0486360031155604,0.0614647621392556,0.394921267036281,0.519327092050938,0.249712848722961,0.301848741891038,-0.0152000643999296,-0.102086454666313,0.25091114177478,0.10065728834504,-0.0688673315500827,0.0121086833562202,-0.159367044885869,-0.0282369972782436,0.0627639127418317,0.0893808169015626,-0.0360724863194915,-0.123089079331794,0.0196354811559904,0.0748750341204359,-0.17822651110588,0.0450480712119358,-0.0402098623790957,0.326721360652709,-0.0472768898456113,0.124163779144277,-0.0430627487497597,0.142392110558405,0.189959057736696,-0.07647049241778,0.0962265785645091,-0.0339033157980776,-0.12311583671882,0.0635280768677527,-0.090495888111333,-0.117812187279905,0.0589903548426544,-0.079357561368426,0.164513697342248,-0.0249446276424107,-0.283321623347372,-0.198298031584465,0.123404400540295,-0.0969901978849012,-0.0246730338671788,0.211606001914602,-0.148244926666127,0.0466176882967452,-0.0414032119137486,-0.150372965814884,-0.247695780570396,-0.277328159096002,0.0496520822133623,0.0233181314796077
0.128995038474615,-0.214260563413633,0.646451118604646,0.359730864815207,1,0.487531773401391,0.0984463931683617,0.17995502358259,0.454142972042307,0.205876116145927,0.36459693872295,0.261664338818148,-0.222034410454265,-0.208271897734232,0.198967161388506,0.133234219398845,-0.0471708438651247,-0.207731256919004,0.110598886152324,0.0487633460456127,-0.204881759654934,-0.177919319499446,-0.212043789050467,-0.137570177715918,-0.084876221449629,0.065876474916617,0.171322227114202,0.330967912617455,-0.00476624913924838,-0.0517537528458451,0.317346574955516,0.290015262156451,0.119246270204278,0.00231549232695635,-0.062496437968611,-0.131465213022556,-0.162553304329909,-0.183148488919119,-0.120601005156603,-0.178085017112643,-0.103091013542653,-0.181268144746416,-0.0265420830944727,-0.0162527002095304,0.0414259711724191,0.00789465084226346,0.00993629495437407,-0.0711451029880404,-0.0156041633073739,-0.0450049190256955,0.0250743600734152,0.103098854826949,-0.0529755823683551,0.0932330217325801,-0.0768238736233587,0.0516903468341947,-0.138154092178435,-0.102390370081632,0.43955871272516,0.0974102882100222,0.63719893204164,0.213979219046967,0.356151024248656,0.261068069291041,0.270259793055037,0.125631177875401,0.0695225520548444,-0.0188062643516758,-0.0760183519087859,-0.170031400969721,0.0417009271017161,0.177218278445537,-0.021080407880437,0.147398306207351,-0.0513525468017014,0.19378090642622,0.0352769303637396,0.0133832652595844,-0.0296286034204043,-0.180426226132804,-0.0664736574025496,-0.00918401290068538,-0.117775919686852,-0.12555592323108,0.0640853825347241,0.121629884686457,-0.25180399408354,-0.0738059751290621,0.093422993346448,0.0538286899040766,0.150017998365239,0.24678372395536,0.173967173379879,0.396702505455206,0.0498010753690538,-0.0667520700104973,-0.185882551561684,-0.0962946629699353,0.0510534533369765,0.161237930506973,0.0559677986433419,0.188685708621338,-0.117174415411278,-0.142828683917073,-0.127042220770503,0.0306273014233624,-0.0461060992979682,0.101820602522818,-0.135960303211633,0.117830499146896,-0.181855268676824,-0.143075054426848,-0.161114053582511,0.0621744236938463,0.133317502390368,-0.0275171545392754
0.246827186351206,-0.29429640939869,-0.0100065323966188,0.464771825858571,0.487531773401391,1,0.321223272092509,0.426764422471409,0.530848684712449,0.706495246043546,0.160919042606134,0.482503127443482,-0.215927998112513,-0.307508939013942,0.249256079093454,0.228974506298106,-0.0490467876629943,-0.182196426852803,-0.429462629676921,-0.164598254623639,-0.403343680874584,-0.0353456184100182,-0.575722168775252,-0.305778267650524,-0.00759031274780105,0.117484416096793,-0.135988809370996,0.337704791567316,-0.289825434386106,-0.23320324065818,0.279996330580937,0.531414999879519,0.114888408297821,0.19898466848535,-0.442986514868667,-0.189406177617625,-0.542895843559995,-0.413085988094252,-0.295709754606601,-0.287126701075676,-0.252170261955775,-0.235003786926958,0.103557829791065,0.0631253957025553,-0.120945700802402,-0.0276762924768415,-0.113390272442619,-0.169120074573511,-0.118443764744887,-0.0130242710584428,-0.0859480456889265,-0.0616221343849558,-0.313200336086639,-0.240466584652842,-0.37543971926102,-0.35003946899207,-0.205861652306034,-0.190128418671297,0.370226450796284,0.552156404529635,0.582988179797078,0.7195457177316,-0.153733676741037,0.195995175393575,-0.11763181117204,0.444875280610807,-0.0466974452035658,0.187907531712267,-0.253460400076439,-0.199947666214858,0.0460056612991774,-0.107350946590366,0.145498321615116,0.365374719370484,-0.00316636279939834,0.329733965162418,0.0508383429136253,0.0965036509459216,-0.109650509945988,-0.261616610384082,-0.109981304575594,-0.268497044209133,-0.464329932344721,-0.376108941107972,-0.533721023806968,-0.305648921820218,-0.360976236371896,-0.406921497430096,-0.150211339915541,-0.0481911306983707,0.178524138786096,-0.120054981151826,0.22350678244412,-0.138577042958932,-0.00843551665683769,-0.123366820467583,-0.318194409307893,-0.19476977764545,0.149002218592068,-0.00877331834016606,0.314076084140979,0.0572909604611995,-0.0504310770477697,-0.129789515615697,-0.0793857586328098,-0.325059134417698,0.0112968788549887,0.163642772421465,-0.21957161696519,0.0333282573176896,-0.272200862164489,-0.331379838638098,-0.222773239226707,-0.0182623757901599,0.199663597564866,-0.0548012887436948
0.627619553822498,0.184068163864911,-0.216913095236016,-0.260362925271457,0.0984463931683617,0.321223272092509,1,0.686224837216496,0.60032281124935,0.527759964160675,0.230639395014915,0.43002602803472,0.183253322286678,0.139927451391959,0.652769522119289,0.438693915236547,-0.262987505572559,-0.21608065376398,-0.212662796501148,-0.27268745981237,-0.49964982299705,-0.407990108757254,-0.380617862916564,-0.293042457419546,-0.0618273312005007,-0.118118886288811,-0.298204778650736,-0.233727489032315,-0.0600979461989893,-0.175060294821763,0.176090666556719,0.166161785320206,0.504202717426215,0.363328563887154,-0.173798207254527,-0.184876185801503,-0.421307820880275,-0.302153263308518,-0.359171053297807,-0.274742695458014,-0.0595536103808508,-0.125167186086402,-0.0189366227872528,0.093014947160575,-0.15943808018941,-0.0637682413530246,-0.287083685274986,-0.216113805684967,-0.0944354194258496,-0.120681766929529,-0.282474376302698,-0.129475114395561,-0.260202938888224,-0.174729921468074,-0.491738084697376,-0.390463025518627,0.101009706419884,-0.0403997655865487,0.160750621110557,0.29142764758833,0.241990973171943,0.257440671648559,0.0719837833874685,0.267424161495369,-0.231482140529519,0.0784138678756018,-0.216061384950684,-0.0469280245188852,-0.0452885762249127,0.131664863220692,-0.216630753067991,-0.188976706761628,0.336230760785607,0.433807595115414,0.242265349689948,0.442915351819388,0.150394453273205,0.0656272780928869,-0.0369162966155625,0.0325190691691166,0.0223795079389268,-0.0980670411192045,-0.112886609099458,-0.249675260143995,-0.0969410478071908,-0.408373157954618,-0.107642592313861,-0.299531964616823,-0.0265478498993856,-0.196063038117057,-0.136375465019302,-0.0755150881442205,0.0136074952015774,-0.119652712903527,0.0951820317178058,-0.0244741312502457,-0.226679998297276,-0.0663054924051922,0.0315451855146166,0.051249046432486,0.115964457322316,0.118952480147745,0.0280381136381946,-0.0500992995636896,-0.177386785858585,-0.130493977762673,0.123684022867894,0.0879090809036824,-0.093465077567632,-0.0777155825791597,-0.298305956709597,-0.329997119752874,-0.0605609682973138,0.11482651290918,0.34298447578925,-0.00830367919164953
0.479157010689847,0.188103778676853,-0.244031325370844,-0.186042652107892,0.17995502358259,0.426764422471409,0.686224837216496,1,0.548347367303279,0.665851788964554,0.259001485813377,0.561714910578488,0.222308868309629,0.273579318395301,0.575195625706466,0.626831882034133,-0.179344137645982,-0.256535309577839,-0.26809867978125,-0.212177547804721,-0.577507289353072,-0.473491358348843,-0.435841654891742,-0.347018911091258,-0.0840986061892986,0.0725906590334793,-0.253697856397769,-0.096188220609229,0.0223244263229773,-0.0924911353373209,0.329475275100985,0.283781767017144,0.614025083240097,0.601928562021355,-0.241216414801821,-0.214747546088503,-0.538777072949087,-0.410772729596363,-0.431472099685965,-0.361631199713177,-0.0204956592581585,-0.167403175449739,-0.0415931249354489,0.0935540785273906,-0.174585108202794,-0.0698623143507153,-0.253442660511412,-0.205114824974774,0.0139177135295056,-0.0422230720397387,-0.11067751531095,-0.102853993071085,-0.202957436460187,-0.102032854086445,-0.43732341431191,-0.27337168733087,0.152429002964933,0.0461310260008432,0.120170279633012,0.2277344760566,0.210371865797795,0.257692772106431,0.192881386431927,0.557562230158189,-0.341558876744471,-0.130184703724224,-0.346640670641134,-0.22067429380265,-0.0359611570705255,-0.00678916108310283,-0.0579647204590402,-0.0846140635888081,0.26756779308366,0.480854419652816,0.250627479419909,0.427529940613361,0.105362013370026,0.0361278498946155,0.105799180294979,0.0681778648478876,0.149670135756794,-0.044366519477074,-0.13912836876056,-0.225554644703797,-0.284803666309361,-0.361537748358799,-0.239743081628353,-0.351592173867817,0.0111420181660151,-0.183772081937773,-0.0805461479223367,-0.0888668213522442,-0.000712234352246702,-0.18566084519128,-0.0092431414032636,-0.176182018582438,-0.286924889546686,-0.0420476633611628,0.0975745923445226,0.0647407647076478,0.0350213285595666,-0.131919910696101,-0.0355938483851441,-0.0821337403945888,-0.158714212935783,-0.249073154785938,0.114934593475456,0.172361355884845,-0.191292498874022,-0.0722534805434531,-0.342502799292162,-0.237137386375696,-0.103689077003952,0.124142311345013,0.255734468477748,0.0751683273630851
0.5850399358014,-0.0467252958077587,0.120426310083785,0.0823779044371049,0.454142972042307,0.530848684712449,0.60032281124935,0.548347367303279,1,0.727005490340739,0.486405965992314,0.517865030370396,-0.0448325008304335,-0.0795103819762087,0.406317741780058,0.28353362354578,-0.161590171519488,-0.215748398673728,-0.186035549712203,-0.104807949982766,-0.571601568638644,-0.432894394322878,-0.498237994557316,-0.402175704596035,-0.0559515247295262,-0.0913932371237253,-0.328811624875778,-0.0765122229384274,-0.0268908767638254,-0.183410163621018,0.425069420016081,0.415844558940635,0.371280587274368,0.267091042093367,-0.207095375691914,-0.26906442496734,-0.504789579230472,-0.350298400439914,-0.182229143983833,-0.281794988852452,-0.146755859347249,-0.256136861318206,0.0423903111599426,0.0751241249494097,-0.11421397691373,-0.0615084615005535,-0.167141027905022,-0.196947642488298,-0.0809731200537005,-0.0700167847484975,-0.12302182673871,-0.0396833165083781,-0.294312066290552,-0.23661740592615,-0.388538726890171,-0.359354842643779,-0.0568989768595439,-0.110074905098235,0.508386233996642,0.314591855418769,0.632622587391825,0.358537252202568,0.193018333550563,0.286280855496042,-0.00757933181574822,0.208419906298939,-0.0750296677148721,-0.00973032356033046,-0.0882230855519233,-0.0295621777707685,-0.251372597231492,-0.147166344930665,0.20820829764472,0.262332752644237,0.192052577418401,0.400242559120712,0.179306104822768,0.116305193400486,-0.0231680271511625,-0.102043169695824,0.0805949689786854,0.0177372025677455,-0.173397695001419,-0.197668247283122,-0.128429447078351,-0.259084196582626,-0.109948477076754,-0.214077091754646,0.126657392107534,-0.118511446653826,0.0435288775142532,-0.0197244246931778,0.0819770263783184,-0.0121854529219987,-0.0279732860684203,-0.0677932017255251,-0.352504494125939,-0.267826461460014,-0.042082552456215,-0.0409374044292994,0.1671152195099,0.299257514734627,-0.0710872930301188,-0.197738614463275,-0.0159177464033693,-0.0969634907596776,0.1080691125109,0.315810955596977,-0.202704071187413,-0.086769029400858,-0.333132740401839,-0.449512635046246,-0.238836292228218,-0.0399041685899514,0.216044852195902,-0.0642753362907279
0.429514597661876,-0.119595868136162,-0.214899517630901,0.165392409368943,0.205876116145927,0.706495246043546,0.527759964160675,0.665851788964554,0.727005490340739,1,0.289677377603569,0.681252286857913,-0.0587041498566945,-0.10906474670003,0.391208529612484,0.295321605708661,-0.207883556706894,-0.185967008451462,-0.458091023666655,-0.14919275678303,-0.524711369632353,-0.282314414834613,-0.537739787246533,-0.377622745372368,-0.0314455738246897,0.0270438748265916,-0.343817820907293,0.0142186700450421,-0.109873180195385,-0.179973957706878,0.347813404141673,0.581814114002765,0.322508395570206,0.327896412375141,-0.433848486939966,-0.289241021574751,-0.53642274446104,-0.399464331026607,-0.316150671485517,-0.315018540896686,-0.157507285056293,-0.285503360063473,0.0959124083043346,0.0692134465139759,-0.224631607177812,-0.140067399875533,-0.193907574036204,-0.221196007376858,-0.148755125815359,-0.0868381765566207,-0.123161840753716,-0.0981424296930467,-0.353957941476588,-0.319147862357028,-0.451332447937512,-0.463808648940922,-0.0786094035939012,-0.103092752517201,0.342292547729444,0.511526772674215,0.448854217257125,0.566764275836729,-0.0538844122888154,0.310047671269475,-0.188431959464639,0.312490938994418,-0.176031263586392,0.0286202736350893,-0.259992992690231,-0.154686083400089,-0.118395863119579,-0.274715923461599,0.163288699980733,0.325219031516481,0.18523843552697,0.367682687811198,0.206742213897467,0.193607906654023,-0.0717951405077514,-0.148369467782197,0.00481790470460554,-0.182668777782272,-0.338961892542209,-0.309962019991698,-0.469251800341852,-0.416824516091441,-0.226942763050758,-0.391874384033417,-0.0565801352370878,-0.0508617534126363,0.112671040887183,-0.120413880436173,0.109347013464227,-0.255241636710327,-0.0957868620493216,-0.161035238524038,-0.347516560705977,-0.269814358167203,0.0945337642982939,-0.0829170925328081,0.223043942866067,0.0760592656054424,-0.130168588203394,-0.132894565077986,-0.114695387653899,-0.280344024611386,0.151577404147632,0.365654674958516,-0.255875794305576,-0.171560258456241,-0.257979959963956,-0.421088513298147,-0.280016140969541,-0.115779742166443,0.183473389740054,-0.0745357151150768
0.327892426265295,0.110331825028172,0.337739549458269,0.00894858786744831,0.36459693872295,0.160919042606134,0.230639395014915,0.259001485813377,0.486405965992314,0.289677377603569,1,0.565642514824027,-0.0279638397137121,0.0578897161459509,0.260601535205964,0.131404424998885,-0.212703265202277,-0.193101730573191,0.407189642395853,0.37491198367282,-0.358649482137203,-0.54451230571873,-0.149240126846521,-0.184130853055926,-0.127337313271319,0.0512356670447716,-0.241332227651149,0.00594310929439121,0.066217807892611,0.230075999579782,0.592646987297937,0.481952721853054,0.145097690576082,0.0532145014143136,-0.123414883061479,-0.395814898661246,-0.155549581265053,-0.297933531975231,-0.374003763587761,-0.382201465419002,-0.0769361373406257,-0.179849245775078,0.0143708067157332,0.0404705816063097,0.0968858124853882,0.0482061757531866,0.055935334061792,-0.0206299853455366,0.0602268750437786,-0.00463064454542795,-0.164511565850492,-0.134963494954396,-0.0907573428663765,0.246754157658692,-0.203081993909734,-0.0897648109174754,-0.0417258980516844,-0.0119217013772719,0.0148603498675774,-0.0768478183110658,0.255716412678013,0.0897370069445959,0.166154845468587,0.10673430344903,0.153056107855686,-0.154237051676613,-0.386430025931811,-0.447177113024806,0.136533716648418,0.0288279878553486,-0.196739487972126,-0.0285866490613896,-0.0322821015757701,0.0412520427403796,0.216580639035603,0.155398834573116,0.189871035326429,0.142810896332864,-0.205755468558016,0.00821748292452196,0.0630527258362336,0.156292976708941,0.184198024532589,0.0807123286802453,0.340661505987206,-0.0402770537219006,-0.113708949770727,-0.0281689004187003,0.0646944643322641,-0.135399446541409,0.234302312153545,0.386356601927127,0.294220349998992,0.415662157259695,-0.0123505646059539,-0.240759513490865,-0.340034117978722,-0.225924151264614,-0.0977714203548386,-0.0806643078020715,-0.151890679698713,0.276882185661628,-0.152456094540038,-0.063116760094763,-0.123658838600415,-0.0676963837501334,-0.0286554807975442,0.161491785809251,-0.272006852347506,-0.207492452251011,-0.224592735032053,-0.31199109091639,-0.149358010249384,-0.049259331998134,0.012288969218962,-0.0352185228706995
0.233703061098421,-0.104128731234096,-0.0532654879037839,0.0135296530799201,0.261664338818148,0.482503127443482,0.43002602803472,0.561714910578489,0.517865030370396,0.681252286857913,0.565642514824027,1,-0.141561268591038,-0.0750812808253149,0.406536655321546,0.278599490412184,-0.276077193262186,-0.180316812898863,0.0508464111090511,0.211756498309596,-0.457711681263934,-0.44868204708022,-0.346429572971879,-0.248949420989088,-0.162238889293325,0.00893412749816506,-0.367355337025557,-0.152070539968216,0.00228271393343,0.111998171537032,0.411602327768586,0.655049948071697,0.431614420072701,0.361503005536721,-0.196154178062562,-0.250754083836928,-0.323503395193009,-0.385515302166162,-0.44351296982945,-0.437929945077085,-0.113076783578569,-0.312984385909937,0.0434333740162385,0.0691828588418431,-0.194556170092924,-0.122148678890284,-0.21049951868431,-0.244705958708247,-0.106453776843939,-0.176831897413622,-0.327498372591191,-0.283010884467069,-0.41256222799793,-0.0981419121253072,-0.516373623010971,-0.4349580020625,-0.196162056845985,-0.225122659285774,-0.0502592315359273,0.114170442770838,0.242686785459504,0.369841508880467,0.0668512938363668,0.293839398970146,-0.0483308824910025,-0.0396395304185313,-0.37564066251833,-0.284146388782639,-0.222450234626752,-0.20994701969417,-0.207127743987213,-0.180971549522872,0.24354951753175,0.39401222523862,0.325736954417131,0.465308393319185,0.307331122473816,0.244655058650966,-0.236396201744173,-0.089979685518475,-0.0877487811564997,-0.156513585686187,-0.175484447565433,-0.154554993792284,-0.161401990452924,-0.301541789208681,-0.228850688106388,-0.189650226585468,-0.140209502785191,-0.330539611555473,0.0956830626836256,0.101930757432655,0.338399263673383,0.107177633826844,-0.0498102403735165,-0.232844880343592,-0.392837443859804,-0.273524615623803,-0.0363332818070319,-0.146065224827927,-0.00968298138965746,0.0651069702640181,-0.194502030724016,-0.214035260679642,-0.212077231207754,-0.180842388272773,0.0383044268379632,0.16821405097609,-0.302527170994656,-0.233658410493817,-0.308662455262805,-0.396430938618769,-0.276825200164387,-0.0604845761111465,0.151268599434227,-0.139724148972426
0.309976209203391,0.6023550098665,-0.27327438209934,-0.182393707228082,-0.222034410454265,-0.215927998112513,0.183253322286678,0.222308868309629,-0.0448325008304335,-0.0587041498566945,-0.0279638397137121,-0.141561268591038,1,0.838267011037837,0.0896598998114069,0.233312457537538,-0.0325175141543109,0.100880154882179,-0.0803437721841207,-0.0715942219356382,0.00711154586747226,0.091837723828375,0.0767445448034379,-0.0232872797651101,-0.0596481089957341,0.0593528115340475,-0.0697434980994579,0.00464336456441851,0.11933642119706,0.207508771740544,0.0143810286360779,-0.147616059955845,0.401384774914308,0.477387051911401,0.156474897307216,0.113998341789598,-0.0638798678763437,-0.0910523326479078,-0.0876186775777616,0.110809039252245,0.0381885680098687,0.157881280856237,0.154095657001834,0.326506636562312,0.122500487515669,0.199718011926283,0.272586900320872,0.394453501988423,0.335473226750359,0.2481293724643,0.247548132495266,0.0308769157012272,0.386582930353887,0.289679915074076,0.152752087465922,0.304078861323603,0.751193042322148,0.578302329519728,-0.13750344576817,-0.11007717072907,-0.238419298022618,-0.15365754194986,0.0390937622021212,0.225623929415657,-0.339492330880372,-0.283558144268427,-0.279443107241648,-0.254980042513302,0.355650332849608,0.536819943007507,0.0771252706302119,-0.0625187549611788,-0.0849951913337366,0.0353787092671093,0.0839914158816367,-0.0912823904446136,-0.0119871613159684,-0.0686371451277867,0.588418979606676,0.599566106674201,0.558649664163902,0.41157124624685,0.436747096901736,0.240805961836018,0.0810528841380844,0.0834488220883665,0.079580694688107,-0.0401838543963484,0.121410778555911,0.101757970821895,-0.07524762519026,-0.14240790964438,-0.298236874713929,-0.271765450763166,-0.064248357461345,-0.114059261528275,0.118811340104595,0.148362663254202,-0.0312024724818029,0.00533444945867416,-0.15857803662035,-0.332240122986276,0.0677849498737534,0.106139519161193,-0.0161801856419829,-0.153529718725916,0.216057216761536,-0.0674339729188105,-0.0242169599080917,-0.0950714230864654,0.0429966507773114,0.0641178424217129,-0.0205054598466313,-0.0609179595761778,-0.201895458343576,0.124749446914137
0.246054009820232,0.666322739627841,-0.274932668458444,-0.336968696392891,-0.208271897734232,-0.307508939013942,0.139927451391959,0.273579318395301,-0.0795103819762087,-0.10906474670003,0.0578897161459509,-0.0750812808253149,0.838267011037837,1,0.105319913294069,0.28357051664327,0.0743513345658579,0.132848115691717,0.0010274624309267,-0.0251540743475133,-0.00343232127367206,-0.05494058395495,0.129196951054533,0.0444528548832107,-0.0743305297215061,0.0806485692949498,0.0144593192557631,-0.0265798906427473,0.173328614526599,0.274920132771379,0.0148972088552486,-0.208839244701295,0.430888478471871,0.537593887150097,0.194251008890222,0.0913414076498055,-0.064328704542937,-0.0955371149789044,-0.11674176050053,0.0791005606816121,0.0482785796944247,0.150444176048151,0.237829318341123,0.418660035544201,0.215299143694591,0.30794336096819,0.373748000014509,0.459773905539293,0.471869439356604,0.346207686605663,0.255176741774663,0.0707051207314338,0.415371266969747,0.343280926987009,0.201195134787963,0.336671032577105,0.735002839215992,0.653814965756182,-0.249739662121259,-0.194723885013892,-0.390876412841367,-0.341501566073652,0.141354922528168,0.298591186460167,-0.385935887525931,-0.478246370016473,-0.335275389799703,-0.351498206782646,0.355568520486838,0.533013708635324,-0.0164860657013334,-0.10704167993857,-0.0956466910435998,0.0253886631385597,0.154045022219121,9.38521910526705e-06,-0.0978014418118998,-0.185268323158491,0.585785485808532,0.690278081664271,0.635230162674699,0.530676010370221,0.53768448910082,0.324363984896235,0.203182817664265,0.119838660774563,0.102575943056807,-0.00138987685173016,0.177620656451156,0.0958950931644051,-0.0796880927263607,-0.0299352330719624,-0.28230544106183,-0.134185736385414,0.0072513811611024,-0.105955576983014,0.138917184376307,0.256786241893492,0.0426920599943221,0.0664432196863683,-0.18394310737491,-0.321512802395624,0.129802525055065,0.141075498831306,-0.0803689288850181,-0.146004875265776,0.146688668729272,-0.0720555588157085,-0.0265524411600518,-0.0952981096118819,0.028709951824198,0.120472642281814,0.0229777285309098,0.0610860868449489,-0.146824176049063,0.140250829370118
0.651329426609805,0.25628232870538,0.0128396289720746,-0.132964030788962,0.198967161388506,0.249256079093454,0.652769522119289,0.575195625706466,0.406317741780058,0.391208529612484,0.260601535205964,0.406536655321546,0.0896598998114069,0.105319913294069,1,0.693972654380613,-0.129586572675975,-0.283198611246511,0.0339867551322855,-0.130615958393541,-0.335384310309543,-0.421946820742993,-0.276854033315609,-0.333140249623157,-0.0726835893543225,-0.114233014641196,-0.116569192272785,-0.138375192189147,0.108228334474975,-0.0278202393847256,0.138057029650292,0.180748816209793,0.558389181647926,0.325013459174241,-0.0249363085350272,-0.0617185563245764,-0.291430005621563,-0.280210062464976,-0.285216112453708,-0.230738944736282,-0.0217142210157011,-0.161325470706379,0.040195875028133,0.114076051072387,-0.107771629265153,-0.0429312210149529,-0.188891661396813,-0.178969591156663,-0.0543785508689495,-0.100495387811582,-0.192798256309,-0.0821891136622872,-0.269850560516958,-0.103336876343556,-0.417145839427921,-0.344929588427728,0.212449875122763,0.0405748697926708,0.216365480694837,0.22328531408194,0.176029600367277,0.176826895826961,0.0644481545767464,0.146323863014397,-0.19061678867295,0.0208355983880884,-0.184134724948987,-0.0699546882590822,0.114542367226367,0.0976039522842622,-0.0446080047756688,-0.0548392216987607,0.292076459531407,0.381728071898867,0.28884649415902,0.398616107187393,0.342275325432042,0.204559363439085,0.0698042359147408,-0.0246642309313192,-0.0891970182565062,-0.191818359317805,-0.0386404064497065,-0.264798834475845,-0.0399540173629527,-0.383502253586511,-0.15912370105696,-0.208094041911556,-0.154872768398432,-0.173417312439053,-0.253883404052412,-0.0630827134144568,-0.0577425862772243,0.0102545418677919,0.0785555414731626,0.00720081518710708,-0.326134522428649,-0.0864232276955883,-0.0150633861977982,0.038546426149308,0.0793587300790316,0.171413459183067,-0.0258103730729043,0.00334103847921906,-0.268354017115278,-0.18542195087058,-0.0856066818856177,0.0489313255357214,-0.258356781141983,-0.0290948236442643,-0.276529451620578,-0.39505251761731,-0.136635659541985,0.0980008398366167,0.233009029472601,0.0498000038395578
0.499218176209597,0.359842972358014,-0.072067190395578,-0.0972949506522203,0.133234219398845,0.228974506298106,0.438693915236547,0.626831882034133,0.28353362354578,0.295321605708661,0.131404424998885,0.278599490412184,0.233312457537538,0.28357051664327,0.693972654380613,1,-0.00383880821914682,-0.123823620726466,-0.025880149015564,-0.158330022601202,-0.236457445359078,-0.299071277932005,-0.228521197866369,-0.222147883717519,-0.0761227610315613,0.0362862021962023,-0.0736340364561957,0.0371476467651725,0.18114925427775,0.161207572523445,0.101711246110599,0.119632534608407,0.594921353674458,0.54315432504036,0.0839132274922454,0.10394043071569,-0.300967991014967,-0.283555237838139,-0.26522551719628,-0.136923589594751,-0.0315215961482315,0.0348201639952245,0.108218233257732,0.251323207776426,-0.0215991858083861,0.112465613167863,-0.0197698388865851,-0.0543624125159104,0.202377574462275,0.0915230464768821,0.00946137563732531,0.0339356611604823,-0.0470149593178294,-0.0150489534315197,-0.234635789851531,-0.133348672566639,0.367320714917362,0.263012080241848,0.124047299889063,0.180759553861676,0.0410018297710096,0.128201032923957,0.1453846903853,0.3453476398602,-0.350129394387292,-0.138585563225713,-0.183037176543462,-0.0981037399550412,0.211897840280544,0.168066594651505,0.154030269729631,0.0984795204137744,0.265390023143804,0.384871320768054,0.285370018537188,0.308243659759098,0.178914297275046,0.0744410837386155,0.210031060409893,0.117951622861428,0.0115295490635112,-0.0966988089669332,0.0737992791656724,-0.0744802086411657,-0.140532046921583,-0.20780136215874,-0.273724328046645,-0.200731650745392,-0.0625227768838824,-0.0710142352641948,-0.12309064143907,-0.0958426144818035,-0.0344568636127611,-0.0440744190305517,0.0542457485581398,0.0033179437605003,-0.193522585354853,0.121968497057879,0.0251046014026371,0.0403556382044858,0.0313449025436934,-0.00445417491216986,0.0543569410150085,0.127682145445848,-0.123665041945505,-0.227651892697579,0.0440807148434946,0.035454482666674,-0.167971612792099,0.00989310398286322,-0.278712307060728,-0.227144712695197,-0.0483185089596285,0.149168273064879,0.171484156550183,0.183652459643089
-0.264055819477209,-0.0857822789291452,-0.179758661980346,-0.113215474138627,-0.0471708438651247,-0.0490467876629943,-0.262987505572559,-0.179344137645982,-0.161590171519488,-0.207883556706894,-0.212703265202277,-0.276077193262186,-0.0325175141543109,0.0743513345658579,-0.129586572675975,-0.00383880821914682,1,0.364042178821888,-0.0324171081825798,-0.144216051935863,0.140656011216704,0.223025075354258,0.0329202100394959,-0.0170231996641538,0.268108456923302,0.253501424702847,0.466605243320522,0.325472539408116,0.267041651649484,0.111149432514893,-0.165495416819262,-0.20224834235559,-0.000791462658007361,0.0792247272220567,-0.00963992575411488,0.0519866867895642,-0.179809460343233,-0.0678437903295297,0.192659222513514,0.0831602286888197,0.224721174643543,0.064586817058066,-0.064613756342415,-0.0786606068391842,-0.0946878472591352,-0.0642119107767378,0.111576015618837,0.089503736633923,0.0136988395671143,0.0117591569740214,0.0783143841092841,0.0771909762750043,0.183595918461826,-0.00804371213318057,0.186362888721376,0.184408149220683,0.0373597820131562,0.0930595706982984,-0.0887225574417747,-0.0680007642472176,-0.256397040865337,-0.207899507946334,0.0721165687408302,0.0352660683690934,-0.311124407608509,-0.210938576498998,-0.106092952238223,-0.0828261244409585,-0.0478716097197554,0.00696526212549665,0.108452390645241,0.130032331213149,-0.0270666630637013,-0.0940398867084202,0.011680930777942,-0.117739194153343,-0.142090867610024,-0.146292839718727,0.0617076881902817,0.0587017063167972,-0.0639196551457229,-0.0373301146785328,0.0985533626939522,0.0250435899990283,-0.152956803029478,0.0198605594860963,0.0586332650985781,0.0385314279192433,0.178625759223793,0.274336930152412,0.21019658819273,0.0816764490339632,-0.0286881011992518,0.00749645484408738,0.0525106670041291,0.067558310496133,0.194627162072923,0.177996249559954,0.111197647104584,0.167928163853547,-0.0675929264046935,0.058986976627138,0.198437211142393,0.148074565687011,0.0391860492822163,0.0167705452221574,-0.0967870476710865,-0.155624408170558,0.146461467941461,0.0747296682355582,0.0889437050353741,0.156320423371635,0.173080679921854,0.0854523471069134,-0.070473878809677,-0.0620616182235997
-0.278146946600759,0.0625851458592649,-0.172883101315205,0.045874849378224,-0.207731256919004,-0.182196426852803,-0.21608065376398,-0.256535309577839,-0.215748398673728,-0.185967008451462,-0.193101730573191,-0.180316812898863,0.100880154882179,0.132848115691717,-0.283198611246511,-0.123823620726466,0.364042178821888,1,0.0881535239816344,0.128473276227172,0.310935794004876,0.378238367119616,0.399128387653961,0.351232163482127,0.310577990878364,0.275478413849444,0.260539816620486,0.238315370748317,0.304755827424422,0.317139711499765,-0.107110536065616,0.00171800735881479,-0.0690360775057145,0.0780064289962315,0.0694116016753815,0.180197098991799,0.102745002285132,0.108680926072938,0.093485996914636,0.198329017391258,0.059324137106101,0.300616255114812,0.0671234717735601,-0.0194072825416562,-0.177534747638889,-0.0511410655834754,0.16578334035732,0.156596429186783,0.0677389153312709,-0.0126014088823363,-0.0184667388128516,-0.118867151363383,0.0703648763402045,-0.115508777346648,0.179099235925614,0.142797098439195,0.00563918208804897,0.0819626895976033,-0.289434111031605,-0.159448568411944,-0.298539034031047,-0.105833788075218,0.0727820681922535,0.0620112787166131,-0.111890647811601,-0.0864900718375114,-0.153301304810851,-0.0897546526848281,0.0181103025179124,0.0507280837630112,0.0440753508554162,-0.0120323791596949,-0.152101374584708,-0.0904448792607634,0.073362130582872,-0.0665950160810864,-0.0653655291325945,-0.08209801995261,0.140133389312134,0.227776155915285,0.0874857159316618,0.0978496925682657,0.324148783428,0.323680025341758,0.152270539187137,0.148293245827672,0.328642270679336,0.346852768879641,0.151343209828608,0.216467881773644,0.0510397680554908,-0.0478195886261957,-0.0651706533829935,-0.0845727855550987,0.0899485678189983,0.137876753330229,0.319447878330272,0.207138558846315,0.0330751724474033,0.0575555870645709,-0.166528376308972,-0.16820128635361,0.0560004694740672,0.110358380793165,-0.174498885715692,0.0196335739245538,-0.0992797665426186,-0.120010628997622,0.0788970879473774,0.041675093781149,0.194486830290126,0.18005218721118,-0.0712566913278785,-0.159115431705989,-0.173585984991375,-0.068802729084036
