1,0.919220823189185,0.257729235722911,0.299483362909853,0.547157692147896,0.466545990222775,0.598123524742532,0.634076715421632,0.624340862891136,0.702793191792489,0.360721916313482,0.394749234027349,0.587725654669014,0.71046442526973,0.753478031495248,0.783356991254089,-0.0955812731817575,-0.100752635799882,-0.00447254405846691,0.206144196931096,-0.0508271338245667,0.129556447983045,0.341880079306319,0.265842770394216,0.148831735739644,0.275879645361777,0.176863628010113,0.108112179249518,0.354052931042809,0.449459069257794,0.128702924287472,0.128845620443848,0.504818416185051,0.454701396137093,0.541702125653821,0.526744287580554,-0.227969203471637,-0.212198405738784,0.272099797058612,0.0126368828474495,0.414436883246373,0.2524443895593,0.182227888409685,0.39219347367046,0.0800325001491173,0.280526330274669,0.200326691203436,0.168911755757793,0.41332886688438,0.304316544718827,0.489107173067108,0.415873101733902,0.476561313866737,0.536336154137436,0.320240618857464,0.190841204435478,0.87093038250528,0.841943539064757,0.489244505265479,0.368189359902203,0.64410143065305,0.491845027456292,0.472223970452967,0.541933874214922,0.204362463737757,0.257447717987458,0.190064269571944,-0.00178097559625613,0.648769472890088,0.644719931188596,-0.0082190482631714,0.121569312919572,0.386040418496913,0.409162356960168,0.299691758142788,0.167110299730148,-0.600620750924036,-0.58522810417036,0.432933487079847,0.54633291029446,0.58289232624138,0.617548249798664,0.491612278877514,0.197376593846294,0.588161766592282,0.493653139222508,-0.0356296022877548,-0.156768639680369,0.48620362884506,0.222293948931349,-0.420345030980012,-0.297778982490422,-0.00187322069345719,0.0993654528542141,-0.056444108790878,0.0922070009863202,-0.246014267186508,-0.0799568180055216,0.0715799018093623,-0.244630348659985,0.229657103281788,0.196693726115219,0.13097188918704,0.18818688242005,0.289238312867284,0.163373060178855,-0.0572088372619527,0.13432236452883,-0.119030476776213,-0.195679852186393,-0.363564860458662,-0.429574871748558,-0.371835867954468,0.0570986919107912,0.369731653070799,0.0246489028020765
0.919220823189185,1,0.287961022030373,0.277158381137689,0.46037446051436,0.391984082709521,0.498584556278268,0.598811264950428,0.501714882997262,0.612297050947713,0.331522380137638,0.409409456816502,0.610649294852948,0.75529700852124,0.737349713787101,0.813769941912474,-0.0309695302736617,-0.0957950311224256,0.067298906313173,0.253376906954579,-0.0169535312961594,0.169222138784278,0.349275920789195,0.252103206695912,0.0587435905378578,0.189074377520617,0.078326771867978,-0.0180824547479468,0.410138264558506,0.404503898657288,0.16002529447315,0.0866002024913078,0.506367309532163,0.489232178274648,0.523657920798584,0.522220160426675,-0.157163061969755,-0.168092800002161,0.265315152146638,0.03894670686155,0.387096879807354,0.24573159487387,0.142413002142876,0.373861774715815,0.067376771797632,0.291661231026333,0.185292068954821,0.164361619993925,0.416557473897885,0.306143865898213,0.452776963987862,0.423640371843864,0.451722795385444,0.461526080628449,0.286578773389481,0.161873606331986,0.86652655188121,0.877623758983178,0.429394225923257,0.375341554818434,0.539732883416088,0.438842532727253,0.405600956015765,0.493353466206205,0.173111600353886,0.169005581740011,0.167536618022499,-0.0160290630916823,0.67992298936455,0.61556709485479,-0.00216852407091862,0.100566787570938,0.440592124506501,0.469387895209292,0.267591170061509,0.123497373607964,-0.631425152336073,-0.600152871134211,0.451977639451905,0.543821913661354,0.521657467303019,0.580543959775237,0.485813658594307,0.167400517917429,0.506068168200017,0.445944483772668,-0.00174759101135139,-0.165037852187404,0.470435900340309,0.147471588330021,-0.487178282573744,-0.289439442964569,-0.0602179406272683,0.0579535343220408,-0.105239635480739,0.0512872621190382,-0.267158823932863,-0.117461890780002,0.0878151217688635,-0.265170519862744,0.202440448264533,0.128891431041,0.151308314701813,0.127149395649055,0.3234143436476,0.221989619975959,-0.126004987737824,0.146710383715967,-0.0316613749586567,-0.19840622032621,-0.397417259185298,-0.479557868050651,-0.408687252170594,0.0313761683850544,0.362242466177063,-0.056893468925104
0.257729235722911,0.287961022030373,1,0.391245034563063,0.392532964510394,-0.06151823686421,0.0454883442652682,-0.130048271538915,0.221206052430194,-0.0344940946435213,0.374409611884728,-0.0435192778385981,-0.00728451289836036,0.14832345421328,0.465062842230443,0.343194846111649,-0.139188530151488,-0.0364300777462685,0.69340383138527,0.749973242562089,0.526839618114269,0.399089587768988,0.292066872404337,0.189863975706917,0.0916465462311006,-0.165872401718436,0.0968451739800782,-0.124587451617043,0.351207514107227,0.121552884153824,0.327162233973814,-0.0863927376940736,0.00288450997531125,-0.11923675943381,0.245455374574164,0.13147483832363,0.252917222947804,0.200852417973398,0.300797540473928,0.118778802570285,0.0712479129001939,-0.00875496675625793,-0.0770008408270743,0.0934443785129793,-0.0288571309101691,0.106357127707837,0.09437940000056,0.109760748161648,0.0662802878699132,0.136194265802866,0.11178525299651,0.21509590836549,0.138373060190246,0.214242204004136,0.237493226977312,0.192567826311127,0.199263284777059,0.183818679019243,0.0477291252481637,0.0519930113077048,0.235080332562561,-0.0994927211976654,-0.203807486970026,-0.237841286882134,0.570817739130686,0.124609749959389,0.211454688326198,-0.148001205715944,0.159781477656852,-0.021984412288311,0.28561005719394,0.483890580363258,0.294008946909159,0.306976093742928,-0.0305218098772584,0.160373991785591,-0.126672875853886,-0.145134375199174,-0.047642191361533,0.105196202347302,-0.130152116967234,0.0077947561958174,-0.0272653103591218,-0.306410749671561,0.105060198967815,0.0971331386450953,0.205111879561248,-0.0744499707875985,0.181452042368949,-0.0398200530231979,-0.177555236187126,0.324032982810312,-0.100445402357312,0.239384136378474,-0.0383575781431974,0.0142062023681884,0.208840197179778,0.149019644358745,0.152421180402521,0.245622510874402,-0.228502811202347,-0.245607485096055,-0.0919599581894616,-0.231355712123517,0.0559086113433471,0.157483969363703,-0.199268613162005,0.0923416173938483,-0.273344285426214,-0.0210790490290934,0.107099598282354,0.12135945930056,0.0269341001325552,-0.0311450283763122,0.161279393819461,-0.209038303243368
0.299483362909853,0.277158381137689,0.391245034563063,1,0.461296277521388,0.644035223281009,0.151612075008414,0.375991679453417,0.158584754594464,0.401552645819824,-0.0646931764275687,0.078098784658655,-0.0336378403265249,0.0705081608894778,0.523039308503895,0.403956376920833,-0.234112740107192,0.0556339652531757,0.312771817949843,0.584950694105517,0.073555835007436,0.133076557178008,0.139852356490832,0.244687261131133,0.286250103120269,0.126053334433614,0.120676529098447,0.176317540814254,-0.0549646477897725,-0.0140841385361517,-0.15201123964323,-0.157083389481123,-0.0153080052806363,0.126728058027983,0.30414280505338,0.491120779259248,-0.070632391263264,-0.00857433421792181,0.151465863511095,0.107404886072867,0.236802402444116,0.272229632066798,-0.186477361322156,-0.0686275765909622,-0.222828736562479,-0.11292298962411,-0.104657215436733,-0.218767556694084,-0.0535996553971844,-0.0515049480923913,0.0398662176971139,0.011701313389131,-0.0537918947830069,0.0307413933042718,0.00348836388330424,-0.118552380507812,0.151974157824627,0.1942157871844,0.0443839090443142,0.0539591672140435,0.283954116528417,0.542792745074487,0.0994474991501444,0.439501498085185,0.0692288617760994,0.650689641658848,0.172621318116285,0.291582984171059,0.122694210562198,0.2158427452123,0.314320138086353,0.333651053287623,0.356937890766941,0.436740624070779,0.0116270559488729,0.113186245776014,-0.121642282182325,0.0747465687575557,0.00660512240133015,0.0710429025319926,-0.0590642004226721,0.176446645131233,-0.0983238016590507,-0.0377202470090575,0.0831888680167574,0.166992214999112,-0.109608386842016,-0.388619200836878,-0.0432034006042451,-0.0306858363404558,-0.151886133055572,-0.244554066988793,0.150924505809231,-0.0513436891199703,-0.0307172642502152,-0.0938042257474323,-0.0365933160920709,-0.0834345585762054,-0.0851334862417803,-0.0992831571714753,0.148370913139397,-0.0951333349713903,-0.0150387158778637,-0.0661222777278076,0.263790688807202,0.0957897415375322,-0.227568681251795,0.0265661315315007,-0.095331091447063,-0.088878718113725,-0.0363673887581832,0.00251610476793626,0.0371195758851636,0.00784131442423353,0.0907393398858885,-0.0762536158294572
0.547157692147896,0.46037446051436,0.392532964510394,0.461296277521388,1,0.623141997704902,0.56360910115556,0.413236681158847,0.678237521510389,0.462722787630122,0.400742039272126,0.300263365591716,0.305498193472502,0.318062687157778,0.48894277499229,0.505491674176788,-0.142240230283335,-0.0757921642459934,0.0460003194140477,0.190807927918514,-0.101979982047787,-0.0178343507915623,0.0542873159456713,0.131108303287246,0.200846931029526,0.221802612690836,0.486927372167847,0.222015162318079,0.0958843054784017,0.131857896257659,0.346095873579896,0.0658221887189701,0.268411793693384,0.176969647511539,0.431572069001746,0.395063884148518,-0.245526002927642,-0.239777007735595,0.0883525431428009,-0.0938386793874933,0.212308077330613,0.044508128936143,0.0412507288728989,0.195931288504392,0.0201404915719214,0.212508304359801,0.135979898778468,0.115588609239832,0.13698083752191,0.19074469592566,0.262050514115941,0.230843883677716,0.203566654760012,0.307785963617637,0.132068175493561,0.117943734751827,0.406538022976794,0.420046785401214,0.288518345871774,0.103599573295347,0.580820172961275,0.45370423411052,0.499205344942987,0.465147954463945,0.336848743363342,0.317348913606398,0.192559419488079,-0.0335140654611583,0.319040143364196,0.440381604776632,-0.140540761406305,0.0235758150429579,0.354141201838319,0.255082229636811,0.0977887946621219,0.171445494457864,-0.304959018385943,-0.306682951491855,0.0846472278423604,0.235936450302277,0.248772069184426,0.319405519635312,0.26934116964335,0.0815321847945183,0.372256884636415,0.22623666228774,-0.0372733670861084,-0.239253767080266,0.208382723573679,0.22917427284323,-0.201756822525569,0.0194713035179678,-0.0555572893143337,0.129622194486615,0.0690270465414418,0.134416934937797,-0.118939426837556,-0.0776775421951901,-0.101869682881703,-0.0850981684915086,0.282070616220943,0.106456074994911,0.133718506942723,0.0874012478536021,0.188180235983291,0.113512723425795,-0.115093666884066,0.0445294973565482,-0.285839432761737,-0.16799460072174,-0.155640048207799,-0.330721443742135,-0.308036467474457,-0.131712056587021,0.213956901433698,-0.136276974685818
0.466545990222775,0.391984082709521,-0.06151823686421,0.644035223281009,0.623141997704902,1,0.431980006225291,0.634093488533622,0.453884716142232,0.670463814077645,0.031331759805678,0.353948794189221,0.273990753574054,0.261347612727594,0.429449033370817,0.501829072642666,-0.199640798994092,-0.0207062813828785,-0.117449076041832,0.122482899248953,-0.405487942355207,-0.201758358790129,-0.0480900307289448,0.146085602484373,0.270222783917865,0.433482306796684,0.385855143803848,0.447592979754572,-0.0654451137990307,0.115013161507669,0.0268360596901452,0.0828331152394038,0.262230370369442,0.436795917143079,0.390122047249175,0.611730934263463,-0.295086019547165,-0.299087997787274,-0.0212056512485779,-0.105548778832399,0.268095726798732,0.213895356976241,-0.130329556149538,-0.00290447386403451,-0.224405803842256,-0.0791273711828647,-0.122111062700536,-0.209155368045036,-0.0365993274825579,-0.0589115786362193,0.057561638110004,-0.0347485946704193,0.0132687396504607,0.0857434840749563,-0.0816221833366651,-0.170492313336878,0.300639690465671,0.340940615608738,0.141925130397254,0.00750608201464429,0.512502417092366,0.856143372460246,0.566388719934856,0.774444710504858,-0.110780730449512,0.526506597076359,0.0109562324021722,0.174958391566784,0.334804537682709,0.416859937619471,-0.0959438699946941,-0.0941693996671453,0.374152260754505,0.399146314162814,0.102264081828305,0.0674999078973571,-0.238740568797087,-0.0841453183821042,0.177685772527669,0.250758960003797,0.227224594962549,0.366289263929263,0.293986876966992,0.319646152013338,0.234734768151583,0.158687583984015,-0.237266411182332,-0.404724394032905,0.149011577386455,0.187970324133253,-0.158119381879192,-0.399174020632288,0.194681163939136,-0.0719451961807789,-0.042063548894618,-0.0883292672796364,-0.333002186720508,-0.291931513712898,-0.18796534245714,-0.331397567887333,0.385110508849102,0.159395030617391,0.125892067115658,0.130971595505776,0.264713646962455,-0.0119529464878934,-0.153952734858463,0.00771226159829417,-0.127837819883002,-0.127038973030523,-0.293093853701151,-0.309467980482622,-0.238317176131582,-0.0191670821958075,0.0974683942593433,-0.0106208242835435
0.598123524742532,0.498584556278268,0.0454883442652682,0.151612075008414,0.56360910115556,0.431980006225291,1,0.572647059821693,0.807559294848493,0.641997473653047,0.482273375790966,0.199752285521321,0.486862251663997,0.461081249220735,0.472942069035478,0.416683800300589,-0.206350050968576,-0.17756618129025,-0.133133333362441,-0.03238182484658,-0.296044408159502,-0.210901781477525,-0.0335397503286198,-0.0721510501857168,0.150323331118489,0.183108108967791,0.308164856966971,0.175029365269357,0.127509124445359,0.0904051509251858,0.212192023515035,0.0466237352908478,0.471124301323733,0.31696891238468,0.267204846893166,0.277934693145688,-0.362668536762033,-0.298978391226832,-0.0277269106347174,-0.141555558196168,0.26782933856464,0.086807566700647,0.0967684824673683,0.208995189220218,0.0542120645834288,0.177597968642285,0.0698979365773626,0.0755709403680505,0.179597535939101,0.203762300969336,0.270247996008678,0.232812087431885,0.193519757545346,0.271450855257205,0.102307487409746,0.0164290288678789,0.439244763764943,0.473820940853948,0.310251138510612,0.123561460313576,0.603641449545928,0.431542826653466,0.520519213388308,0.528587738702602,0.149175774037889,0.195667000075717,-0.0202258355088861,-0.173432090561038,0.237922612970519,0.327928437886767,-0.167748590620296,-0.0262480078528366,0.371237793241712,0.224519733827447,0.246541010176164,0.178619958409727,-0.234692973219982,-0.2790584875829,0.233012469058,0.434867068652222,0.434573568542877,0.371497864351497,0.286261504489113,0.17750152728717,0.400737050181561,0.277399978180272,-0.0864861836623049,-0.29082700908779,0.314465302513385,0.13122250120969,-0.299251548314188,-0.208589965089631,-0.147351026577067,-0.0125116049936417,0.000423863221429022,0.0612408891354272,-0.193966127190053,-0.107270574757235,-0.0822436601657621,-0.0784950892878642,0.261367483996631,0.234951123705913,0.0870097968101487,0.0385619026832423,0.036282794151561,-0.0442379574247072,-0.0658660481261805,0.0301391336993438,-0.259849688138446,-0.213151598502379,-0.206590988983665,-0.304863180147108,-0.265601949087053,-0.0679881808769465,0.0405399666061892,-0.0699018617596355
0.634076715421632,0.598811264950428,-0.130048271538915,0.375991679453417,0.413236681158847,0.634093488533622,0.572647059821693,1,0.483600996772404,0.811676108032798,0.0254419345405502,0.54050182963483,0.487383820479512,0.504677610226284,0.482410861368936,0.535953929715055,-0.154906367346756,-0.0851159587000121,-0.125855588612472,0.078035449391212,-0.208924063279826,0.0296455683344248,0.195090613924394,0.163395137460582,0.0894384490668668,0.337181435384511,0.120595080688386,0.215162105810001,0.172104999473972,0.38679696761035,-0.082343960687478,0.139847547143447,0.431021542172206,0.537445579880412,0.409350344704744,0.566749737207952,-0.181378252717291,-0.108307080805192,0.0918164919254549,0.0145754565964755,0.419225302270919,0.336102803557734,0.0671665661120112,0.152070594221101,0.0416306423357519,0.189104002257004,0.0294503922364612,-0.0112207959677605,0.259754826994758,0.17276286413855,0.259451716478449,0.140379279093898,0.234977371166039,0.2402239758952,0.124009090560781,0.00211511231809462,0.535315649320747,0.574742374851638,0.292326410841693,0.20666496034994,0.43118394668563,0.620075121949307,0.604635410815258,0.772160644649197,-0.118535143687492,0.333169521409438,0.0892450705800552,0.19301388934729,0.351335818153121,0.436998652417785,-0.00829446916764327,-0.0530145903231778,0.405242816121912,0.370322008573171,0.191024724352512,0.0868440285377381,-0.371624357511206,-0.223781684981094,0.411544021426965,0.368589143416823,0.467616108742725,0.630833599677735,0.453965074550539,0.416169342242603,0.551150260858402,0.510103791464635,-0.0264753693075058,-0.122777896245847,0.25536128060921,0.252675829753175,-0.245553765273303,-0.384238771799898,0.0878195269719192,-0.0308735990715625,-0.0280904020175889,-0.0325194804139692,-0.233647459026343,-0.119360994833438,-0.0322104381236374,-0.256070596166374,0.363241412926732,0.241445652049935,0.148882337024967,0.157016433342098,0.241802313931287,0.0459261726353451,-0.183580553646983,0.0320693871007678,-0.0267514504810569,-0.167798625890524,-0.356306126031568,-0.333392783085245,-0.209610650803037,0.0716899391646838,0.237501989869524,0.0969312539337292
0.624340862891136,0.501714882997262,0.221206052430194,0.158584754594464,0.678237521510389,0.453884716142231,0.807559294848493,0.483600996772404,1,0.646457578690772,0.616403560657549,0.319958674115518,0.470200459556816,0.471654582886468,0.452852406353777,0.39825591943667,-0.274784550390734,-0.199914232105583,-0.163913352736906,0.0927064386464024,-0.148599490528184,-0.0537588314334308,0.103434912059042,0.105695230677424,0.255945713308534,0.180562802655668,0.400379197437241,0.191251333421404,0.215269646383774,0.180898206268862,0.368172858081117,0.175290789855423,0.415080354943532,0.215016896202702,0.359009200255993,0.251102127537525,-0.258579735783631,-0.265533417794391,0.116493206608988,-0.164834255006513,0.151259169852088,0.00219676521969597,0.215231455467357,0.313579412317789,0.189908963519676,0.31470149096388,0.244342872435766,0.230166612255827,0.311583168611913,0.336013281778902,0.403988967694861,0.347265755960062,0.359013116502142,0.440534111049983,0.280582200234723,0.173398660333347,0.532105149380578,0.495074962993962,0.45845559521564,0.229134278937106,0.745207154206687,0.407856395248271,0.478424372238461,0.352612014490724,0.388035588397063,0.272568037262287,0.131713794498997,-0.0501797745330027,0.280358830768173,0.371857651906333,-0.22419895288723,-0.0357882815555529,0.272225855424555,0.181626772860746,0.186437659497401,0.186483323732673,-0.310298206282217,-0.338144161182015,0.240391169106262,0.446956119517423,0.454643280329067,0.476302971293348,0.333364004647853,0.176920695922788,0.583098292062253,0.446800993455218,0.102374207731679,-0.0421862093385378,0.453587213340244,0.273849279164669,-0.160881368321085,-0.0158856452273287,0.00356041715678654,0.190711441832671,0.0249692743270574,0.117566554882202,-0.106016595631299,-0.0514504703647689,0.0574002077208894,-0.0319465283155324,0.295567382489096,0.305567794345684,0.0799606622208518,0.0151548446684475,0.0669539581908019,-0.00894446502426017,-0.0826029848909363,0.0411906472024855,-0.334311065830119,-0.203014603992009,-0.255325009094301,-0.309231357882933,-0.262680777201171,-0.110105013716448,0.128506275136152,-0.0785788800996013
0.702793191792489,0.612297050947713,-0.0344940946435213,0.401552645819824,0.462722787630122,0.670463814077645,0.641997473653047,0.811676108032798,0.646457578690772,1,0.190015596633742,0.421487837398088,0.490202731513639,0.500613770687233,0.471564966883281,0.513220484324894,-0.239272191646308,-0.143828428532015,-0.200723751416154,0.13044150125552,-0.228319006482293,0.0349373513086779,0.2607293779217,0.242976051160793,0.305603845581913,0.317125584068274,0.192458541861786,0.322508919835803,0.176377053589059,0.27852532713153,0.0219863437791376,0.163988059875833,0.388707014889033,0.450735151669045,0.475490195744929,0.558164970117078,-0.195797481312033,-0.161051894922842,0.221177313206556,-0.0762309719388182,0.347339303814895,0.222462211176332,0.168746868346864,0.282617526771008,0.101321973886814,0.23039009615255,0.12149235453834,0.0621570995881045,0.301825577884329,0.224326499548628,0.364028332330074,0.227396302534304,0.309325580609101,0.306591612164085,0.213952099855073,0.01910832514921,0.578997707741608,0.578181009822725,0.458039975797968,0.294595443577349,0.621559840448524,0.66568857773618,0.542219807262313,0.661325034848255,0.124188577721528,0.498355060942918,0.198074111053843,0.264354641705287,0.445603056574629,0.532724959262537,-0.0465576943950323,-0.0512279821009595,0.334308410795222,0.351235376910191,0.195153307350511,0.0943620037097292,-0.390068045463252,-0.272836372171302,0.362175056695955,0.467541045304414,0.488572206481239,0.583427699831716,0.376901400192383,0.35101085262742,0.585484341468513,0.539291776569387,-0.0657438416895586,-0.167158549069378,0.416260232613671,0.235821059141011,-0.22939932789766,-0.382321410738484,0.179966010794739,0.102213708349898,0.00282144616445107,0.0158832271581487,-0.249215951550685,-0.109503127934927,-0.0304251147485784,-0.32522820092559,0.390481824351262,0.342847272160558,0.166614949453975,0.145157498478353,0.291313543119086,0.102181765024202,-0.134518762243403,0.0706169600510874,-0.125685849555204,-0.215615919946457,-0.397581495247667,-0.399801787878018,-0.325985304763757,-0.0146258820867585,0.193715615650713,0.0966463157213548
0.360721916313482,0.331522380137638,0.374409611884728,-0.0646931764275687,0.400742039272126,0.031331759805678,0.482273375790966,0.0254419345405502,0.616403560657549,0.190015596633742,1,0.236351688003731,0.196892383894878,0.201621226892131,0.347371135371881,0.231616026120492,-0.157690185245964,-0.18744665848579,0.0195784630303098,0.127469210235384,0.106545377601167,0.0540684410103143,0.105473220237706,-0.0135464295524278,0.131109594866387,-0.068511711832289,0.22334823835582,0.00503503444917613,0.271940914870058,0.0931006035352913,0.610389277076804,0.158311653961571,0.327727886182158,0.0645606468658196,0.170004583068627,-0.00568468292196567,-0.0473921273235548,-0.0679516053639595,0.0947869196761159,-0.0778763811257764,0.0307491163484951,-0.134485088923953,0.0646282864271906,0.21183587770216,0.0500839067113198,0.127803817152485,0.128123543390454,0.170545424575829,0.0759538987485236,0.177829726712865,0.211779898072926,0.219496169369919,0.238906118224306,0.282354028878169,0.145716790515987,0.0909673313859773,0.327727193847356,0.22554273082804,0.265119081957692,0.0578893974384515,0.541248700031471,0.0572516795286412,0.096003922463854,-0.0963556111924196,0.46900223025367,0.00621049691251136,0.0639227534158731,-0.275881300272152,0.222442304138241,0.0241421737318843,-0.122749865529448,0.120783361069715,0.229179045635873,0.0760885099749242,0.234600502051418,0.335937117265377,-0.0414283998791595,-0.200831708742168,-0.011673774918223,0.216267849310263,0.209501085540788,0.190355659927315,0.304735892045044,-0.0370138658679061,0.34308379629888,0.125915591498426,0.21541056744386,0.0490902039821942,0.316223715954943,0.100992446754977,-0.116410644390999,0.227724198284885,-0.0943045341197488,0.200668778347299,0.0508559616523672,0.204174284039102,0.0198051953713408,-0.0656341571150434,0.0516864822605548,0.043830842884195,-0.034654316318638,0.135440958916422,-0.0917300366206062,-0.161204512535291,-0.110207994931817,-0.0619624026189147,0.0243610736109143,0.0133974161975377,-0.269527611602097,-0.0407353354894263,-0.0840195775491666,-0.184255700628392,-0.181814120030663,-0.149138975207106,0.052472730977546,-0.0289568890393987
0.394749234027349,0.409409456816502,-0.0435192778385981,0.0780987846586549,0.300263365591716,0.353948794189221,0.199752285521321,0.54050182963483,0.319958674115518,0.421487837398088,0.236351688003731,1,0.419051322401483,0.381069603104211,0.272129040029428,0.424582057733241,-0.0115526826794717,-0.0653001241369741,-0.145482802019947,0.0306192793883636,-0.0640909149366462,0.110255628803637,0.164523370090924,0.0641160282839312,-0.0423098802424244,0.315236197332239,0.161140322370271,0.0915434963566457,0.248389145913118,0.415888184783124,0.206148485682514,0.427488684200923,0.414056164662453,0.441590112920969,0.188583524410889,0.250799627304778,0.00227853355292897,0.0249017988627636,0.0484620835039829,-0.0449210571577841,0.246139829424523,0.150999015458742,0.150413429928706,0.252848435698498,0.123638692309982,0.170402074063297,0.135724735349069,0.118579798388392,0.206927180069183,0.133453627368792,0.211422731431691,0.121714322039568,0.313281266057342,0.320442243293483,0.157323868797872,0.0880694441257404,0.405776710811498,0.383228454759131,0.168582991103376,0.0891050752315563,0.267649797018153,0.248037598127405,0.555055177987417,0.419803616904013,-0.0357984585593213,-0.000445206371334364,0.042963407098431,0.00157957508470906,0.377212499981497,0.349361232377777,-0.0987107059206707,-0.128374891365838,0.281625909379978,0.266786975160883,0.0213570403703501,0.10377899362012,-0.270342882506192,-0.233619210564758,0.341054106200354,0.261563359892181,0.457671249690334,0.636409568692914,0.553887233972044,0.445207685733872,0.566698574396398,0.437427788892658,0.250049269823394,0.263788756770603,0.279816647483835,0.283722259991872,0.0729123017476647,-0.0984856444665768,-0.0082481095021219,-0.0851801623635361,-0.0115301354967387,0.0820802218797399,-0.147867617814107,-0.129394202635812,0.165673726985278,-0.139993460729534,0.177842377409416,0.119423908123092,-0.00312325124032299,0.000282211791351591,0.0112405993665895,-0.105855921239189,-0.0944802104718438,-0.0403292631205301,0.0271064863525154,-0.0897339894374283,-0.274706497391215,-0.250720372507873,-0.0750809447058178,0.0298734178118205,0.229520668526465,3.89860652211539e-05
0.587725654669014,0.610649294852948,-0.00728451289836036,-0.0336378403265249,0.305498193472502,0.273990753574054,0.486862251663997,0.487383820479512,0.470200459556816,0.490202731513639,0.196892383894878,0.419051322401483,1,0.850325728474835,0.437138327362101,0.59101804675223,-0.100064370911778,-0.262428851529264,-0.209557592769838,-0.00156675473305537,-0.13686579494694,0.0528928570907059,0.160519596381939,0.128166149827219,0.0706305128970137,0.216718525072603,0.149534421504151,-0.00433703477920549,0.359205620849642,0.336195395846582,0.045222755732754,0.182878073776234,0.727127614215539,0.603677154782566,0.370569044813344,0.373536594933516,-0.0905312144535328,-0.197666864283129,0.302882239571531,-0.0160626274146353,0.357043885656346,0.228570892662495,0.246093081517204,0.448066606656683,0.188119832744348,0.330350401025536,0.24068012044367,0.263836915276169,0.323249323053231,0.250566658668901,0.348364835546983,0.303839238609202,0.364599302558638,0.427160563866747,0.305294354260649,0.204791504390735,0.694763180404307,0.675399485597903,0.340041102286558,0.287962939959548,0.276026941420625,0.203364340083265,0.537869079471814,0.429497767872809,0.0584929988918548,-0.0585388833295707,0.0901902030376979,-0.0855541339961825,0.470137509914435,0.460542610734279,-0.320184850486848,-0.211655176388659,0.40686551173995,0.335037578081612,0.226900088062819,0.0908110656454702,-0.351492628355465,-0.426385714909464,0.585270928259398,0.742078784597997,0.754171550500435,0.682134184821613,0.536348658624959,0.410051134673123,0.523624952442701,0.435514146801714,0.026839490913818,0.0473629575912536,0.412644964450152,0.148368405237745,-0.276374533737432,-0.200371622814865,-0.105007525575462,0.046407739684643,0.0250425053834407,0.125166468521554,-0.118799982467091,-0.0785328458186696,0.162976831325809,-0.212543031664025,0.17188471712369,0.183707843691498,0.167297300189954,0.257104118081025,0.201931471719882,0.118563597626627,-0.124245649619668,0.103095820927929,0.0288641383715406,-0.116006067452227,-0.547088396351311,-0.375427082677564,-0.216379975205287,0.0751465581236841,0.199951552763794,-0.036015500034395
0.71046442526973,0.75529700852124,0.14832345421328,0.0705081608894778,0.318062687157778,0.261347612727594,0.461081249220735,0.504677610226284,0.471654582886468,0.500613770687233,0.201621226892131,0.381069603104211,0.850325728474835,1,0.554177349800513,0.642903411084274,-0.0704486964924778,-0.200210160920053,-0.0853453156019149,0.0954555819751647,-0.0345954883823536,0.157649722633945,0.235756012199817,0.243672316491896,0.0585704040846432,0.18692832596078,0.157295555548171,-0.0650553148773658,0.370320541021936,0.326146140624208,-0.0125493429418478,0.076624435016946,0.672706551120535,0.605564677582297,0.460312920168187,0.439616203455033,-0.0817685399207726,-0.188284701611179,0.343983131643781,-0.0207516210374441,0.374905632383974,0.293194612882984,0.257846513505571,0.450545588944499,0.178717802844646,0.30558144638232,0.192617349200126,0.212934172438271,0.357330904626637,0.278311913136133,0.362212459091574,0.320911479959138,0.350036871100487,0.421213926578963,0.260608086292155,0.153279448205226,0.794889832768285,0.791322651605605,0.40075150825254,0.362587228689487,0.359688986868571,0.245903467124638,0.463502554461306,0.422838190267544,0.128088736086809,0.03290134113861,0.174346147736208,-0.00393231632751971,0.547045515146992,0.556170734165912,-0.242437741821874,-0.15092535640159,0.358820757077662,0.385729374408472,0.191653672062666,0.106024128686228,-0.428180782001213,-0.452933409284157,0.544903748479485,0.716815231794199,0.668324501556736,0.659983718540867,0.516011229334337,0.309558872639514,0.505258696445834,0.490037584736562,0.0471866492279788,-0.0074106006962478,0.432572787105263,0.130460588247365,-0.409074241975467,-0.272249743491482,-0.0936847292280229,0.0782937601421744,-0.0276357515713615,0.0408221692287096,-0.175572194272544,-0.13018810877617,0.121291048532602,-0.283631345221458,0.139580370375056,0.16476672299498,0.130417449683563,0.155702573430229,0.200124000405862,0.072238349527986,-0.185351637098193,0.143451010466551,0.0948914756070774,-0.206511882619225,-0.547973954781436,-0.416165003922278,-0.372851440069926,-0.0131350456077988,0.246698763752316,0.00721032575274639
0.753478031495248,0.737349713787101,0.465062842230443,0.523039308503895,0.48894277499229,0.429449033370817,0.472942069035478,0.482410861368936,0.452852406353777,0.471564966883281,0.347371135371881,0.272129040029428,0.437138327362101,0.554177349800513,1,0.83714037344935,-0.122018022937229,-0.118402503606254,0.355705130739618,0.503435034453933,-0.0008040450420884,0.0659649170712291,0.169281961482779,0.122456416076764,0.0861773483031878,0.139265128229435,0.114210072368724,-0.0248408206929636,0.259872520302692,0.254746591926575,0.0832605501188612,-0.047781748857455,0.531460077365541,0.397889301329705,0.42227485796651,0.490618473092312,-0.212095240896241,-0.152668350195489,0.177714980301276,0.0707905776041748,0.453804539559897,0.298146949535696,-0.108652544040326,0.171066681073286,-0.150650942270809,0.107153956923883,0.000292212817829819,-0.0037987230727711,0.157052714700442,0.148623861901932,0.239207450923415,0.218172104245549,0.19573443746153,0.321701961779128,0.125622385491955,0.0471423065442047,0.61306914136831,0.638667734088377,0.130187771091421,0.160741469972343,0.415358599589464,0.411253657964074,0.272539434960166,0.427505355715698,0.110151213828507,0.218925711425572,-0.00667787652031137,-0.134928463749145,0.518414644100345,0.378839679101623,0.150612077991682,0.231795019952047,0.539853093572472,0.535751210029589,0.228907244577182,0.257536192907322,-0.365535942126419,-0.360430682078452,0.296454235948461,0.448436142109326,0.383504277737693,0.440819017614368,0.323665570251138,0.114530939480835,0.338813715748937,0.258155273855921,0.00425844977853058,-0.350899594817097,0.179935284016708,-0.0409711756002353,-0.443088387872072,-0.213712149265206,-0.202068813557193,-0.044001945915732,-0.0508479613087192,0.0123555103644932,-0.157571700095981,-0.0904022038227329,-0.000937806282238577,-0.0832375928536643,-0.015645443196877,-0.0357563369671663,-0.0352011468218392,0.0327637044028329,0.170460196499002,0.0815401120030758,-0.225510907389688,0.0975335960147436,-0.157376342160653,-0.172474752284747,-0.283341232596964,-0.229632072068544,-0.102197996437955,0.0404296315730961,0.171862433487853,-0.0544492067952287
0.783356991254089,0.813769941912474,0.343194846111649,0.403956376920833,0.505491674176788,0.501829072642666,0.41668380030059,0.535953929715055,0.39825591943667,0.513220484324894,0.231616026120492,0.424582057733241,0.59101804675223,0.642903411084274,0.83714037344935,1,-0.0139833441377399,-0.085470472194893,0.228103436387054,0.379029113346345,-0.0620488679018939,0.0863536537276815,0.235557739280668,0.140782171195328,0.0661879154534011,0.265582086949509,0.150706991816647,0.0600535064849198,0.37155457562846,0.381535698386768,0.128419295022143,0.0760628065675311,0.516399295860643,0.478566539104919,0.473904561259653,0.536361675808646,-0.19350245300344,-0.224501712513615,0.234409134914537,0.051648983039017,0.409589982271486,0.286316197964922,-0.0326165651680679,0.222204963372322,-0.0626722077718388,0.21443762353928,0.0872633589966094,0.101613447695813,0.240292709381694,0.191417313576968,0.255496192579359,0.244525153075141,0.285627319899373,0.331773102949963,0.166764643059634,0.100155633263055,0.707571851573382,0.752966337002189,0.230537655891416,0.258943592912312,0.392922145297239,0.431013108137627,0.430076959596351,0.515578959529027,0.0619011559065613,0.0847183497356632,0.0190153779798914,-0.154426349042678,0.723717102215181,0.533099963025595,0.0659582754210084,0.0995983398525176,0.597886789116311,0.56893468260415,0.180120786606909,0.201874329011436,-0.516099061564685,-0.511710405188346,0.363509657531562,0.484915797515016,0.440639717873763,0.493531005728559,0.421328227763513,0.25399792857155,0.358625128622848,0.269246783586926,-0.042608442708117,-0.294751482383009,0.291771156412443,0.0718543977460043,-0.46205584152314,-0.287421942072508,-0.141301675991054,-0.0181027761586403,-0.0772708535584636,0.0850396815504146,-0.271878224903167,-0.144708402352733,-0.0084324099236234,-0.196811245539466,0.146483580823095,0.0138023813671288,0.152317160410475,0.168878756311997,0.33627421375349,0.251330316610205,-0.18416643588885,0.0867150168708616,-0.0966316051977372,-0.154059038453294,-0.393621223784804,-0.417191948419221,-0.234762495013283,0.0824317360323898,0.256083364230698,-0.146260911330486
-0.0955812731817575,-0.0309695302736617,-0.139188530151488,-0.234112740107192,-0.142240230283335,-0.199640798994092,-0.206350050968576,-0.154906367346756,-0.274784550390734,-0.239272191646308,-0.157690185245964,-0.0115526826794717,-0.100064370911778,-0.0704486964924778,-0.122018022937229,-0.0139833441377399,1,0.61706647115737,-0.00876789526504272,-0.277143759730866,-0.0647745581459417,-0.0929414651350349,-0.059057713585289,0.125698289637203,-0.212418739672929,0.407790663670567,-0.00163644668046185,0.110916244590347,-0.0541683570833915,-0.0921819385867862,-0.0239274286536282,0.0961933960510285,-0.0983623342921494,-0.0684979144357841,-0.049569331310674,-0.117833644435641,-0.112856907995732,-0.291659413294613,-0.147253290651793,0.0814803791928718,0.0864840982788614,0.0474770288551172,0.0383047828642259,-0.157255248105281,0.0482918313036277,0.0435210520920775,0.0516076766277113,0.0590905896521916,0.0471001700757046,0.0591750042563461,0.0399084465951368,0.0955668271284934,0.102588493120963,-0.061420307805742,-0.0142094438350191,0.111616750950238,-0.0782037713644066,0.00483400473608344,0.0228786916860954,0.0418940275684689,-0.128036148820974,-0.139785612451132,0.166658242557117,-0.0141657115713331,-0.21869789753794,-0.242556179549749,-0.090553182874261,-0.0776024721752228,0.000130642365056092,0.0788967252487394,0.194247348175665,0.0296689601571867,-0.0898733340164153,-0.0517390867357269,-0.0106337065922339,0.0292066022745783,-0.207193059823163,-0.265104399329559,-0.156218626951726,-0.0768210848922463,0.0136635533936979,-0.181186449208202,0.00500028599129652,0.0664747534837437,-0.133896129181675,-0.157783468663454,-0.184349195698344,0.15911078128604,-0.0695755321694285,0.22799522550592,-0.0618001555216254,-0.00541665779636015,-0.156681692113092,-0.215553335781668,-0.145571621447267,-0.098870978902758,-0.208530849610851,-0.00338377660462142,0.0675828653718581,0.074418406768567,0.0829007336398739,-0.0683310906532835,0.0870073468676183,0.131635599077082,-0.0865933174224175,0.0423012445544906,0.160474693221864,0.0579565707599334,0.068101815077443,-0.140464823049064,0.097116348954921,-0.0391215890510063,0.0628285453930719,0.108728288746502,-0.05362770461067,-0.131585497058218
-0.100752635799882,-0.0957950311224256,-0.0364300777462685,0.0556339652531757,-0.0757921642459934,-0.0207062813828785,-0.17756618129025,-0.0851159587000121,-0.199914232105583,-0.143828428532015,-0.18744665848579,-0.0653001241369741,-0.262428851529264,-0.200210160920053,-0.118402503606254,-0.085470472194893,0.61706647115737,1,0.0924824404332221,-0.0677607199919845,-0.00323278892819373,-0.0510925866865725,-0.0187344330791223,0.267922498932859,-0.0433272861422444,0.424518604438496,0.0817288847444975,0.347223550344888,-0.0941210154544176,0.0397224429598242,-0.119157613954668,-0.000445365783649435,-0.207876882679753,-0.126318724329117,0.0534314800596344,-0.0548764723522428,-0.0766477053220625,-0.201014853544342,-0.135461542447301,0.149440500104353,0.173102552271042,0.132450784007361,-0.0480701486044789,-0.273398342547543,-0.0812649256379772,-0.119747971286092,-0.0765413144945009,-0.119875666781758,-0.0756853625953947,-0.0166746602104073,-0.0654263396518107,-0.0444904243924964,0.0426999732177475,-0.0745658996276309,-0.109221629083028,0.00042795851012695,-0.133456534446335,-0.0682666598704494,0.0112697254333591,0.0274808163674943,0.0310545663365669,0.0618305588419314,0.135014838491037,0.0530532831856138,-0.124936735428951,0.0351568748004002,-0.0339563649634387,0.0468519711268185,-0.0923835358444193,-0.0189487825053948,0.388989361048499,0.238417126184051,-0.0123238611573947,0.0886002320134256,0.210347926408569,0.0691923279044554,-0.112028133427882,-0.145033055702898,-0.173615145831497,-0.0908817972583122,-0.0777136927085954,-0.133430694706551,-0.121986164042984,0.0700428271738852,-0.11798301387974,-0.10455344184908,-0.167802518326539,0.0922934963143217,-0.0477112406129258,0.276356410859738,0.0154901970865645,-0.0089147534888522,0.0248757865222307,-0.14297565267065,-0.276450904719041,-0.12572199419939,-0.248366675393802,-0.0310978376762099,-0.0533646337245975,0.107714806903655,0.122053581234471,-0.0664778690006544,0.0813169971269969,0.109531263452932,-0.0622729830756246,-0.0131208832962576,0.204481775169631,0.0865088500404151,-0.0331788428833212,-0.247304580920016,0.0868742614239157,0.0660819253630118,0.143532260015161,0.036231273143376,-0.150051711508192,-0.144984637750261
