1,0.713719647005163,-0.209027618835927,-0.224848820008213,0.140692994194619,0.0673498787752368,0.477049744171572,0.420387174657202,0.426418737374584,0.2392073509454,0.0714458213471676,0.0346441919607162,0.205530612864012,0.458882521871777,0.474159720498248,0.430293812979194,-0.185800384519093,-0.216922551068088,-0.195031928445509,-0.208478898813413,-0.111154723854934,-0.206779829342783,-0.101066268570937,-0.253124169308244,-0.162931056690589,-0.171328843980673,-0.198954646854779,0.0106032950473691,-0.0101290500707632,-0.171690035196055,0.0182694627365024,-0.159797300925601,0.246875751241272,0.0991409154153045,0.187993455647904,-0.0380762147122504,0.0645444953678738,-0.174395954031101,-0.0638462548232544,-0.123919934868942,0.0331283009499744,0.135620909120698,-0.0539728985741239,-0.0167615565235531,0.12974614877882,0.111924164367073,0.0992305868316765,0.266165504840732,0.161205878693102,0.0845197888627125,0.142206206364287,-0.0414788473427489,0.350488202217424,0.486488407092068,0.0905372724541995,0.272763950419543,0.738958297521335,0.602858867999708,0.318892184451493,0.190635033712608,0.345495332995438,0.0424795712035556,0.010401618376123,-0.0640182688345312,-0.0942375475797677,-0.187249256595488,0.101014109787369,-0.0587615001625349,0.414659411422107,0.293114253735888,-0.312097448618715,-0.151369871649757,-0.0721975405013767,-0.0279235004662852,-0.0561867329274121,-0.0485920706359018,0.0543879867125391,0.118514615369902,0.00772331838898662,0.33143967915952,0.122000093001814,0.280343206681821,-0.123107879080641,0.249765754168224,0.256035721160353,0.202319630230778,-0.0459382165814812,0.132043723172688,0.256088537493296,0.345177956649489,0.00523335492544136,0.014772981240294,0.0787833463153098,0.229631506299043,0.131122989254004,0.148581228009992,-0.0730152970967844,0.168596478107337,-0.10850563535292,0.118317008363557,0.197161385300971,0.439446352610305,0.230770325440752,0.22807904955528,-0.0214455385515608,0.0441621682526887,0.0245983195314927,-0.120193640493546,-0.192894739796736,0.0846451801713104,-0.201028383544548,-0.0900039271034264,-0.0758201257221581,0.0302841614204474,0.0511031701253304,-0.111311309285138
0.713719647005163,1,-0.249343568060636,-0.275899729708986,-0.0495829617815599,-0.0446029457835847,0.408772285939635,0.374253912342138,0.225648360608768,0.0753474331827478,0.0884253276429348,0.0575820399885531,0.315690802568784,0.543454741338025,0.451943547066459,0.45649982467256,-0.0707702218598825,-0.13696828746896,-0.209217500477184,-0.249099595628855,-0.190729579023821,-0.278432267501248,-0.0726859810654906,-0.271643594492737,-0.126791974022337,-0.16298932173699,-0.252374211882583,-0.0970438403781991,-0.150306865155479,-0.187041412218514,0.0377622764292674,-0.133428807416266,0.268852492030797,0.150033449088393,0.0757420612861127,-0.0971702012779992,-0.0782220362230296,-0.172632888235493,0.0655031213244399,-0.056500033519398,0.172128005501434,0.234357435288266,-0.201878601024906,-0.125645568203931,0.0158799622904322,-0.0586356312145716,-0.0893025826270016,0.0897651650410732,0.0178606323209627,-0.100836906172271,-0.0435840099984152,-0.157712711033237,0.138322325477143,0.249702507556939,0.00338711680153074,0.14818484039247,0.776001901053986,0.752218876043031,0.29391801343619,0.223740936830688,0.212184889553073,-0.056539137456236,0.040498459707133,-0.0170524008122655,-0.196780408656235,-0.215951575457073,0.0510828437130089,0.00561419678853195,0.272281285728716,0.266758859274684,-0.25387463631755,-0.276850656871556,-0.120049841252102,-0.0343119112675842,-0.105215439634847,-0.134121180682938,-0.0287657572969479,0.0378064966582155,0.0441129801267837,0.189488633030849,0.184038019429812,0.259795328271514,-0.0494700096046434,0.328038184996783,0.211132469535254,0.197175579528109,0.0546395187948949,0.0666576795737556,0.140577680807673,0.288264117676495,-0.134954874341418,-0.0710505533150157,0.0326082588515047,0.137580954968904,0.200528264113228,0.25049787889024,-0.012352754268703,0.137466759660106,-0.091485350154749,0.0193423285822742,0.203969647452341,0.28595160070864,0.26451142011636,0.278394763761413,-0.0333933965176279,0.0175097703221657,0.0077270928675252,-0.289788223484995,-0.123750082919357,0.109821829181534,-0.0933880495741309,-0.0345378535740419,-0.0848327354836743,0.0486587759597441,-0.114248812976025,-0.276589759676358
-0.209027618835927,-0.249343568060636,1,0.772245425656137,0.486250212427657,0.260831273613304,-0.0108766398047693,-0.344896953205235,0.173385707218206,0.135395699231013,0.240878405846854,0.143294485935996,0.0424231688656044,-0.194831398710957,0.0493013039087834,0.190561450292101,0.0436596316274145,0.0490915087186679,0.804837689519466,0.607592708621614,0.579241722743681,0.644506938610154,0.288682774180634,0.359376648902914,0.0278435250327752,-0.00313020861232322,0.322929961077545,0.173632205692653,0.23241571655852,0.452623464418346,0.332730241264708,0.4754566588968,-0.0129346793199421,0.0308610148187481,0.608078816336556,0.546739453214079,0.536834693837942,0.449042555577405,-0.0672231790773136,0.148289739459869,0.179440082621082,-0.210338248217613,0.118057696953486,0.159542188096093,0.04255757436916,0.212495738254522,0.202337280906252,0.107956451074977,0.0518418810037803,0.115969097017348,-0.0300363698031112,0.106090469331007,-0.0587412021988742,0.114028323947306,0.21349299587668,0.0577931737892471,-0.259257347754043,-0.334767197102546,-0.0594609825537732,-0.202021427823817,0.311427326419861,0.208859365724469,0.221645250855351,0.00834562055249187,0.737337549524224,0.580588383775737,0.503592641938482,0.327953294667061,0.181495402775811,0.152155518425278,0.224067139282901,0.265970980555289,0.439893772653083,0.348769599982711,0.319245952502107,0.313215169030072,0.320009575587651,0.271721717672611,0.0642309212265427,0.161169910311459,0.0724907692973028,0.145617702749355,0.379029017250132,-0.0252602085124736,0.371678904831022,0.0377538249481696,0.255932290720748,0.360091850766256,0.13304914884468,-0.0907511087317765,0.33556220906552,0.418088973905096,0.164227643226134,0.355508000092278,-0.0299302458634282,-0.24149048119363,0.0675041255761814,-0.060956088040773,0.0641204662674555,0.197392530286066,-0.231381250159224,-0.0336605085009662,-0.233756344103319,-0.186264663800734,0.153544124385481,0.218765864567203,0.0542651632695579,0.0367339735751803,-0.115070249226079,-0.104217291801893,0.0479267597220529,-0.063532295079565,0.137122649617071,0.0293023871996195,0.137007392668312,0.35939779636221
-0.224848820008213,-0.275899729708986,0.772245425656137,1,0.37898419244718,0.543021265017117,0.109604949918553,-0.144665438280648,0.22611628608004,0.392341176869526,0.334360068476915,0.35754939468244,0.02580357842128,-0.205257187435419,0.131899634252875,0.250093570497186,0.123469895412554,0.0696878627128713,0.760224543940887,0.776076508414662,0.368397097942268,0.519860912247272,0.241545916862895,0.397233571700102,0.153592718592075,0.167836709010053,0.401740375111391,0.322481882078314,0.290988686527141,0.520168666833092,0.384551153696772,0.610027224729418,-0.0141085406021999,0.0941287490162227,0.474306847983778,0.620759632892182,0.397372891548643,0.495141625540583,-0.0308921747640294,0.117754556245175,0.197525554830285,-0.161215843294082,0.106196586326369,0.127005732978509,-0.0606504159381714,0.0775471810076644,0.0687705056932606,0.102106612552849,0.0109592448420399,0.0475493813113042,0.0584862600967016,0.111860173802875,0.0168893851598896,0.0606813930425243,0.1122746688144,0.0438675677847149,-0.228325242389437,-0.298300329665613,-0.00378263242289139,0.14715207102282,0.342207352536942,0.478114298180917,0.390321924886841,0.272471429787913,0.579531492872946,0.759649691617379,0.352444551042735,0.530828248711215,0.0737313565893609,0.176960364847449,0.0773046403941111,0.111524419400846,0.293249018072272,0.251049471089932,0.295396405102076,0.301821875267068,0.30208319874976,0.308571017376585,0.176023742504501,0.0754050206943113,0.0766943442338627,0.181155814780604,0.392881479329983,0.0416998192686663,0.368792792207474,0.279219829062318,0.308038873939436,0.398044823930395,0.242306499727554,0.158049713469329,0.443772453367495,0.295771533860574,0.28153389290052,0.243121489320809,-0.100384949508483,-0.307960135765998,-0.0649984267476227,-0.150121659137506,0.0442081793292094,0.0945589947939229,-0.105175931862189,-0.063878217822242,-0.25166968982215,-0.218755422231974,0.153042384985038,0.142473138933192,0.0957137848581695,0.095097798233163,-0.297864275662453,-0.0470239071352615,0.115443164418319,-0.130433944121637,0.0591479415183083,-0.0380395967898985,0.112019573113353,0.360921234237127
0.140692994194619,-0.0495829617815599,0.486250212427657,0.37898419244718,1,0.555430486486592,0.226110518505859,-0.0098811741529441,0.368358479887944,0.0890277027132554,0.124618075291267,-0.0153769665616997,-0.226036918221608,-0.241987092975425,0.346958642615379,0.182176694860071,-0.142052115342085,-0.00584098171138409,0.201604959080548,0.0242132483575807,-0.00100702306241016,0.164926412425275,-0.257422844384161,-0.124907673131353,-0.0585794150834769,0.0373965150667536,0.32633517577279,0.0694347279737544,0.0798242253743807,0.0138485486803549,0.137600682056811,-0.0469135220233806,0.32624157234042,0.00463473089858958,0.509664563357531,0.462246158450253,0.240465649659628,0.0047606887859513,-0.0408934317027224,-0.115489976436636,0.00414325863906929,-0.264487173826495,0.306523312190093,0.257536437156787,0.118689577463694,0.269882560882448,0.156070034217345,0.0517302585228619,0.14537467792865,0.247168021585139,0.198597005415384,0.202848426708805,0.195307015221819,0.341262723582551,0.029934896896751,0.0539091275482878,-0.100511637619237,-0.157221376667808,0.375967892566462,0.0756762691190111,0.640022334393105,0.420342632831501,0.061057402454088,-0.0378256898519589,0.309346462864761,0.0474395294544488,0.334949990428726,0.0270596544483505,0.10138895918184,0.00683176281663793,0.0544057059646671,0.098120584581321,0.141137527857551,0.0584534560238816,0.250702316798139,0.186696790564181,0.0947904955888056,0.207969785648286,-0.118659255888278,0.0309873554142065,-0.182314894847844,-0.0571295462621792,0.0772331258871253,-0.249142040911587,0.0527525179590715,-0.17023836183881,-0.0958643897744918,-0.168442396605245,0.180918867042366,0.0557977294191563,0.141461744541441,0.141879932818139,0.191399835282091,0.449097267330991,0.147130603022709,-0.137163430324636,0.00746769945080866,-0.00609788989259398,0.0617094867075313,0.27081226937469,0.225465460503528,0.499299430212061,0.169474702893468,0.213177064475295,0.317695798794706,0.280276398888296,0.0910600291167591,0.128319580219283,-0.348949903245047,-0.0630666897497948,-0.13245291124698,-0.0188297645576654,0.185138231198601,0.267048490414983,0.196522465483218,0.19431299569922
0.0673498787752368,-0.0446029457835847,0.260831273613304,0.543021265017117,0.555430486486593,1,0.397606388741926,0.328195069089041,0.413438448825365,0.438299473871125,0.370282271760488,0.432478963516121,-0.121453266292993,-0.0880456996389516,0.371688487210438,0.234981635601809,0.05072693326321,0.00374355185003123,0.292348952032789,0.376347381730203,-0.163285172472517,0.0475873530893107,-0.0931049954904252,0.0217871899042621,0.181149598517819,0.398017163213263,0.43900335117269,0.355292543456003,0.195104790039867,0.19922653723913,0.24837461998262,0.214434086207805,0.2319953428816,0.185389241309032,0.263813592998193,0.558560022154799,0.0455576216458534,0.0753547006461744,-0.00181813086904772,-0.0230945671804277,0.115941488796075,-0.132149491055668,0.25836235477081,0.27549743115608,0.0189607160786362,0.179933664497691,-0.0234799301555368,0.0975643595146466,0.189034467933418,0.240247500137663,0.322005891637031,0.243511523237032,0.307137684572952,0.251775989646676,0.0689462721359847,0.0678014583081252,-0.0452710249187353,-0.0305680983253846,0.145632494375184,0.53624241349119,0.467413059468234,0.788147278648291,0.347366876313036,0.420379353577328,0.0427145673897835,0.3144787861543,-0.00446570821286977,0.178812948785079,-0.103369933402741,0.0202602447432141,-0.0049553167228073,0.0736772455913394,0.073850519999444,0.123291151464802,0.275157863161218,0.262626901185493,0.152594544560593,0.324183776203402,0.0643981810766501,-0.060112666053274,-0.0850365889716435,0.133691359362581,0.0625009178171787,0.0519567480810679,0.177401325454397,0.252538346624306,0.14379820152788,0.0547923472625742,0.406853117149774,0.371824886394078,0.309119576249773,0.0935833989111078,0.366931752186921,0.214220969448742,-0.0685642205159602,-0.303421650573817,-0.103115171610372,-0.0818773427946336,0.198387505756256,0.215566202957903,0.324737226651479,0.256482327056006,0.10286393574428,0.0981745110928626,0.2090592464251,0.100948201236514,0.233914402254915,0.113258841465028,-0.41081024263745,0.00266551699401663,-0.00272662991276952,-0.0400304366406047,0.143521099078939,0.0549617095593415,0.0802832106256153,0.216546617724516
0.477049744171572,0.408772285939635,-0.0108766398047693,0.109604949918553,0.226110518505859,0.397606388741926,1,0.623190059798257,0.592133317132042,0.518592135913406,0.459500074774133,0.358725448869645,0.196035655504282,0.307449445334338,0.584792900345122,0.328133783493421,-0.0911193985526275,-0.11965048770671,0.091793176383232,0.0746340463831843,-0.206132829864735,-0.198602128540781,-0.0877370136434678,-0.0484377614189469,-0.0380627607901106,0.0100156138619518,-0.0165252123795729,0.112108313036504,-0.0228621142076152,0.0829772326591895,0.151906515327321,0.0781735123964723,0.261163312424714,0.240967713000843,0.216508282547621,0.146076701565164,0.0960192912032552,0.0820774569508971,0.0664537971991277,-0.135932536338167,0.264050105963516,0.0522695301376868,-0.0062484848986402,0.00674011995940543,0.0310796013129712,0.0423859295944231,-0.0534214239915366,0.157749945502885,0.0605427929573666,-0.0435053528819277,0.099211732181603,-0.0200863995687552,0.235808868250653,0.353740514658578,0.0240557817545398,0.143026148525472,0.452497223430287,0.387520519411339,0.196369223337499,0.245110151992571,0.445219751673585,0.39329241228507,0.389972337113102,0.28676429611133,0.0237479779638448,0.169380756822539,0.0487622594075683,0.0817563559590718,0.0642123015484511,0.0188194303958032,-0.320220422917689,-0.0684885086674012,0.0568186733641734,0.167166580647021,0.138765732805511,0.00412835152748273,0.0379265054019648,0.18075485004698,-0.038964179392174,0.077159583730487,0.0258493586851556,0.247996866193641,0.0136463404803311,0.19755220572564,0.427165111571547,0.320632275756669,0.0826399102182192,0.2351941275595,0.31487361312036,0.413694760734326,0.17022168821995,0.142699623634147,0.156272491714652,0.215157673895559,0.0917669775221319,-0.0351437691023347,-0.127433008157744,-0.0478019426090593,-0.0288235381575253,0.204057327288502,0.301850356532874,0.281122703428565,0.321406386308961,0.171007614551737,0.184361417399795,0.182352447957302,-0.0777290366936727,-0.125245686059168,-0.343164307693045,-0.00619421386860356,-0.132627800992426,-0.194483674633939,-0.0397791723290931,-0.0493572343174802,0.0886211679019606,-0.0792616053120469
0.420387174657202,0.374253912342138,-0.344896953205235,-0.144665438280648,-0.0098811741529441,0.328195069089041,0.623190059798257,1,0.571040257421041,0.550752190662874,0.327199031643628,0.407195657952246,0.0917559513044718,0.356098872209836,0.447975075819507,0.12841682477152,0.0447462997476623,-0.0337815893129315,-0.0495744279661353,0.0242276692424826,-0.236669854858072,-0.252045100740405,-0.0218702152838929,-0.0343894719227743,0.0540484258099765,0.178491880548002,0.0344127017392669,0.1598028478416,0.226471152225967,-0.0715892859234232,0.152571146956724,0.00364934615087099,0.174633201491824,0.111600121450469,-0.0493247850389874,-0.0108367011991373,-0.0423345995844064,0.0406841802836868,-0.0390067075596913,-0.164502103748742,0.234122224558261,0.147204330254908,0.0272837819197857,0.0483614673284579,0.164004503818292,0.125947947830238,-0.0831619240312566,0.105612268489705,0.274525443648074,0.123802616232273,0.267957840453628,0.131368701950787,0.435537730600453,0.368558121421659,0.0832194011324943,0.257824323285138,0.327728296053567,0.382719404229274,0.0856170333132641,0.310508819850491,0.137511795639188,0.185071154638271,0.350106300511698,0.382427517236058,-0.302793394999231,-0.0510222431769235,-0.173780967961408,0.0460883419599828,-0.102161136821416,0.00367674177403944,-0.277630884839729,-0.0843576731453721,0.0715350650469325,0.140092978213418,0.191341242451611,0.0495028921069327,-0.060538082144215,0.163304509105334,-0.0480037464987972,-0.129357056526699,-0.10903496191012,0.278890644298239,-0.0639674129806509,0.312468368021767,0.199368007522508,0.499754011031453,0.0423372233489972,0.17493848439358,0.381254680203623,0.579719767172028,0.145237475644733,0.044967160359232,0.222509338803393,0.13486225355968,0.0565684672770057,0.101416471993023,-0.127160685656486,0.00846673505874955,0.055308266650948,0.140696433425617,0.43648925429583,0.227808498507797,0.399771476873518,0.258785110800808,0.192241391212247,0.151590195862223,0.124492266771082,-0.103112028311222,-0.281869358587204,0.0548364220702065,-0.169314505452435,-0.14920031469695,0.0681184138244708,-0.0255740904687108,0.0996421544337849,-0.135216592283779
0.426418737374584,0.225648360608768,0.173385707218206,0.22611628608004,0.368358479887944,0.413438448825365,0.592133317132042,0.571040257421041,1,0.768308502307681,0.443915973072499,0.37318528064556,0.015631764131093,0.0976188042039939,0.447867220064958,0.138782814522341,-0.0655554805288985,-0.150489769070342,0.31095573812534,0.336560731117377,0.0304558164394361,0.025741185148109,0.0664477933954673,0.0717602226294003,-0.0621012535173608,0.128987690612574,0.0919046056635045,0.316418648856075,0.463316354125438,0.273247925194557,0.446435882772541,0.329003193848672,0.0835841362541966,-0.0261072800441788,0.359200389553392,0.220051163738608,0.326324644025882,0.227127082402336,-0.123603716432412,-0.112178844615136,0.287817774536463,-0.0146792343945298,0.341903242457422,0.343794738728377,0.148254593674819,0.308131402081537,0.206530651009974,0.222108408720776,0.30584358866253,0.152425741895151,0.322300849711432,0.197515894264121,0.498678401839345,0.485324435463918,0.1136333007955,0.15948177684077,0.232142907201205,0.120999589314173,0.124310330494392,0.0667287958583693,0.485682644073062,0.282102117768732,0.482103308859381,0.166950277400235,0.191213922914532,0.28658298105665,0.0443966418164066,0.0982895073577143,0.112249111112152,0.0399402896755707,-0.291144593543333,0.00813107745584779,0.174989666655824,0.137785341559265,0.264970348645495,0.1359038283153,0.190630188373985,0.331377143139204,-0.0625665166913584,0.0340023718734931,-0.324779593457177,0.116903101868011,0.0484637761457197,0.143118761328777,0.389458684736694,0.286085906024999,0.0383337182320586,0.305416079846559,0.460169582037747,0.501598558644358,0.421606529902881,0.413492752786753,0.445864979000047,0.516140140829681,0.204041555626165,0.00185689087767838,-0.213146987811461,-0.155951100318819,-0.0685221240782654,0.196364699448088,0.33970031040676,0.402445517272995,0.234616338327601,0.286234972475631,0.368092773009133,0.449631491241287,0.0494011002617368,0.0225264699025482,-0.359369065890822,-0.0143246184062051,-0.30310048977888,-0.28866091442552,0.00853685425541367,0.0762725160412117,0.358079535530546,0.00291173582689513
0.2392073509454,0.0753474331827478,0.135395699231013,0.392341176869526,0.0890277027132554,0.438299473871125,0.518592135913406,0.550752190662874,0.768308502307681,1,0.468780118598398,0.578393627694394,0.0936902928702801,0.119991013364647,0.366251307297959,0.174013410390771,0.0309521636825798,-0.02422590016523,0.401347517698981,0.58749636608807,0.0986108956960838,0.118358762874475,0.248710236357459,0.191447440895306,0.0413970059130984,0.227840756478333,0.100188812546658,0.412869217685092,0.503586728203746,0.41816344393974,0.436185396515686,0.494001358584801,-0.0798437087475299,0.0728020713107642,0.33336766397168,0.290408532987933,0.336661332552012,0.4654908147249,-0.00354801070633566,0.0107678800475066,0.373234387541835,0.0908152568078015,0.179606646897942,0.22403953982616,0.0588789445324768,0.170494016465387,0.0388973662901673,0.200462324596523,0.228956555013386,0.0689064400966234,0.270268127760831,0.127618263132121,0.46708784689351,0.317939273531688,0.157790442030839,0.181759550522177,0.21006411213094,0.10027332246244,-0.0626107863655887,0.159947013964867,0.348041865888511,0.372449736543763,0.578399325303357,0.366468102746189,0.196571923205441,0.520482012647419,-0.0119922235819757,0.282996809359954,0.108175326503379,0.0884839073733814,-0.334246493957709,-0.0501985439275684,0.239571064397659,0.230541342373307,0.209753781425492,0.166184245440869,0.215269123960007,0.373178819453446,0.120676021390951,0.000444697191321999,-0.158548428471662,0.270082691495788,0.139069941535648,0.248518740084163,0.448525981408349,0.49819542522525,0.235324346080577,0.497921229288653,0.448427331980005,0.556677835682686,0.431028741675315,0.278387988738364,0.397381215238936,0.330387145986789,0.0776738148596886,-0.131330559112284,-0.296118450965729,-0.215515444761662,-0.149341475634682,-0.0177337861112408,0.14109291870766,0.101681691347295,0.0424351922669077,0.012858931009068,0.267898575995989,0.218378648048551,0.00376392757092398,-0.0298251354827906,-0.377443132516296,-0.0380060305022757,-0.179286466666155,-0.354225667231903,-0.0675799004419103,-0.112603260267288,0.258320870908775,0.120987618519984
0.0714458213471676,0.0884253276429348,0.240878405846854,0.334360068476915,0.124618075291267,0.370282271760488,0.459500074774133,0.327199031643628,0.443915973072499,0.468780118598398,1,0.703703834784243,0.0162803023825731,0.00652556548344877,0.440558008585272,0.291344265221747,0.00362700338893339,-0.108870261143601,0.440611009425938,0.465607501153472,0.0252846458607077,-0.0177162304794314,0.0436130063994309,0.155748643361986,0.0390594667503036,0.212606541006147,0.0658668753991114,0.249639570423162,0.180461425176959,0.465589446201695,0.469896004547423,0.56232376460041,0.109356234346134,0.104921486692921,0.210223633651112,0.245868338054905,0.04954702583039,0.265479841433096,-0.049604741088442,-0.0418400857457147,0.420759545479133,0.00147282969340212,0.132032644601812,0.120751153409258,-0.0883443900050229,0.0700231539346078,0.0258111059744894,0.0683899846364423,0.0698127857128993,-0.0140376592937373,0.0464136886460942,-0.0106516771678699,0.123348549716418,0.0176455842091564,0.0485453300089695,0.0421468786380458,0.0190806731166621,-0.00465451494936211,-0.0205027999212803,0.200305344451515,0.140131202847799,0.245200468787392,0.510651928536964,0.39029480517661,0.0361136784365787,0.348068371620796,0.0964643473559787,0.327308224548669,-0.0649588693343686,0.0441027815099819,0.0129740759931278,0.188500655382936,0.217630335050694,0.286915161981476,0.314811872858413,0.277814191611802,0.163012085740648,0.252971363620763,0.0115015115244207,-0.0938345497784346,0.00480270708548729,0.258147603211067,0.337889384906569,0.270402891215474,0.426924110993125,0.496001558036176,0.186470500093707,0.408299093634302,0.228801973144795,0.311484564694839,0.377127440349974,0.229483093843328,0.285430268042495,0.117098154680281,0.088096880454904,-0.263901038047328,-0.0174770625848901,0.038251271407013,0.218542914502319,0.315760314332508,0.096463745122267,-0.0940087083941762,0.165709421974966,-0.00586888549618879,0.2433273092643,0.241924332340662,0.0766784676950905,-0.127990580721668,-0.307294128084015,-0.0378166467730157,0.0752287932215603,-0.0073794607661291,0.122437462889488,-0.116921072166949,0.123888033287326,0.0212790157822135
0.0346441919607162,0.0575820399885531,0.143294485935996,0.35754939468244,-0.0153769665616997,0.432478963516121,0.358725448869645,0.407195657952246,0.37318528064556,0.578393627694394,0.703703834784243,1,0.123124177918577,0.130095973137253,0.427149852964164,0.289414023426901,0.0999990029359783,0.0456819790770403,0.439732284390534,0.585496041155644,0.128074622112355,0.147609446840774,0.116672205641131,0.100164719812126,0.0409259035434057,0.0824219199917516,0.0368512664229399,0.19877152265622,0.255380163838295,0.454738955652015,0.231291659041699,0.56378677254013,0.149596244834313,0.343133406951415,0.306491261549012,0.399624558891075,0.132864482354736,0.370565586629243,-0.0547849340804075,-0.0756587917741411,0.448322184221317,0.0580706603600495,0.0133831825222702,0.0719294042460877,-0.0314553579717023,0.075796418882369,-0.0471196852634018,0.0747616348210881,0.124615472265887,0.0884930730231559,0.114017630923489,-0.0467535833895058,0.210232650563286,0.00282304004333301,0.0910000491112635,0.0687274943025157,0.116724249575013,0.101988518046954,-0.0732690863231878,0.245106604230826,0.0232849484755455,0.275968550673388,0.539869368971068,0.631580243808821,-0.0259143903660067,0.33472096264004,0.070245929665485,0.415501057399658,0.0415734872800307,0.110702063922268,-0.0046414427450231,0.1483848938065,0.417310113268254,0.482749743771577,0.429693485315052,0.318118478282338,0.25867029912224,0.445876477544196,0.198473426505352,0.0383714501371996,0.0552665800251233,0.398269636534277,0.319016728099497,0.391033181882961,0.347272442410204,0.637130548682127,0.297137980392081,0.47150608436073,0.203837687314233,0.364423515925624,0.413029006911932,0.149524839273413,0.283345915874071,0.0304546918844638,-0.0628235650844442,-0.259349667389004,-0.135518034742329,-0.144374618773755,0.114276093403676,0.101317111445579,0.0567852485329256,-0.167781861175874,0.135806933077131,-0.0468720317753746,0.167483392684662,0.0552442764544433,0.117379568597393,-0.19523663709484,-0.287504893155362,-0.0965580969488033,0.0267723487129944,-0.129467672659122,0.00930158309649578,-0.20545492886107,0.0465204638132808,0.125906455523462
0.205530612864012,0.315690802568784,0.0424231688656044,0.02580357842128,-0.226036918221608,-0.121453266292993,0.196035655504282,0.0917559513044718,0.015631764131093,0.0936902928702801,0.0162803023825731,0.123124177918577,1,0.671816671624788,0.246851381949435,0.335502767332431,0.152954957919674,-0.155794245485849,0.0727811321436845,0.0649009012372516,0.22873810533217,0.239098633369906,0.0886029116926322,-0.0771618379733101,-0.0684801028706502,-0.210111762543432,-0.182438430785944,0.0106826072451174,-0.0601349223494178,0.111554877711905,-0.165963203258621,0.145156281761025,0.426163137267272,0.500355059911244,0.27128824159101,0.179426875705922,0.186192457727389,0.219062556286308,0.184652754758709,0.252321332391765,0.351297486159465,0.422029128027235,-0.156462005020617,-0.111298300129273,0.179286500457941,0.047340960526526,0.0772530134564052,0.314507359119787,0.0119571652084332,0.101623351469433,-0.0206217190415572,-0.0106818367502589,-0.150926673582243,0.137814682816218,0.18001812584803,0.131174090073388,0.440903408087315,0.483446809573249,-0.0373490411871077,-0.0334722051353615,-0.0877849468664781,-0.159371540902,0.0355638328818929,0.152763824941406,0.109501217646141,0.0584829439137775,0.201043713020398,0.168816221547228,0.278427484015723,0.273445711891642,-0.0660270137362133,-0.0601084374451815,0.235449708598029,0.279700690029572,0.074077666272109,0.0389292996930826,0.108070389915163,0.173656149086161,0.505174014416055,0.29545971797993,0.629570836696794,0.49459776769516,0.346724575564435,0.479400047440417,0.168963014444905,0.155582473007533,0.210750058427279,0.256666938091102,-0.0149583759810507,0.00841060596990876,-0.100430133317946,-0.0250277400117919,-0.266132925249253,-0.178638820100199,-0.154375451711077,0.0499037152083741,0.108944981339824,0.0060985623360277,-0.10952015291779,-0.138079711795559,-0.220301345844893,-0.21488858330086,-0.00467150425015618,-0.174359186000757,-0.180274604705763,-0.154947138308984,-0.185527786514356,-0.161224791906919,0.0403682842097803,-0.116025412266609,0.111406507853648,-0.0535136695198378,-0.288265202756164,-0.182793886550655,-0.112619455192349,-0.116342503697934
0.458882521871777,0.543454741338025,-0.194831398710957,-0.205257187435419,-0.241987092975425,-0.0880456996389516,0.307449445334338,0.356098872209836,0.0976188042039939,0.119991013364647,0.00652556548344877,0.130095973137253,0.671816671624788,1,0.380651362676908,0.307666012915259,0.0924528007171772,-0.104344270170622,-0.115691079723474,-0.111377186477602,0.032740991544033,-0.0359694966615674,0.142543273732053,-0.151692651027052,0.0499053747709215,-0.233666724561941,-0.135949410914644,-0.0851236297868361,-0.107632330196318,-0.0965654007698085,-0.0937603148368979,-0.0428964774216377,0.374047153534648,0.471909315164701,0.137695539646551,0.0713819673961864,0.0125313410393473,0.0529087282239592,0.212104392757426,0.197126294739177,0.309402093315962,0.404928206044013,-0.218742528676681,-0.177089955364917,0.156899014244375,0.0115993491689069,0.0271916255462976,0.273353471281322,0.07425125313379,0.0477893857945938,-0.00664724466966602,-0.144935074722822,0.0130884635517675,0.245787441048529,0.216433698087058,0.297872296514577,0.651142057851727,0.699368562704071,-0.0491252505173534,0.0421977721602499,-0.0481873445786352,-0.139090265869066,0.106343894993065,0.218513889913651,-0.11119764469615,-0.113992891479935,-0.0109868533457914,0.000699789171410012,0.196355694113975,0.221121325147629,-0.243414020356845,-0.202869482555303,0.0855400824929261,0.15849331819023,-0.0524695325941841,-0.0582683502855339,-0.0468448153017341,0.0944008717028937,0.293815303802803,0.371176348181292,0.498062812044496,0.591798830075107,0.214133388926366,0.623627989537993,0.25310840580013,0.325416496949973,0.234582555858302,0.283980182354442,0.11571415806675,0.213865163619178,-0.0930242851857475,-0.0190951586323024,-0.198845315166864,-0.110026368950756,0.0338186147498927,0.144489137115012,0.140388865708698,0.0403005604038284,-0.0655650790728113,-0.0464944711828963,-0.0780129796372051,-0.0345191189921697,0.0827181489479246,0.00995747797550261,-0.157863400319911,-0.112759028624978,-0.122975224743267,-0.170808768744371,0.033751490581259,0.0506023884073895,0.0913939635506116,-0.0459927935504081,-0.217978272256808,-0.277500755392697,-0.245185982361116,-0.275191022702219
0.474159720498248,0.451943547066459,0.0493013039087834,0.131899634252875,0.346958642615379,0.371688487210438,0.584792900345122,0.447975075819507,0.447867220064958,0.366251307297959,0.440558008585272,0.427149852964164,0.246851381949435,0.380651362676908,1,0.634231006561331,-0.105615162663822,-0.200942560911248,0.153248661940823,0.0984355344290497,-0.192095716568497,-0.229589933555104,-0.182119694190358,-0.215894308232205,-0.0585505396519985,-0.0979387773395918,0.0310636819217939,-0.0464053086405561,-0.0974244136287609,-0.030481733465674,0.0150262003405479,0.0934510874231851,0.514192000692475,0.337056506884822,0.371662398506688,0.303793888138938,-0.0822191499561218,-0.0404569714128518,0.0710711854719804,-0.0888227795200651,0.316572991580235,0.0334714517188452,0.000860800228007517,-0.00351481626099931,0.0598273558283579,0.0805124879227708,-0.05885105162846,0.0261256849582779,0.109906406664704,0.0742481251636486,0.139562967184423,-0.00425079407170852,0.0975718385127011,0.222357185180849,0.0644269097482467,0.156797991692378,0.436512903587716,0.381874533919111,0.261657086898977,0.192055390817245,0.290481493128655,0.140416237937568,0.349386898123675,0.372360535721742,-0.0836540360007151,-0.0694589802188557,0.149211058156158,0.181249378218085,0.292163729748552,0.195724315911937,-0.198775173354139,-0.209685556266991,0.0752414481779231,0.162010753698249,0.165745080114588,0.0719938280443044,0.0936925701980054,0.254941548242486,0.130636193065742,0.0783016619144391,0.0701872695633656,0.287148853102742,0.118061881328169,0.271342547241394,0.145941725537558,0.355219245263131,0.138332919158702,0.1768237854396,0.117403315686462,0.245758567488948,-0.0498136923816913,-0.0534291258986032,-0.0751512935050432,0.0386382454135466,0.0879452143187198,-0.145214761081698,-0.0716939278603164,-0.0417566453491201,-0.0308344394404183,0.0909935305091921,0.148158372276434,0.102257625777005,0.20179868900597,0.101822470564901,0.0581980680595161,-0.0136020421484341,-0.0660528769071927,-0.234447136208053,-0.355133922940455,-0.0783743663447257,-0.0013931026354169,-0.19056254602042,-0.110140266524367,-0.0496846350859965,-0.0310614982977151,-0.0965324967006392
0.430293812979194,0.45649982467256,0.190561450292101,0.250093570497186,0.182176694860071,0.234981635601809,0.328133783493421,0.12841682477152,0.138782814522341,0.174013410390771,0.291344265221747,0.289414023426901,0.335502767332431,0.307666012915259,0.634231006561331,1,-0.0750731577815026,-0.18275609457825,0.2390159766495,0.191899096253214,0.0623843452784811,0.00773778364807257,-0.0691904885512519,-0.205884652482978,-0.0218165620083384,-0.0587459535384035,0.00719969191880561,0.0166530731587969,-0.135630605438056,0.0801357230522553,0.0495595947745249,0.174495000141739,0.358953450059179,0.303572411281874,0.417467257396686,0.399373990132272,0.110834299048156,0.125894749382562,0.0158460718410658,-0.017247560593935,0.202112130383211,0.0491130293346099,-0.117973179044711,-0.0484091147514409,0.104076740018855,0.0581302857916863,-0.013764330249422,0.127944817347481,0.0814633599121425,0.109669721815882,0.0540328071139027,0.01078849050613,0.0202751095075866,0.165792473031783,0.0812151598426631,0.0701670356738468,0.34566445697976,0.321036018153396,0.289217142948945,0.252640183262539,0.167631582645376,0.0782577561977329,0.0595419095351479,0.150722885557455,0.0429731475404177,-0.0116313208045014,0.324664267873387,0.304690602256252,0.510370199863807,0.476783029577772,-0.0940014307610273,-0.0704381573793784,0.199469915335011,0.278214678906761,0.175555360922991,0.157006258565774,0.310772456482959,0.290460924382523,0.223878016469382,0.232326586568671,0.310679338427604,0.387314967229701,0.149228532776392,0.187577835175386,0.166727246918106,0.225628627026332,0.0876845262747008,0.205350504323865,-0.009794638290409,0.111724483950027,-0.00710075784269919,-0.17215382531188,-0.116619158740076,-0.0852235525350288,-0.0321127310450282,-0.118032394193031,0.0194974860351123,0.101004023250704,0.00235889025444585,0.0565782801646266,-0.0507898729175607,-0.0285576606934246,-0.00633057430067103,-0.0585576008449983,-0.0221294661357555,-0.0865619613841578,-0.0288317982338727,-0.191374574843957,-0.360247444201142,-0.132335091582986,0.205970172391597,-0.0426004920116599,-0.115808567833604,-0.00181333160879351,0.0439319300452874,0.0420841248265311
-0.185800384519093,-0.0707702218598825,0.0436596316274145,0.123469895412554,-0.142052115342085,0.05072693326321,-0.0911193985526275,0.0447462997476623,-0.0655554805288985,0.0309521636825797,0.00362700338893339,0.0999990029359783,0.152954957919674,0.0924528007171772,-0.105615162663822,-0.0750731577815026,1,0.259598194257035,0.0916879014882518,0.0900746136145735,0.234334904943047,0.312057037401523,0.262965627774636,0.250520637779956,0.326912495829135,0.134154733303557,0.0755652449350473,0.166708219578968,0.132930692726404,0.315934002407529,-0.0332968785949875,0.0943434526677814,0.078483551544347,0.224685592231689,-0.0363866656220792,0.0732425213822092,-0.0271708417805612,-0.0339462743892729,0.254813010402381,0.135130854589916,0.259892510568081,0.00616422627104888,0.01759482908995,0.011621482795446,-0.100401576503479,-0.161070315453073,-0.0954197946299346,-0.109102381521923,-0.131265751434064,-0.0991644945156041,-0.223614562923023,-0.0588007857763397,-0.160056259314959,-0.224313391428573,-0.116916476205783,-0.125962046170062,-0.154945415401355,-0.0023681561694899,-0.12607178659465,0.111292905462733,-0.0660926460795149,0.0778351300250047,0.0802210911907788,0.246385392010162,0.169013645702185,0.151948496669432,-0.0714647593584233,-0.0221031944983303,-0.232122227042632,-0.0712439604197815,0.0782844044634139,-0.00552239986967625,0.149018636033854,0.146823160106311,0.0653844252962525,0.03168456806139,-0.0584066206159134,-0.109642385289675,0.190783820877494,0.0541194882207557,0.233104285248388,0.185357333291583,0.333649535709625,0.309656181045599,0.0169175754462931,0.102157709314581,0.244588508595439,0.108304040698592,-0.0284352993632542,0.0284036994032848,0.184497010530533,0.131830475846834,0.138825431607841,-0.0413903555444469,-0.195774051428417,-0.0607629304664587,0.0491663164369637,-0.109473354432048,0.138406356687527,0.0925165681461367,0.132338314777268,-0.243596582147983,0.0492491310007716,-0.131008669311555,0.052123031122749,0.0587212761662652,0.165177621460153,-0.0484013885701014,0.0783143055831341,-0.106888736031383,-0.0490201725505422,0.0897822457198413,0.0304772180061888,0.093462796164638,0.0808443348071377,0.0848082248292347
-0.216922551068088,-0.13696828746896,0.0490915087186679,0.0696878627128713,-0.00584098171138409,0.00374355185003123,-0.11965048770671,-0.0337815893129315,-0.150489769070342,-0.02422590016523,-0.108870261143601,0.0456819790770403,-0.155794245485849,-0.104344270170622,-0.200942560911248,-0.18275609457825,0.259598194257035,1,0.0464241033637343,0.0768517001848457,0.266180144399695,0.276404222079941,0.242582244964581,0.165008106678787,0.251397870134182,0.0771562150275561,0.154524444765594,0.0790767451733561,0.126412159622404,0.168529728554425,-0.0725426109821856,-0.00173308394974202,-0.126565954056659,0.150640950500315,0.00218816650515252,0.0761938370725236,0.0483110921720932,0.022947419836271,0.0448587018175409,0.0663443233064947,0.0566695755545407,0.0375259625831886,-0.0858192852401593,-0.0790536020611682,-0.046564084309848,-0.0684606492923387,-0.0631647655202385,-0.0432539378216912,-0.00963242653655478,-0.0670286023943029,-0.184659524787972,-0.0679344846085727,0.138647623356415,0.0124019997779956,0.105729096200417,-0.0386111544755225,-0.138724101180283,-0.0198319774581585,-0.149495019830639,0.0515137981486097,0.00369906426372849,0.103105178371889,-0.0826994465460348,0.0185786671041518,0.0373918352887598,0.0755025125520809,-0.109046291068724,-0.115210018880125,-0.0714349868764355,0.0411311897815046,0.0994888625237269,0.196441324723762,0.178502417194644,0.173930533096623,0.0374632522797411,0.0876000089564892,-0.0693996364162857,-0.0314912647128084,0.0251072954567958,0.0837455303587744,0.0205445636818921,0.0411146796345538,0.162092557962755,0.116990889817627,0.0133885272816931,-0.0446398554627228,0.222843149088345,0.115014789707916,0.0612894321444708,0.00160048769503896,-0.0280109625581427,-0.0462382039242008,0.130189030778816,0.0327250287805435,-0.16372214102682,-0.0379893594676832,-0.183258407610467,-0.281446972637272,-0.159930210672427,-0.179081880221857,0.0179905708621649,-0.053842896401288,0.0289429034636098,-0.0933522137595974,0.057190439593908,0.106677975648363,0.000370787230066275,-0.089225787016379,0.01035574757672,-0.0458797057842752,-0.14604928757145,-0.138339226674345,0.0628686611177308,0.120586444147083,-0.00912760434392328,0.0407333120660029
