1,0.776119119533987,0.0718399116956305,-0.0782039991840513,0.285990657843254,0.146586357737794,0.524575102411522,0.359632367544858,0.468489518245098,0.415495703724605,0.297691404948774,0.373363954224669,0.229614723210888,0.230428678770483,0.696650115288164,0.574366375861024,0.0122332947391287,0.111991137976931,0.140293458139955,-9.69615890383048e-05,-0.0242860584878367,-0.138869525942506,-0.0252882621708965,-0.0835732689753959,-0.00311333549975681,0.0756789643132663,0.156174375462987,-0.000115567586346135,0.245051219533482,0.182025323090458,0.252817432210524,0.0136378657453606,0.285446386912074,0.229485084576246,0.231906687166998,0.333210686809571,-0.0557261350984072,-0.156365719195945,0.124758781476646,0.270093695579586,0.265094516132927,0.212618147671375,-0.159886906368551,-0.153937842260712,-0.00947980250470872,-0.0791205260553959,0.134847094665755,0.241348865714974,0.0837794085690831,0.0360269542268705,-0.0173917135867913,-0.164413267014515,0.196136483656372,0.33359708815972,0.127085455612385,0.228306358931474,0.726572036607218,0.708795100444193,0.336216075211974,0.39675631797087,0.44713536486991,0.354434571771932,0.590993964210109,0.480957340159176,-0.0172822411774221,-0.144189919108423,-0.349718540779827,-0.236714580601949,0.461886328170083,0.281889109322822,0.0861676351263812,0.0296223649191396,-0.0260893752618486,0.0203554113487008,0.0372160443690169,0.263340595637569,0.0548106631896898,0.095219008391357,-0.0415040747366478,0.219543589951942,0.341872546779394,0.192621480767705,0.397670207698201,0.512069980404827,0.336482309627511,0.230495165872562,0.12928400918009,0.346279024610243,0.21037774088051,0.341295987886921,-0.0476306447071968,-0.030392762374864,-0.272110101049989,-0.0290618842421595,-0.019428289978375,-0.115921386951046,-0.0216448083151892,0.0833562324146302,0.126418623174918,0.259328477612041,-0.124762274336892,0.108468499900779,-0.0565800197308799,0.129912002119737,-0.321558319904397,-0.268669345364083,-0.0589949570397072,-0.0810190537728659,-0.0036138399275921,0.0158076936121667,-0.00784028893821973,0.210079564491068,-0.0198022723122553,0.0616510068186556,-0.0519851366420513,-0.109236614103784
0.776119119533987,1,-0.174786127199652,-0.0133401945456947,0.102915288335128,0.247874993289182,0.346889985006647,0.4956388712092,0.348314518631601,0.450297255283946,0.343218313183146,0.354185049222328,0.306223778864553,0.457963081640322,0.628587810736557,0.632224445971285,0.0209137465515846,0.160000877494224,0.00828467634841868,-0.0237871974319835,-0.104910816757868,-0.115155005424237,-0.143990435492005,-0.151407809641679,-0.16949729985626,-0.0268886562245844,-0.0431502556698447,-0.0712288093938149,0.0578322509956888,0.112183646195352,0.153416954718011,-0.0604766602796606,0.375560498658512,0.370167434758036,0.247056928455266,0.438383168735717,-0.176871680798971,-0.170811618692217,0.149472440390364,0.205787946811049,0.290509901321983,0.268836697181617,-0.0564429187595474,-0.0659728089136484,0.0629483906445023,0.0395783287918737,0.143133698600993,0.186378315202797,0.137343391492171,0.0653468624604938,-0.0689854079111063,-0.189376130406911,0.181946873655045,0.234289767948095,0.19833642412628,0.218479771528706,0.747272484262115,0.830774189339952,0.165442158847559,0.471720245366682,0.26716246170643,0.418561460951915,0.616460354993458,0.630164732813181,-0.176594090053638,-0.124791574684045,-0.334816001874662,-0.097031384182349,0.52099986329709,0.473642205230211,-0.00689528377653684,-0.0405731466930557,0.029517866675604,0.149454605595666,0.184327661096823,0.31117218886841,0.114841814972285,0.0247595390394733,0.0869560843520701,0.38981046270579,0.519560013484654,0.292628771169337,0.376341890358592,0.535256295912948,0.342447235427686,0.28454757349874,0.00627295014492843,0.392271733026967,0.0850389716990318,0.317128842452432,-0.0430169315820863,-0.107201301858969,-0.293222780037711,-0.149662314369035,-0.00359103485374716,-0.0443590821126679,-0.0462782135759887,0.0716621045838092,0.179581882949562,0.175427034042826,-0.164929299891134,-0.135698261338929,-0.0610537096103104,0.00853441352113488,-0.286116250904354,-0.356868921284784,-0.0830922583723705,-0.196833694962385,-0.0354367171810133,-0.104757596323412,-0.0610062903170707,0.231425016642558,-0.00866915427738603,-0.0912193743459985,-0.157528362965622,-0.173151777991031
0.0718399116956305,-0.174786127199652,1,0.345790012898724,0.732324762072154,0.228814387138481,0.0474347803161264,-0.0169564151018011,0.0653664937586258,-0.21867012112679,0.169248643558419,-0.0741193701955963,-0.22769502411647,-0.296142749770779,-0.12174340016472,-0.320309226998947,-0.0905718454777892,-0.149194933839911,0.475533389322618,0.22081379695678,0.408866792916147,0.250877961884947,0.374519327082492,0.14112375822056,0.213448725919423,0.114333821984347,0.359463672985087,0.191195977712495,0.321879208678859,-0.0835576527625769,0.298238259924907,0.119915177887945,-0.172103526020548,-0.271931746405951,0.0624850050587577,-0.0167627579072044,0.363176213526538,0.0656958603550956,-0.130655822623464,-0.0941242043618746,-0.279998586950203,-0.26692527861316,0.0418475163156286,-0.150214975189316,0.201116803607657,-0.010407382752645,-0.119219616808617,-0.142547285780356,0.122362869588788,0.259619671587736,0.403008030923783,0.310590002779406,-0.0711308425880716,0.119480689942952,-0.0489091455020573,0.08881017334566,-0.0205289058383564,-0.080200496296538,0.232675652607224,-0.239821139821797,0.414819249743836,-0.159548027669429,-0.256609504380814,-0.389437571327892,0.73773538246517,0.425212724283069,0.236245461130194,-0.252704637781915,-0.227824068991625,-0.273306102173972,0.154900095020495,0.171359199605288,-0.138664465879962,-0.0407164439159119,-0.0923607556118305,0.182691715497264,-0.429596136999065,-0.232152490163726,-0.0914923067495674,0.0199304357687295,-0.130504044082125,0.176568736585876,0.0499111869477255,-0.0503647178654911,0.32831416747134,0.169179076033394,0.16033497328007,-0.136361596954775,0.37587850512013,0.000407033870679338,0.123892152490699,0.395083814682074,0.232720982548539,0.415054039323739,0.067647125211846,0.0690922036491522,0.0496635705790668,0.208878098149561,-0.0338761298193847,0.195323186167719,0.0351020794887751,0.443958699073552,0.148604520223564,0.304560933596396,0.122263836095757,0.29946192100478,0.0868777770908442,0.228533630786782,0.122484126164448,-0.0343457649948744,-0.0428127109260646,-0.0213935455761524,0.193815364455019,0.249352485839749,0.360506343542656,0.0750581442800694
-0.0782039991840513,-0.0133401945456947,0.345790012898724,1,0.371144733061559,0.555805409114131,0.129389146411729,0.130859710878861,0.0709529280107259,0.185501295673833,-0.0471930397876745,-0.0102643629403401,-0.0013526885089638,-0.073870235138935,-0.17631655813344,0.0179253839290116,0.0175354816100547,0.155968519022454,0.20268884563198,0.385692803187176,0.200276496823643,0.375505207305017,0.0129521024860022,-0.0261165478389243,-0.20853229207486,-0.0688495397050725,-0.0753300370296384,0.298760252014812,-0.209534078153837,-0.0703353707351073,0.110673163906815,0.118728596711932,-0.156482556671565,-0.143449042107917,0.258566035246027,0.271374691090827,0.147523095985239,0.221086581149346,0.0637348072601064,0.0292768642034252,-0.0076569231035238,0.0491784937367626,0.0707786264980356,-0.016599872156207,0.308399361769337,0.480526402145444,0.142788329450586,0.114642565236946,0.093259002515581,0.301327720630198,0.177702528592565,0.207663168500526,0.0879452600804243,-0.126482232667786,0.0904753714200095,0.0629375653304182,0.0981456061965568,-0.00560790356384689,0.0503651299196294,0.105599551423972,0.192541757684348,0.260185872265612,0.0711028300203256,-0.019133774015414,0.302666274376889,0.531245656155579,0.324503797220094,0.292285425598984,0.0612450732403619,0.0317336776199616,0.19135114679174,-0.00555058190284674,0.0132802558792424,-0.113582958587311,-0.00358120945142549,0.0364446027368544,-0.0433506627466321,-0.0641081235246345,0.0546683320502863,0.0648328637306889,-0.0115422165942624,0.0573012362127238,-0.0569807943950062,-0.101943968666135,0.222630388442537,0.323136387976772,0.122310572219018,0.146464224522927,0.207617796234423,0.207308029772793,0.206314598474342,-0.0181456356085651,0.150655953590925,-0.144211949124126,0.0490409497855675,0.0892937702723257,0.0638348401722705,0.32357412986592,-0.00347230060353931,0.08597760497669,0.125215240549509,0.0561531616622688,0.196735194965831,0.113328721097607,0.18027104200187,0.185626207225453,0.0315956499391023,-0.0787581140872907,-0.0261011602965029,-0.00844439559101774,0.126692788084312,-0.0280636300850166,0.0769112850788573,-0.0611980342437754,-0.0552887755002101,0.0229119168102924
0.285990657843254,0.102915288335128,0.732324762072154,0.371144733061559,1,0.482007883775049,0.284994512607598,0.216007955652668,0.34833642678764,0.188274729056069,0.238458806820289,0.107314193013632,0.0581441794101087,-0.144485752071839,0.131010425704575,-0.0198176543673347,-0.207188483768757,-0.169302786924273,0.276069980165779,0.0721888274613992,0.185778763362599,0.148163328370015,0.15442355337639,0.00813371755699552,0.162712226057057,0.0464181863001329,0.295809147557364,0.193153194064487,0.283895958161714,-0.0964260121688561,0.246521731813633,0.032970445940715,0.00514319515709493,-0.0282747903837136,0.19450065275243,0.163949207088738,0.171605678185382,-0.0821601996364312,-0.10709951493538,-0.0975405036937556,-0.116473491227679,-0.133609714631533,-0.0192257140818132,-0.194771138040713,0.165018868678417,-0.0181884431486586,-0.00587750712466189,-0.0496893420308892,0.175487533030338,0.368486608121852,0.318414929279141,0.195610874677823,0.0272585029770016,0.137766799564339,-0.034951497967347,0.122350476444012,0.204208389268006,0.0734772385692626,0.285806126933972,-0.0862241993750059,0.570572151795266,0.137928244775664,0.0487464831472106,-0.0435965854488062,0.514799226122015,0.336534994707222,0.171640342734082,-0.123872570937993,-0.0233088766411756,-0.0862221370549764,0.140286182806684,0.164132263277515,-0.0632134461368723,-0.141772192450752,-0.0804841733686244,0.175255659157641,-0.287165084086218,-0.206850404452641,0.0393379931499094,0.147864213102521,0.0993844765759075,0.18413511173785,0.0269502978183628,0.0733841253746271,0.221985846264433,0.201446834377444,0.0252697341677889,-0.0580819344380358,0.244372503690815,0.00978038786573218,0.076369106259376,0.227649108067,0.0804314665337383,0.1471745431333,0.00171763925922331,-0.132925955472798,-0.0984397966806027,0.159871484045062,-0.0238159262856713,0.201292110424974,-0.00595592635477052,0.318977034268314,0.156268079200891,0.204033006370865,0.0408660736857156,0.14577366334297,0.165919136490774,0.0158289986313512,0.163209295278483,-0.000438916701179265,-0.0234374786824762,0.045823042933081,0.157540091380916,0.0861543040551664,0.175304753033886,0.0675689781296383
0.146586357737794,0.247874993289182,0.228814387138481,0.555805409114131,0.482007883775049,1,0.209576398594511,0.44656493665469,0.242927093170417,0.427437312185775,0.0361979991272919,0.287478598462507,0.0125415091338513,-0.0238706034480835,0.0182456400799085,-0.0978650375255595,-0.228870724210239,0.0653413290968751,-0.111553576564852,-0.0410828322971658,-0.104448005012701,0.0770816200484802,-0.3354284460536,-0.292033603353261,-0.00281133608356249,0.134976542309589,0.131204484623357,0.445560455989915,-0.0880936307763013,-0.135867742600054,0.320557550502324,-0.0231639910845242,0.00352368493259425,0.208102700323479,0.388605547224171,0.483514632304106,-0.22633498500163,-0.0129526691325389,-0.0330973594961415,0.0546353359491925,0.0495693129511938,0.069761940000595,0.0420311690063415,-0.125424273230657,0.203433200158124,0.296854609212519,0.194043375658859,0.178635717465493,0.198301294128189,0.214528532510904,0.101005847885266,0.0889839335223972,0.182727987947509,-0.133489679489853,0.157813460962554,0.109642156923726,0.207671402604545,0.149081006162474,0.197913472416223,0.238190395629073,0.542463047539879,0.641217842336153,0.114671816703057,0.0885676858339137,0.216452864801347,0.575009576928604,0.194559870020437,0.306461547576087,0.0124267972805381,0.0127507845593703,0.0188978401204288,0.0237881127858873,-0.0116606427742979,-0.102566816334337,-0.001575999780217,0.15536245036931,-0.157124884846176,-0.193776623922719,0.0780205994376457,0.0478348543288956,0.148517435297097,0.110120881474878,0.103427036452932,0.16658390081549,0.157085169303095,0.291069402955986,0.163464573777346,0.0929149003807352,0.205088103045602,0.0962924781418567,0.0646196369190788,-0.0752554035473974,0.00662658749076908,-0.196857851749129,0.0799386771078327,0.13738158923153,0.0454017205838558,0.163393993545957,-0.0166854792194123,0.148482831674704,0.0668358724603578,0.0461789440225064,0.141625634414458,0.0327697516627859,0.0470458090494994,-0.0579769583244203,0.11248764845818,-0.0467780806277314,0.0671851935494178,0.0401491350132997,0.0650061313411499,0.0361073362919712,0.11778965092523,-0.0992553333727441,-0.022792729575433,-0.0802821131757633
0.524575102411522,0.346889985006648,0.0474347803161264,0.129389146411729,0.284994512607598,0.209576398594511,1,0.33280518796562,0.757770724358629,0.560820042094336,0.0129152771114464,0.403932574368871,0.511661931559655,0.0542877171028171,0.394491582129771,0.360459239441432,0.0292358932834801,0.22763953064214,0.122966328243147,-0.0562512060960529,0.13485140325972,0.0473654641736412,0.0871613259057429,0.126182214978858,0.0505486439659592,0.121040876515391,0.0998800688436383,0.156142267359411,0.15119296884957,0.292105948663574,0.353113203619247,0.0141639484981875,0.132930196129712,0.0650517515600691,0.172912712210085,0.242803945479654,0.258433853228632,-0.0284421823203647,0.0811874024711038,0.233427738031697,0.216527037589217,0.230194625945036,-0.187027433059613,-0.180490958118601,-0.0326900636144529,-0.0238309911746077,0.137076286960433,0.179994352536193,-0.0894308463428568,0.144370318265491,-0.153589249875607,-0.137455519626674,0.229945544535379,0.083208658982898,-0.124613881521372,0.0308101378499144,0.390264590305475,0.307975440559128,0.109143439325431,0.222883755248673,0.235014512557704,0.24658012250589,0.519215150107971,0.449841110565429,0.0760959057780926,0.0798293803553624,-0.231446774087847,-0.0726367555679995,0.247666888933014,-0.068651355111618,0.360258545255345,0.196657779463443,-0.0906832516117369,-0.232737280582341,-0.243139553690572,-0.0671364425831876,0.0933097242433931,0.132615187929778,0.0779725431705142,-0.0536273436726489,0.163263289990829,-0.121536479576576,0.128178837291614,0.272451256358355,0.251493022005238,0.0716213864874889,0.156147207826491,0.358393630165811,0.255387781865398,0.300982660117584,-0.196046849102126,-0.151580247481729,-0.47150831620512,-0.318327595944192,-0.175466532838331,-0.18836194023921,-0.0515099479398433,0.0266316320168998,-0.0216070679585122,0.0652939076122509,-0.224007280037309,-0.104466345604118,-0.150463208054772,-0.0487833631458313,-0.335621792427465,-0.172058380357966,-0.0813100096678406,-0.0348898658988942,0.0379554667274052,-0.150851919432412,0.108698139627007,0.0311013922208339,-0.228080866405652,-0.257953599786277,-0.15848238071611,-0.0490954199173031
0.359632367544858,0.4956388712092,-0.0169564151018011,0.130859710878861,0.216007955652668,0.44656493665469,0.33280518796562,1,0.447872500729756,0.640552811230488,0.339584573590115,0.388155055886791,0.286173769271558,0.417661686518018,0.198951200048466,0.169490294042783,-0.0969981492702165,0.239824902270472,-0.0188044235445133,-0.0558073381158146,0.0303362560871054,-0.052519705584913,-0.162954289320564,-0.0579485897007469,-0.0477788137499748,0.145092260312361,0.261830292318612,0.265554053627561,0.206358958901277,0.27684280220764,0.243035272347339,0.118297440200161,0.408889581266242,0.353814775639426,0.0253807998709297,0.238204472903201,-0.138865186395325,-0.181851611706783,0.10482387592114,0.211951595105126,0.294096571915038,0.245585900736307,0.0796193646239773,-0.0629459589561045,-0.0658317195010469,-0.125797545838166,0.136343023304785,0.249501589189496,0.109510651443755,0.145048771087149,0.0512572667420492,-0.155309767150796,0.264084695919837,0.145685882817231,0.20020570070683,0.219261236960289,0.297133126584011,0.351192052768523,0.200545763644187,0.365231419538529,0.385845593169399,0.490369369856568,0.37046672997584,0.363092555570265,-0.0442671528718136,0.146307921063792,-0.32248278192701,-0.14099826690447,0.0397353159436207,0.0529684639168964,0.164870573533042,0.177058553761526,-0.0757887345395626,0.0269914950989231,0.147029183278946,0.224352045363581,-0.139456230006076,-0.0437951222759662,0.219756816630176,0.322331883485348,0.445257623145341,0.276304676277105,0.296907194254098,0.251607698603271,0.33186991023751,0.291567017374123,0.0493012812397895,0.297987092997326,0.344917092686827,0.279298451819262,0.0120105256623878,-0.0191395520913032,-0.253768863103149,-0.138962278981857,-0.297731771452926,-0.186337803229235,0.052539401938898,0.0630184338078743,-0.0278807903728132,0.157668044908599,-0.151417471408763,-0.12935852372629,-0.00913884339165483,0.0725920932022625,-0.238816009295625,-0.251328977465031,-0.111769611321453,-0.0844064594704162,-0.143698370144659,-0.119613161495565,-0.0110587065440434,0.124257700388006,0.176927263023815,-0.0798312587864085,0.000889320996269838,-0.25340940998294
0.468489518245098,0.348314518631601,0.0653664937586258,0.0709529280107259,0.34833642678764,0.242927093170417,0.757770724358629,0.447872500729756,1,0.604988238650568,0.159494330215174,0.452803566868453,0.588154651956608,0.32889870523715,0.269600503052835,0.249407899522041,-0.0213292358022268,0.101244998451026,0.0937937091350037,-0.115229270071701,0.0805978915066419,0.113890474415369,0.0497828892078417,0.178263371100852,0.218004151663502,0.225427676842445,0.211878738905754,0.0930675316501815,0.373500130464385,0.269401326260114,0.263318449172111,0.00652738855682071,0.458134468917032,0.274761047527195,-0.0185014038129679,0.077013499553899,0.144251160297183,-0.144474043497058,0.178063399863681,0.247667324721592,0.357466157590603,0.222947248210383,-0.101904764621132,-0.0310452321413693,-0.0770661429157801,0.00358085071208532,0.198506735026995,0.19618863329098,-0.0727685734429472,0.201300607183198,-0.107301928365643,0.0156131550881675,0.30169324505496,0.0951148844938737,-0.0157224829563587,0.0327787581995444,0.273534728901764,0.284316871719916,0.33117565184467,0.353330142526939,0.408354048693523,0.346687673111545,0.375736124474811,0.476248834734111,-0.0340750324301803,0.022175031526304,-0.181524115429412,-0.0960115759702615,0.181940894466472,-0.0289062067122631,0.371721899466759,0.335986790099532,0.0157222052805123,-0.135932956613271,-0.192626442769253,0.0101888889358121,0.189513976067718,0.260713026487369,0.312663173175931,0.19477474582067,0.388872821622297,0.0697945135260709,0.141365779439115,0.267033245120555,0.217776237874395,0.0586012727183364,-0.00500838996192543,0.354300483301121,0.266281844554735,0.256140611335954,-0.131301699959796,-0.198030032047811,-0.506407325197383,-0.302490417732524,-0.270229698809169,-0.194191330275182,-0.0850308748582305,-0.116925955171738,-0.0206028625768364,-0.056427472886594,-0.217278203288833,-0.0280118133548095,-0.169957445346191,-0.154079801599405,-0.562485845225336,-0.358069745576377,-0.079420276546583,0.0796666517087946,-0.033500042043951,-0.237039095738567,0.201570320901193,0.0608112609450337,-0.189726049670675,-0.357684272860603,-0.254244428498119,-0.236805568715111
0.415495703724605,0.450297255283946,-0.21867012112679,0.185501295673833,0.188274729056069,0.427437312185775,0.560820042094336,0.640552811230488,0.604988238650568,1,0.260674127251886,0.448439545076089,0.466768032438693,0.323810484189728,0.31501959928447,0.352965178641681,-0.0913638000857278,0.220005318560757,-0.0422675837828122,0.00102461810697566,-0.0836073654798745,-0.0450866569552766,-0.175762128797628,-0.0508820776071341,-0.120475496484122,0.0530188883575984,-0.00821671291515435,0.13080801771427,0.0202179122061604,0.298123133909557,0.132029736179379,0.0602017388619036,0.409706158511097,0.258936826388958,0.0991001800178098,0.229079774717621,-0.0328529623029861,0.0447980298849192,0.0250743509866246,0.209957672915877,0.305325022138809,0.310953204690855,-0.0626751180964751,-0.0316333984229028,-0.0161668850983573,0.115633392031039,0.0759668320908084,0.172321748652459,-0.10829268981205,0.0695461641332201,-0.18373176305774,-0.267896677127987,0.226060671902966,0.0124314187938869,0.0108822912845054,0.0537616742690988,0.322645247847318,0.284557067547518,0.171716097533567,0.445255916333195,0.354514101737961,0.565989913808497,0.465795985604313,0.498105081585507,-0.129054247500045,0.0707286456170885,-0.173627644484837,0.1218890674616,0.222872623605961,0.0618014061698909,0.0567659471630718,0.0159645221978756,0.0276489919506724,-0.0564647939883323,0.00591707498177406,-0.0179687786188461,0.181161869267291,0.157284250281467,0.176420976579426,0.19446400903332,0.327186550457304,-0.0555367938956089,0.168546583263337,0.196085669190226,0.224623897405375,0.164711600082215,-0.0504740614155507,0.388061089859345,0.156603186775951,0.302592575105864,-0.00261037949711699,-0.099664285871104,-0.230510748192025,-0.305436319431576,-0.137215555620968,-0.197143498241618,-0.142848009361475,-0.138794416247277,-0.104612115649748,0.0489369461068568,-0.0651695048157323,-0.0999963596548324,-0.0423785628501721,-0.0445559325564347,-0.229057720041909,-0.273359483443963,-0.000144177780082792,-0.103517673357116,0.0622893213347534,-0.0177196319997049,0.0610875042555382,0.0342199612964426,-0.0726773794492521,-0.252036932590313,-0.332378441664268,-0.173148964416071
0.297691404948774,0.343218313183146,0.169248643558419,-0.0471930397876745,0.238458806820289,0.0361979991272919,0.0129152771114464,0.339584573590115,0.159494330215174,0.260674127251886,1,0.298642013037025,0.0906964647581507,0.320972417319027,0.287068453981474,0.202867613901049,-0.135369091016703,-0.18444084261902,0.28078113685724,0.262198444863364,0.145592318186727,-0.13535382030292,0.123046500896714,-0.105114789380802,-0.113027963536427,-0.157731472801751,0.138995664851273,-0.0443202488738376,0.180956127290486,0.0360140786810583,0.254158909791956,0.337219550456061,0.599716220635357,0.246564604012295,-0.183726369548902,-0.161301125192139,-0.244311599010294,-0.239120104289506,-0.0223525978539059,0.118720569171872,0.0338924097476352,0.0169122857618163,0.200516564768612,0.14504613659637,0.0376362986832831,-0.0895273352273477,0.127183199560613,0.126859862859518,-0.0123762900795199,0.0314239733080773,0.262042138612317,0.0881826387238405,0.128632583884365,0.179599416229945,0.293624923046688,0.407503289783503,0.204014936891458,0.236174635696537,-0.0313900260143555,-0.01470361071377,0.240659078469772,0.0756509644157549,0.0416716115140239,0.00803183204414188,0.210042093145706,0.0739361627485548,-0.295225511735618,-0.343202593532913,0.19896445044226,0.302628797380109,-0.157953275716554,0.0032658441929722,0.0476958850290016,0.307411209184036,0.318229512351258,0.222243410135303,-0.073435986096855,-0.0164518702624788,0.171414957216572,0.534460545673503,0.495267720441674,0.477202030557097,0.612900057139639,0.273442957566037,0.58837569244757,0.443030167292134,0.0198347802447469,0.212460078389684,0.241586451781206,0.236768856874666,0.438799570146849,0.363924786587731,0.178199096759792,0.269631192202174,-0.140137068835525,-0.147527088112364,-0.0244745650395814,0.0888150582844289,0.190588785404174,0.253674257281733,-0.163307996112165,0.0455163530514192,-0.0510404209702426,0.00192106124268372,-0.100097807400022,-0.12644659823266,0.0918321547623529,0.0469724434146664,-0.0464792111960115,0.0307475097457575,0.0643436888500335,0.259453595894471,0.256747518102689,0.0920766435796552,0.074452567034689,-0.19236936404922
0.373363954224669,0.354185049222328,-0.0741193701955963,-0.0102643629403401,0.107314193013632,0.287478598462507,0.403932574368871,0.388155055886791,0.452803566868453,0.448439545076089,0.298642013037025,1,0.160293325908962,0.0495594636494524,0.28137187083624,0.105313860020062,-0.144000116498316,-0.0306530637188685,0.252473640025055,0.230956294035406,0.136108516897355,-0.159776501587328,-0.00707261292632277,-0.150397063785089,-0.121803650475519,0.180365844786645,0.319575701593643,0.248839093008249,0.236818398690242,0.388469016459146,0.58411910669592,0.117182026377363,0.333311162347116,0.47654482969505,0.142468054789954,0.206110223910914,-0.188938455957221,-0.174276421952832,0.00595744725011114,0.210856551452013,0.255518558277649,0.238615938339456,0.0229048205045097,0.140005909754858,-0.209021796138391,-0.124693466687345,0.360715012073101,0.439186003103883,-0.184317006907581,-0.139933779395395,-0.0968994722339733,-0.139345388274931,0.297636041451829,0.025448139816844,0.032498188248803,0.12059656393186,0.278002038182243,0.311716495555937,-0.0662955983931861,0.20263661641703,0.279808091660339,0.368735598162798,0.363080934985294,0.27467559605967,-0.0481534981121096,0.0829870168183348,-0.416077748211981,-0.118227773088781,0.194843801121413,0.049643992633174,0.100796969351692,0.0193598862213517,-0.137336816845381,-0.14130926049466,-0.0322293702652082,0.126851797524632,-0.069954055568826,0.048906409339539,0.142534775480976,0.0850304481172408,0.253719669540523,0.136868911281445,0.396841552326644,0.356929956746575,0.380793671917949,0.402659377155993,0.199653133234982,0.365261775963973,0.19252166235899,0.243171114588004,0.0691430686439345,-0.12770175695068,-0.289968543252913,-0.148938053025219,-0.198210682085344,-0.0578818514374898,-0.0167678445714422,-0.000201516890172689,-0.0112748758538137,0.0351110625486499,-0.305815303723134,-0.0977754362326256,-0.102418730706018,-0.0393277700605913,-0.319037431550863,-0.363881998264002,-0.132500215972198,0.055559630771849,-0.160235427218652,-0.111231661243872,0.106083198031053,0.0133740662961631,-0.0827297606847431,-0.114814554699576,-0.0980901272052343,-0.135518169915862
0.229614723210888,0.306223778864553,-0.22769502411647,-0.0013526885089638,0.0581441794101087,0.0125415091338513,0.511661931559655,0.286173769271558,0.588154651956608,0.466768032438693,0.0906964647581507,0.160293325908962,1,0.630894282246345,0.252823347459527,0.455453725271983,-0.114235911770735,0.0736636800282816,-0.195103784991116,-0.211871387941425,-0.110753039592508,-0.0475602103351939,-0.0521597133656636,0.0567564544457741,0.0643550369169118,0.0771347395201035,-0.067275615410919,0.0409695789129925,0.0476450260302365,0.140880534928724,-0.122105476418503,0.00902263663437443,0.492094405694166,0.190916629594016,-0.190797523335378,-0.0986040223306144,0.0561467072385792,-0.22268345323494,0.146664931725385,0.125519149810095,0.213868391246091,0.251864913094421,-0.0553408651362696,-0.0453899728923275,0.0835379785383615,0.101534939690322,0.107577373143462,0.0941616608362902,-0.0379424512388638,0.25034850503947,-0.0877579716219733,-0.0607258018745914,0.231657131118698,0.16339961629916,0.0927705225628185,0.127567274460314,0.176474503437088,0.244045284053782,0.140681875028783,0.308295676115284,-0.01969449480237,0.100443801765573,0.351843823207892,0.544547377423745,-0.190126239288444,-0.0788292307897896,-0.161616059189614,-0.0231131211433387,0.383789410433638,0.176353694438285,0.255941336522841,0.368420514804426,0.178828442132449,-0.0881210696076303,-0.101802771786737,0.0479783071077687,0.347650492370891,0.370033033497522,0.513945497239427,0.314512040849861,0.524126792388727,0.133906027144622,-0.0545103466477041,0.133615258896552,0.179472056450183,-0.0489432428720658,-0.263066118639468,0.276946489703193,0.0253516888120646,0.221107035320167,0.0394030056484055,-0.0927875874113613,-0.351128228567598,-0.317181725446733,-0.182889215375449,-0.15899181404041,0.0174752821010169,-0.0152883422627489,0.153219095306218,0.0293167068428904,-0.0958380104016804,-0.267806427665863,-0.141468053983618,-0.241235145842072,-0.466792797065248,-0.311457663131129,-0.0242798231275519,0.00513507737920243,-0.0158827951983801,-0.165076972614788,-0.00578512104259149,0.121737399034215,-0.0710045243811415,-0.345027762567731,-0.305557597401498,-0.218850656070434
0.230428678770483,0.457963081640322,-0.296142749770779,-0.073870235138935,-0.144485752071839,-0.0238706034480835,0.0542877171028171,0.417661686518018,0.32889870523715,0.323810484189728,0.320972417319027,0.0495594636494524,0.630894282246345,1,0.194318026203406,0.430420902538508,-0.0926189196909402,0.046305856669572,-0.255713017815766,-0.174503362955339,-0.23047889922948,-0.0906020489784368,-0.186246440821661,-0.0630245146479795,-0.0252765767524585,-0.0112112264805414,-0.191913644165838,-0.143001201246396,0.00450158059541088,-0.0352069383076667,-0.238260637533689,-0.0389421167163047,0.6583405981958,0.418181372026914,-0.220335066521366,-0.0506782716589483,-0.228796254716863,-0.369570849510881,0.133596918861929,0.134957064032301,0.222996906135533,0.246143843814259,0.111895348980937,0.101329944112093,0.0939875168217993,0.11918963651154,0.0984779418491618,0.0808781837101781,0.127298713211629,0.2017580099831,0.0212730655290969,-0.00580761041942662,0.275986518843445,0.235347483326332,0.255560368699628,0.236625432960501,0.210767211742136,0.412932885909061,0.18899494644863,0.429684544239442,-0.00385531903321822,0.177242726979568,0.296025487674,0.508886461074179,-0.311802877875081,-0.143919951446278,-0.185970239654799,-0.0521106642560299,0.374050515954947,0.403116601323143,0.0434613720565626,0.23611962857113,0.353245133614638,0.286159363957054,0.278031926585257,0.239517305355009,0.248062040121724,0.260074241350248,0.504180907190063,0.586367791797981,0.673112788886897,0.483510949622233,0.149730859867507,0.250968645391283,0.246878234678705,0.0315114266861872,-0.307167243273037,0.302551527074182,0.0138041728153548,0.204737377326675,0.114211095793587,-0.0524196604122517,-0.211393413929125,-0.172470961956769,-0.176621550754102,-0.114965624344407,0.0152205941725824,-0.0330273944455617,0.186900444215497,0.0314748972352505,0.029813629779653,-0.203902975555614,-0.0927124258150658,-0.15658066599531,-0.400970668427434,-0.356993224905461,-0.0035107299304614,-0.00961824467688096,-0.0900375006872875,-0.156408548814422,0.00872161432166484,0.201102051104983,0.0857632330635211,-0.243055359086889,-0.168346055536929,-0.396337375382137
0.696650115288164,0.628587810736557,-0.12174340016472,-0.17631655813344,0.131010425704575,0.0182456400799085,0.394491582129771,0.198951200048466,0.269600503052835,0.31501959928447,0.287068453981474,0.28137187083624,0.252823347459527,0.194318026203406,1,0.700354972436625,-0.130016056378456,0.0068702069285962,-0.0490306541273421,-0.0463534807875427,-0.231819822512989,-0.320077093699769,-0.0693644207618764,-0.13634427814111,-0.0881927177910907,-0.0265514365121706,-0.00873046254996555,-0.0584108712279264,0.00996651509442845,0.122392572354118,0.0610423749929529,0.0220895215307404,0.296172853408782,0.213108553438905,0.124204697077133,0.223200676891883,-0.121410993881171,-0.176248476162004,0.0642075164092584,0.077787105885487,0.198408258242853,0.116538463262123,-0.144653040872572,-0.141618214839106,-0.0670663045863665,-0.101032505244624,0.0211036946757619,0.0815676240744258,0.0712013735023326,-0.0404678179399588,-0.151718918312678,-0.246101373721123,0.114039643190847,0.0931620957137047,0.0847396535379866,0.139954741402788,0.484574319152816,0.490947451903306,0.0686651602424953,0.237136888864631,0.1459179269158,0.227044890839289,0.477567046722178,0.440433509835431,-0.1308179531756,-0.247619294244004,-0.321976186175311,-0.128366589065753,0.39923843586966,0.388040574953622,-0.0508871644789815,-0.0244343716255364,-0.0200050272673546,-0.0469897929792214,0.0210026177634794,0.197484483969656,0.05392037947534,0.0472159595177727,-0.00344008926536042,0.148245742480596,0.27082636919179,0.133809030036632,0.381365725993137,0.423202950027456,0.218579043394046,0.190175431145578,-0.0726758137331739,0.185011091651999,-0.0856326889170033,0.228013190040628,-0.0239577070287121,-0.0734687131956097,-0.204076247971902,-0.060906373109434,-0.0886449378269571,-0.204330426972164,-0.12356434498377,-0.0272639715407153,0.240945101881192,0.138539301409785,-0.133257278464546,-0.0816725647366063,-0.0932372333038292,0.0377474516918095,-0.239811425979757,-0.233458981332139,-0.0371099821625237,-0.051370130548881,0.0891712899935376,-0.003316808572052,-0.033910290956769,0.138212677129476,-0.0183106609600268,0.00553184520667618,-0.0900261574181954,-0.102283011220802
0.574366375861024,0.632224445971285,-0.320309226998947,0.0179253839290116,-0.0198176543673347,-0.0978650375255595,0.360459239441432,0.169490294042783,0.249407899522041,0.352965178641681,0.202867613901049,0.105313860020062,0.455453725271983,0.430420902538508,0.700354972436625,1,0.0559879508409507,0.122030351647138,-0.107419822642525,-0.0344126629175413,-0.281444621557556,-0.195937624038329,-0.0952972035087692,-0.125426084091132,-0.16489147769012,-0.175487080898698,-0.286593152570297,-0.139977465555409,-0.200594743753447,0.00939002653287283,-0.12828024424018,0.0148376152838531,0.293683897844316,0.120558740477069,0.0641014564057491,0.179951424747932,-0.0854015321081673,-0.138194415463285,0.0530193894817605,0.156329495060261,0.260342715860464,0.258850716107094,-0.132929485837215,-0.0915914344215922,0.0537722674551436,0.0782284630442449,0.0688709696827878,0.0998502659009171,0.0479012860073357,0.0692567989863594,-0.167241436964443,-0.21058692676318,0.123330960623475,0.12320343782168,0.135390572880221,0.135583067607067,0.484728535693396,0.515123599683806,0.0702807358026101,0.292007236383636,-0.0635216674368373,0.130305423059023,0.580158558764303,0.567340626150502,-0.228863116821913,-0.262857377635076,-0.248276342335663,-0.0322761757150037,0.616751593704796,0.554421527299876,0.0150633982621868,0.0248805964345813,0.108279569096669,-0.00727230091989226,0.105140638631033,0.117303327663252,0.224622237952451,0.180149583923864,0.154952934489858,0.226048083711988,0.403408574034429,0.0902427527772885,0.227224891695751,0.338118041842344,0.238528374937853,0.165486738781548,-0.141493020743977,0.288876460411096,-0.167268933423868,0.25957653388463,-0.050836680221621,-0.184043366222373,-0.240008457648318,-0.215812419242196,-0.0581934129184111,-0.252697678656317,-0.0835340658693328,0.0149621728798125,0.203265860489213,0.105432000379676,-0.121107787749571,-0.258853364452428,-0.104199094127839,-0.0488581044544477,-0.223980337031754,-0.254467751228641,-0.0496207188722128,-0.195064869121439,0.0289739905393823,-0.0110889545948764,-0.0373669347463368,0.139235987024165,-0.138955048857761,-0.118933928611316,-0.228817371719919,-0.12298373200327
0.0122332947391287,0.0209137465515846,-0.0905718454777892,0.0175354816100547,-0.207188483768757,-0.228870724210239,0.0292358932834801,-0.0969981492702165,-0.0213292358022268,-0.0913638000857278,-0.135369091016703,-0.144000116498316,-0.114235911770735,-0.0926189196909402,-0.130016056378456,0.0559879508409507,1,0.409524555597198,0.112068461917303,0.032486522570847,0.342495793006877,0.465220112499613,0.423807317504092,0.361649986945751,0.0958925905794346,-0.0727293325464429,0.0122279925408743,-0.173493362674035,0.0833822832661194,-0.00557473768101606,0.0138698755511534,-0.117648422739758,-0.144867027140746,0.030435676899507,0.137847299729382,0.205673698203021,0.298798703047248,0.107949664065887,0.265951198038454,0.219737923461525,0.398078273475324,0.29129561065249,0.0568792645815764,0.0285509192960096,-0.0014614347877246,0.0244468877904896,0.166294341549753,0.176048103160288,-0.0873212918404869,0.0349075215845794,0.162648561139219,0.143516834908029,0.10086247843277,0.0738388420543674,-0.0499668798694575,-0.185864410160811,0.126030614077986,0.171701236022514,0.0420442838447837,0.0884363677864072,-0.186079324595921,-0.00912096991732948,0.195457453900442,0.152659331669138,-0.062395618453033,-0.119155535894826,0.116603645134073,0.124103137903852,0.0524244675612117,0.0431676661738124,0.0289040600307716,-0.228658735575762,-0.00627118252921411,0.077792861884074,-0.0619274595644203,-0.272442160482712,0.142450295840915,0.139806450102985,-0.143844162987029,0.00277232249059566,0.00490620277465263,-0.034469192880795,0.133102194607756,0.270180235658468,0.132800621390367,-0.0318407626410093,0.139298734174141,0.152284927279608,0.0291867298902087,0.0588866337033135,-0.0986760553971681,-0.181368226562818,-0.274327433449336,-0.223957859263656,-0.00284144995533415,-0.0401839160694547,0.0882927566450496,0.0763620268169357,-0.0427494710297147,-0.0514743077263088,-0.190165838142607,-0.101224412310225,-0.20676519942625,-0.171259306395277,-0.0262845086959732,-0.113657903432014,-0.317790849695009,-0.0188113017633047,0.0138683155990346,-0.169225135577255,0.0456686850422929,0.0115764948379626,-0.237830959052676,-0.13151860569176,-0.104707215802005,0.0932993967695766
0.111991137976931,0.160000877494224,-0.149194933839911,0.155968519022454,-0.169302786924272,0.0653413290968751,0.22763953064214,0.239824902270472,0.101244998451026,0.220005318560757,-0.18444084261902,-0.0306530637188685,0.0736636800282816,0.046305856669572,0.0068702069285962,0.122030351647138,0.409524555597198,1,-0.148795966273477,-0.128176674274809,0.129294955025744,0.284023375090776,0.0483548330589123,0.192487317646114,-0.0169224912048709,-0.00244818424566734,0.120429756334874,0.26793748433416,-0.0280296133839363,0.201221252723733,0.0965695647921694,0.00991223553890229,-0.0638599113392988,0.0297712964102866,0.248106517265639,0.34381020271616,0.117956018458759,0.171828090667445,0.258633071193517,0.258551711283514,0.428775264297966,0.466136731774628,-0.00716497017506294,-0.152961361730837,-0.0184523991289761,0.140316282285146,0.044732431569739,0.199958354801271,0.0223653637174865,0.0737919892633068,-0.0531744219687699,-0.200492817406775,0.139130746194641,0.171015163939788,0.102846264521647,-0.037825490985793,0.188282832841174,0.207466734606732,0.0220298349694756,0.26521933974725,-0.0744034294036004,0.231844573118105,0.271612531193423,0.264646858301863,-0.108183271577032,-0.0253688936446793,-0.066563241833993,0.153504655613105,0.0227161462941391,-0.0991900982631918,0.121563941138552,-0.0359010024703587,-0.0677708483220989,-0.088667783156581,0.042140048119306,-0.178945237175555,0.117769972222373,0.0844404251729374,-0.160990267855051,0.169085790375612,0.108178924802367,-0.0498942165220705,0.0981124831560541,0.263825152568292,0.0698122461232052,0.00788635818821649,-0.00659355630991437,0.312467554298277,0.128228313826324,0.203746118736361,-0.190310544225779,-0.141971789248005,-0.29883149375654,-0.381161587821617,-0.171219540345171,-0.152994220758915,0.0455317670646362,0.019007554727977,-0.195331300772483,-0.0347359763683043,-0.11068760429113,-0.235736639295597,0.00143877579028731,0.00121946594475153,-0.0963279125415955,-0.152440172905149,-0.254511210763173,0.00890618243979209,-0.0274286366087899,-0.115859143906288,-0.0169618842225602,-0.0947119902880952,-0.152996949759807,-0.192544864141704,-0.215616567102572,0.0162127891008915
