1,0.685978981640706,0.0585805628920353,0.00443843831865272,0.144784649885059,0.0857202332715262,0.29946915899036,0.168494375794375,0.270620904422626,0.055481686326436,0.157922099970321,0.0586229534424548,0.2945306523939,0.175270665883342,0.566130165204156,0.509434117402288,0.120458236150158,-0.0127267859814963,0.315362604438511,0.0745711733539255,0.0434121544475618,-0.0778866220294552,0.00295514177045103,0.124348758829503,0.0641443873298658,0.00534850984086235,0.112609170257338,0.0656751507592082,0.0469324842770153,0.10312419068058,0.0455790638625192,0.1019865141295,0.143650863332955,0.0568171281912595,0.203694570537169,0.122584496813305,-0.126028597569632,-0.199947057522655,-0.00229931397843862,-0.0310837299184413,0.181288701970908,-0.0676561917709081,-0.106962697642882,0.101797379967138,-0.079638697148316,-0.0442958985530932,-0.165979975749,0.0269636874627899,-0.0474881103149296,0.0863447408659192,-0.0877229868415466,-0.0133254605305266,0.0255343627703979,0.124393429947972,-0.235628965295047,-0.0424777115438182,0.606881830183295,0.530902221556002,0.233466315005324,0.16343705698075,0.0543720048191013,-0.0203753996859399,0.00484339626215221,-0.0510148273760704,-0.00579574605554112,-0.124640759498464,-0.145416227325814,-0.253866456893138,0.308419844788372,0.157995140190736,-0.115986315583751,0.0417577510932382,0.355005514962039,0.155870875529172,0.112981600896529,0.144413198098041,0.155474194528615,0.0484859569887217,0.253866947305737,0.00409652494243153,0.27193613396745,0.225585290118225,0.111333802681784,0.201460490923848,0.313067387454266,0.244613331432121,-0.0768628111083827,0.0845654164965474,0.23970949556651,0.312863505076844,-0.371952893114702,-0.100964320235877,-0.0278713272487908,0.155130906171238,-0.0541361971566019,-0.0205891810785076,-0.141700302799607,-0.0290318544635296,-0.201023171495912,-0.120618362275191,-0.0185479815462647,0.222631971505957,0.170111874066936,0.349163779139012,0.198774328155669,0.157400791818899,-0.0529171284127193,-0.0609485744459086,-0.207826491056898,0.0223237156150778,-0.319539383509728,-0.310632809664148,-0.163333351576813,-0.0143200343231694,0.146224261991447,0.232280114618852
0.685978981640706,1,0.00214832907341388,0.0442865094345683,-0.167210314613262,0.0348630844033837,0.168738655584079,0.298442424385988,0.0496196500490489,-0.0381706928163653,-0.0333695443417051,-0.106027875051445,0.487442087478776,0.491861034412364,0.601551252076235,0.530988557753959,0.250759786080398,0.102039394926456,0.188287360406761,0.0901628691146581,0.214323101224945,0.194450928128267,0.122773947015506,0.0307355246717554,0.0610355515000911,-0.00781184463628868,-0.129038361175679,-0.0330618972715084,-0.0570198347212794,0.144448063161941,-0.314759343745865,-0.130061248506542,0.29508342646847,0.311838602081475,0.4597835673957,0.398810269853101,0.0226995574914519,0.0742790956841666,0.0789928071125156,-0.0540213513731327,0.189002411351628,-0.0270097562331849,-0.190983929158964,0.00727132336086977,-0.0642844114452066,-0.0761592872081654,-0.115469055266356,-0.0194213502521796,0.0379297985499599,-0.0366951538921712,-0.10063038826892,-0.0884602843513136,0.0514335986517859,0.0370528225965757,-0.0832819834228567,-0.0521360373391943,0.728364498492359,0.761513408862727,0.135993729794077,0.206589917714773,-0.136867586186295,-0.0430856303330855,0.144222381513695,0.203413395874112,-0.120151244539255,-0.126051788309391,0.0326066142362074,-0.0200986019112892,0.195716460079901,0.096386785344149,-0.172447700016451,0.0266038143821777,0.406304389405965,0.270393119107737,0.0162554845544894,0.223357931641918,0.108995480145317,0.14278941037396,0.220733358133032,0.143126034409392,0.404528820730104,0.312569667155135,0.133161639698988,0.356391169465248,0.143630381006137,0.203834860559968,0.0673846028016455,0.0181169326652855,-0.0821841553359877,0.211600262752509,-0.435095285089276,-0.346814540931205,-0.198745982922909,-0.0654766672138227,-0.152625767564505,-0.0303730328841892,0.000747512951669356,-0.116943681820716,-0.120136312875949,-0.208734062754688,-0.0756874417916013,0.203639018358481,0.104051740344553,0.36344226238165,0.0687442509124456,0.0973120439586209,-0.193909527448111,-0.1234902433066,-0.250732307126279,-0.000236158936805706,-0.20030514818609,-0.307686907016798,-0.230563512569655,-0.015997587904166,0.109440300559232,0.166921226872477
0.0585805628920353,0.00214832907341388,1,0.435527829540377,0.446486764429764,0.0696660183518489,-0.0911387833671037,-0.103142834569113,-0.0344824044328366,0.0122819206011978,-0.134701935775954,-0.108790210791935,-0.267567272396111,-0.341459037718045,0.103979201209046,0.0867909389929331,-0.127994660941345,-0.141720239690987,0.442125114773866,0.118976266357027,0.244677555591325,0.0757041131774242,-0.0488518215732529,0.0315225272893747,0.0190316503979289,-0.0637748505759136,0.21329634593025,0.0808211224040515,0.174170230897292,-0.166124319855775,0.14929990920422,-0.0688681771208018,-0.14281652848035,-0.28620728842303,0.14290667281475,0.0217880263444698,0.337093732183375,0.154638454940829,-0.0386326225204701,0.221948567865595,-0.117613080044146,-0.147932041818396,0.14995412984535,0.127324997722087,-0.0296389325994791,0.210436799456419,-0.0777604386028692,0.0742680853373991,0.188404443014729,0.351661322576798,0.274770154087869,0.386850012867854,-0.108402083277472,0.202993297593913,-0.121226261581157,0.221651378640309,-0.144817710988878,0.0396427224276358,0.206500557135578,0.0622221699534826,0.344919049529891,0.090679572643652,-0.221916040838106,-0.247351091699316,0.413891067873857,0.222432627045557,0.425190220609583,0.294396260197854,-0.0168297589501891,0.081565139222789,0.220097824617748,0.331308818360935,0.200132944825402,-0.0473610072609307,0.035283997058513,-0.0971119441995303,0.130271552670145,0.0630575631188982,0.0644113026368156,-0.0102274664141586,-0.263504976948876,-0.174012931487961,-0.290471412448718,-0.276540991977213,0.0354050962213423,-0.126208601428359,-0.135981806380482,-0.247040345860163,0.169199518581698,0.000584055612602207,-0.212312099179319,0.108598037531949,-0.0353915116848037,0.0867491205778222,0.191704133082297,0.115582247383794,0.0289311143465769,-0.00952364360837192,-0.226943886107943,-0.228649384230019,0.0140468344823371,0.137157239768632,0.0541605044092699,-0.0134338259991029,0.186603397479171,0.188863036787177,0.074174002394894,0.145460203037114,-0.227879231821831,0.0287114228437233,-0.0107468551361653,-0.256597759161423,-0.134608276302816,0.058139114508991,0.191670288902574,0.000643993403476813
0.00443843831865272,0.0442865094345683,0.435527829540377,1,0.443928104842986,0.64865877510409,0.0824513075873561,0.304523638250113,0.112151423148003,0.413487422220634,-0.0356207869975835,0.199067465503857,-0.0279043372614477,-0.197192283882098,0.240155458897473,0.247226735275438,-0.0292104953300491,0.114749878860382,0.00368540617645277,0.290102445408104,0.0425618357285077,0.205244870291595,-0.0673509716245761,-0.0651700522578598,-0.0170604509796483,0.148352527475986,-0.0167632695888251,0.343151107928582,-0.0988781688252785,0.0487870206432038,-0.0715237438466839,0.0295823327845343,0.130943474892156,0.0111197615909031,0.26297699786414,0.340798850969518,0.126017756593898,0.256446760744305,0.0931611229342579,0.230333083227684,-0.10436032495184,-0.181604364252726,-0.0483923227097055,-0.0583556056964458,-0.182591064764734,0.0858869788337133,-0.246234226690652,-0.0549623800091688,-0.0707145256721856,0.124648230507204,0.146189623471079,0.303658944492885,-0.128619751537792,-0.0954432179668747,-0.126587288471144,0.0478211173009597,-0.0673263744300437,0.0108136816956066,0.0338173873727537,0.394190034959415,0.418983124982586,0.601850385099819,0.150610641649852,0.241996943795899,0.304589828154055,0.606095431351199,0.273837797888395,0.555736934257356,-0.0905076741542649,0.164604588501055,0.0639909706762697,-0.0421547819640117,0.107650521035359,0.173481228703229,0.100552129068245,0.0397274897639159,0.123172733089974,0.0947182617230602,0.178550421488741,0.0359919320912407,0.0376083209800323,-0.0391887994118791,-0.318338518641792,-0.134684150284966,-0.0428862235078816,0.197288236852019,-0.166175154866982,-0.240439460059137,-0.0710098992919007,0.0496429568303399,-0.0558254817358351,-0.124603434570452,0.227592489767077,0.00492149166933346,-0.082559809446845,-0.0982975329142004,-0.17582995158377,-0.360714991774006,-0.316775950967779,-0.358711497909146,0.347716117387826,0.261355833325484,0.0561985032223056,0.148220686179971,0.268364244997732,0.109356462489118,-0.18638837297656,-0.129936990486104,-0.324508450297425,-0.113305980532441,-0.195908924394851,-0.321116672658774,-0.149164767143415,0.0292839108384701,-0.0144238266521086,0.158676765856867
0.144784649885059,-0.167210314613262,0.446486764429764,0.443928104842986,1,0.549053248008747,0.408125076961836,0.133592965259786,0.358355010265236,0.348469486071625,0.184082900520208,0.307465314330476,-0.298797644110263,-0.384456719828219,-0.00555732313320301,-0.0395558330299806,-0.217218080753841,-0.130903380130466,0.0440776265971235,-0.0414680319629451,-0.284725888738383,-0.182809184877321,-0.254273355870958,-0.0416914633344263,0.0652801093045333,0.055298621381352,0.276366815267527,0.302297537025635,-0.0948737743843139,0.0701875428821426,0.465827867892254,0.228946543986641,-0.080625330778593,-0.115732644084158,-0.0626795933192473,-0.0643699100080724,-0.111718470386813,-0.261256369524765,-0.0563781668799857,0.072167694825361,-0.0426529660528525,-0.213499977487322,-0.0775333248541906,-0.0918592503119959,-0.04211024866488,0.141828778587521,-0.0970428036975202,0.0296849030012163,-0.152666648663113,0.135458284802833,0.16752154493846,0.208756525262975,-0.107979019017802,0.0743602001793727,-0.0575698011799957,0.0482878501124356,-0.150611760833689,-0.236107967216289,0.269014951789268,0.0570987532623793,0.723462513133087,0.466166310639049,0.106842699756979,0.0283304406077732,0.331106123165974,0.290246990467334,0.0187600778314905,0.0259855050383384,0.0453042801902225,0.0821757819103777,0.128687991704367,-0.061929004092225,-0.00256314443603915,-0.0533251749643786,0.0626701012420705,-0.00703699675589476,0.0111151734162848,-0.171296391342425,0.0584162042440659,-0.0467149401242882,-0.18786700266625,-0.148861940807599,-0.345572713449507,-0.278999636373357,0.014478283248499,0.0743043395440464,-0.391996280703426,-0.274865011749691,0.251427886408376,0.0023367611647644,-0.0634547755431467,0.162496750428236,0.148911779599364,0.0662470997149327,0.12073408327514,-0.0534572241738228,-0.137299716709662,-0.063874156491954,-0.315778311130537,-0.106521665746364,0.0492544901831286,0.127639475944875,-0.109606727060181,-0.0771758721664825,0.0838392418293703,0.0319732798089484,0.00199353474915162,-0.191966868867705,-0.0950463348896099,0.0390531916574025,-0.096456020389881,-0.122548069288058,-0.0720737072153631,-0.0169126148576105,-0.0405718768516731,0.268991522529761
0.0857202332715262,0.0348630844033837,0.0696660183518489,0.64865877510409,0.549053248008747,1,0.396855321571473,0.496856120664586,0.427983109911871,0.607479314060624,0.213601081436455,0.48099156711291,-0.0903722143707274,-0.149454096489726,0.192752121065745,0.271421175968139,-0.00687884561791775,0.150589526705235,-0.131150294175601,0.0292334225635333,-0.369664442493851,-0.101611930712945,-0.0976810493635841,-0.139196405532702,0.122223527076348,0.258486679029373,0.0941559127971684,0.461143907945262,-0.203195491361863,0.122147065458417,0.0834527330854342,0.183302314073808,0.162861516865868,0.135625464962321,0.260453645187911,0.385056932587048,-0.218652632613289,-0.0977168328089038,-0.0329149252122553,0.00659796112264795,0.0220149333185678,-0.161326632836363,-0.354909826561826,-0.259879004114879,-0.156475401078578,-0.00841040223631376,-0.227593062347139,-0.206628514175297,-0.279824450093679,-0.0786687524149682,-0.0606482748096058,0.137268609818057,-0.14835499379879,-0.198894675986983,-0.0907683953496731,-0.176344253715351,0.0109618364868799,-0.0628783988601619,0.0963133311884741,0.411868094851459,0.562925907377875,0.823965067269438,0.472867902428966,0.543332128997719,0.0604896992321992,0.484436868280685,0.00322627472088497,0.332856255647083,-0.0205167957353594,0.172111039360752,0.00430967983839429,-0.202144604196302,0.0553474624669153,0.166432324945926,0.110829972065123,0.153189908092127,-0.0874143266941386,-0.0985210657276056,-0.03062882375885,-0.0755009048491114,0.131999810095232,-0.0268768253686233,-0.273722486277262,-0.0651511261934496,0.00273999497486624,0.338419419225275,-0.226540596278655,-0.269844155258099,-0.031583907464749,0.0864672641616483,0.0510841569784237,-0.0700327914139571,0.224904572331821,-0.04639693770248,-0.0467688148045652,-0.124426474327818,-0.224387204052227,-0.277424423096522,-0.247539384952268,-0.228997367366289,0.201122563849934,0.180174999821542,-0.0560678169878035,0.100901528835897,0.118286843065153,-0.0107971120617317,-0.245761954839329,-0.258297556029352,-0.165002531546834,-0.109134107173099,-0.249025722898924,-0.218758482880862,-0.0585713411682145,-0.154325953614755,-0.199109057318181,0.269206002561235
0.29946915899036,0.168738655584079,-0.0911387833671037,0.0824513075873561,0.408125076961836,0.396855321571473,1,0.578358879245962,0.639090769784251,0.416080153203699,0.311055186164235,0.367569623134119,0.165181337326811,0.165677300433596,0.197605724609438,0.206206631145506,-0.0125607673083321,-0.000948604820469094,-0.0943090509268452,0.0131360201887001,-0.385144119672127,-0.310805584472042,-0.243950680198325,-0.147291733327641,-0.0133711544327234,0.00129221095866049,0.115644344143735,0.142356554357326,-0.0851632877846469,0.140174399126252,0.273161224984984,0.0758328325432651,0.303735136581804,0.317875127143441,0.277289580534424,0.305880173601145,-0.255363182739202,-0.304788318132437,0.0133849784680303,-0.0627042974293804,0.18283370113851,0.100482500035766,-0.214342852701246,-0.188800157992503,-0.077227672565429,-0.180164097853592,0.099927095491173,0.0299312001665946,-0.142046631888803,-0.0785250459880462,0.00576576944844982,-0.0263115220777806,-0.0498090372740846,-0.0286287107092603,0.102257637908554,0.0461802519397404,0.268517002396266,0.119958192001501,0.304709827221961,0.200239903358008,0.465022538188496,0.399362314875378,0.547851221181832,0.450445197449733,0.0232567039779598,-0.0242936827970709,-0.0829009522812668,-0.0781631713749136,0.0939996947678154,0.0567570046970278,-0.0703296013392694,-0.203322046146643,0.0696712169626021,0.062215834173838,0.110603418340813,0.0879078723718894,0.156853422357447,0.0198972915960983,0.187529958943902,0.0737405704770986,0.241453103888518,0.125434154371789,0.0115879419568277,0.0183388009590669,0.238429893360475,0.293717356062022,-0.0295782756165369,-0.0216799877152564,0.164650316762914,0.195090896661116,-0.219087967347147,-0.0601881720299914,-0.0432400137528169,0.00311629875936481,0.0382735171335564,-0.0692949272891469,0.0392801981308657,-0.0545952207217092,-0.234044574937055,-0.0346475786927393,-0.0345576165685258,0.180600095700645,-0.102689015787253,0.178373306745855,-0.128014616071989,0.0246052295570796,-0.21689730861525,-0.156291960607104,-0.198373861978397,0.0997175290622248,0.0168605261854399,-0.164396277803397,-0.185998901680406,-0.0708582654779005,-0.102281730370822,0.10252101083209
0.168494375794375,0.298442424385988,-0.103142834569113,0.304523638250113,0.133592965259786,0.496856120664586,0.578358879245962,1,0.487514058421579,0.55015204090272,0.180701846475543,0.365527647011748,0.371639777600755,0.346726246171472,0.416778665512282,0.410772116543783,0.0435396123338637,0.168007297692275,-0.174802861186546,0.143777962178365,-0.271229545812816,-0.0110054350348866,-0.202520823812308,-0.237072164010468,-0.0876779178837785,-0.0510582132685748,-0.069359097970355,0.0357218990612465,-0.0548467128913074,0.135471113189968,-0.134036041902047,-0.195003261519255,0.560617866802854,0.595980708214431,0.539232175946588,0.536515407425892,-0.182049700219261,-0.103311624698218,0.18164879188954,-0.0329016929178952,0.155785878186415,0.0975458963811821,-0.270429114429909,-0.221935616249302,-0.207097234501802,-0.311687832958409,-0.0480950895071845,-0.0303029962854981,-0.200779273840424,-0.219044994546748,-0.0495241613371177,0.10386570500153,-0.224617713945847,-0.10008435478299,0.0644297130528711,-0.0175162288379805,0.215893893090196,0.201261811778028,0.0373023086865784,0.251042881482425,0.245445990284753,0.481050770776127,0.594087980873213,0.67615695246496,-0.151463180059204,0.0410614030719423,-0.114251304410633,0.132412060261869,0.0559481872049839,0.0135230717857483,-0.0872788131172443,-0.204937954147915,0.246772523630337,0.283083364980162,0.174199288017285,0.190177832517712,0.0823456016348714,0.215704258312226,0.175898203159754,0.105632346776368,0.418717780161549,0.246493410057962,0.0116782997775151,0.143275354516466,0.14142342409067,0.359855165167307,0.174815559119146,-0.0742808485145463,-0.153186955171313,0.0477946835111319,-0.150925039994199,-0.32078114468662,-0.144009079460058,-0.240640481470492,-0.089008956367037,-0.196434927378135,0.0615388259728724,-0.272160735302231,-0.10937363332503,-0.19483704498525,-0.098435792089288,0.0580480420126919,-0.0896522428615267,0.132431666620072,-0.220999061900249,0.00177048259568014,-0.251165892227734,-0.184250605036738,-0.287008535262447,0.0484566407561737,-0.00759623509700882,-0.142332906464428,-0.187370782054423,-0.16247943942766,-0.152686244411612,0.0133753568154711
0.270620904422626,0.0496196500490489,-0.0344824044328366,0.112151423148003,0.358355010265236,0.427983109911871,0.639090769784251,0.487514058421579,1,0.713897061615566,0.659363208452494,0.632418416694048,-0.00544219020113635,-0.047949853048243,0.254737583237956,0.3118826107823,0.0382893986648548,-0.140796123264195,0.221335207174584,0.2301303538297,-0.391440640813739,-0.333237586105917,-0.181104222414745,-0.0842162414252051,0.0399816315220555,-0.0927121276767604,0.214113813935148,0.196817401059251,0.0675124334545437,0.0742668558873232,0.286209464907656,0.113177864463357,0.147274345543912,0.157754365432729,0.135405306598793,0.0989618525151734,-0.104480782584424,-0.243154444030188,0.00960874544113587,-0.242905917762551,0.137694335144248,-0.0764229753979402,-0.182416479980712,-0.125384538547817,-0.0077455823748537,-0.0162258360186452,0.00293730812999817,0.021635719355134,-0.137503473174632,-0.021218433118418,-0.0715285943391184,0.11920608034129,-0.0345551082488772,0.0341288541826885,0.0596402103223193,-0.0491207999500129,-0.0314322701995725,-0.0735424575914771,0.0110374161335816,0.183525272398998,0.336331210219725,0.373570885177123,0.40172367767774,0.273358060722885,0.0990315258581335,0.123658542833514,-0.32159137778446,-0.229281186351437,0.0639031460790475,-0.0568619426534615,0.0116678472272671,-0.149795179483502,0.102876850792264,-0.00472096883398004,0.0423805557837477,0.100702062535516,0.0695961224831379,-0.0511701054944675,0.121268784477653,-0.0405156999326022,0.33164144065872,0.176729990093631,0.0918176651962246,0.209914283432144,0.535139859020514,0.476852685267417,0.269495674927798,0.209783622630325,0.0988051677791052,0.087183651975014,0.0248429583613735,0.18352006083023,0.0849977923909799,0.097165716561354,0.102260209070892,-0.0799883902660776,-0.0471529537957042,-0.12770832217615,-0.103551351018093,0.0605792349988929,-0.0379632592596347,0.128345439896447,-0.0717366752263712,0.149186187594806,-0.0360145246387489,0.0463819187923288,-0.0963164839664311,-0.169355126135793,-0.173558581099407,0.0192643984540047,-0.065724140731569,-0.122917887148014,-0.0695737076613126,-0.120846209328483,0.0260169654086693,-0.109453483353994
0.055481686326436,-0.0381706928163653,0.0122819206011978,0.413487422220634,0.348469486071625,0.607479314060624,0.416080153203699,0.55015204090272,0.713897061615566,1,0.467914703500446,0.657048599997886,0.0601639736999409,-0.043557059370066,0.207020488700782,0.262364577642742,-0.0546622224516776,0.0271559651514582,0.052610795258289,0.272084256855764,-0.314267048491034,-0.0925926484900994,-0.183877169289158,-0.0649049251149878,-0.00985477820168883,-0.0892728513326892,0.132508203591213,0.220419548130957,0.00501801510337613,0.0521570203394386,0.194197667839029,0.0671137868516944,0.284785816030565,0.206355194425874,0.192702489323674,0.23054520910551,0.0153117002181312,-0.0526000805640868,0.0423601247013717,-0.129283368542459,-0.00219854050205243,-0.0925527991295153,-0.123283558221753,-0.109227145681145,0.00479896716928448,0.0447261752456943,-0.0671786417180378,-0.0275264707087995,-0.0573761631408028,0.0185863277429895,0.0514195315261266,0.228738315226278,-0.222233543675383,-0.0960401804464085,-0.0170238600697644,-0.0399266834393407,-0.124729023762084,-0.211120033739789,-0.177048195777257,0.15083684379047,0.338900935950608,0.544364079728336,0.38833189863306,0.346524663357788,0.180512853750884,0.41085501626838,-0.18955069418266,0.0866559713549817,-0.0598190046850297,-0.109764329999298,-0.0169051618125281,-0.119922669967511,0.112059501243079,0.151143315805092,0.126073709129569,0.0713278672491226,0.119506954046392,0.0840290232183144,0.16317482799155,-0.0468646418932996,0.309582312151731,0.172395880533845,-0.0516170292130382,0.0631107327054802,0.347609977536184,0.487551977873122,0.148017090187348,0.0377038125937667,-0.0495280613786474,-0.0014441199294403,0.119120309335077,0.0516439001971556,0.125952179376711,-0.0247677507425479,-0.0653114318974319,-0.191285509749961,-0.00785896711694864,-0.202672242379972,-0.0481866919769714,0.0137623983188324,0.0120715031029781,0.0666883381732612,-0.0692676902973062,0.056525115385727,0.0383665072399302,0.00361383125505019,-0.169861695271117,-0.0948945272910646,-0.164921157112529,-0.00251437082079122,-0.0439778266410239,-0.0292840610477965,-0.0780937034767103,-0.212609567213325,-0.00476871840620117,0.0455149107404823
0.157922099970321,-0.0333695443417052,-0.134701935775954,-0.0356207869975835,0.184082900520208,0.213601081436455,0.311055186164235,0.180701846475543,0.659363208452494,0.467914703500446,1,0.679036542170079,0.00633131312926751,-0.00980192318249837,0.04143415190744,0.117776832473715,0.0769798455835055,-0.018449792967996,0.284174535488516,0.324593174441941,-0.206686281898235,-0.0817106154614471,-0.100107871177789,-0.0622336453774396,0.0588796435856276,-0.0196877084986564,0.244361937768713,0.130699618600223,0.16062110981219,0.111580515027716,0.389064290724153,0.151767783845677,0.249453551691893,0.257900731191787,0.00897139962482627,-0.000987684458860106,-0.0482981206863604,-0.220992811937229,-0.0588293470466753,-0.330415307566341,0.228930748827909,-0.0566426210981121,0.0359201239242575,0.0632479926811879,0.128206378294753,0.1335681209638,0.0474629775975691,0.0253780732454236,-0.0866727140701501,-0.0694442582081742,-0.037785889818913,-0.025393587641596,0.176956382772876,0.0593362946041188,0.0631206209509441,-0.132415482481981,-0.0475764654467483,-0.166054192728372,-0.147971566772108,-0.0722722949870237,0.138704599654202,0.163780760207776,0.306400869322772,0.163531678268887,0.0902246213927703,0.0224436627742425,-0.367684209737498,-0.355021843853831,0.0850269959516701,-0.0498744581208662,0.0700700272035339,-0.0502280098227247,0.0913431587428792,0.187246117465948,0.0736536727878977,0.162675624383717,0.0941149050049977,0.0505359721781766,0.0114206156062741,0.125090360247001,0.42880893867394,0.393571072000487,0.284473626217125,0.360978762263294,0.570318847197258,0.526915746846302,0.297239050475277,0.33970162648695,0.135055041391542,0.128325187625237,0.185544072768522,0.326347244867007,0.255051449201712,0.235976120338131,0.0140040104944991,-0.103194896594529,-0.0935463574205028,-0.120813266252017,0.0162050808333035,0.146938586809305,-0.0273495067516066,0.0716224987007348,0.0945325487111285,0.172681221136559,0.147062944417951,0.168526566897894,0.00543512282931605,-0.10985167596768,-0.0246496504388603,-0.0715317780618935,-0.13740147987495,-0.017324835955547,0.0485718545709992,-0.0573807272731578,0.15767281645989,0.0171503713082874
0.0586229534424548,-0.106027875051445,-0.108790210791935,0.199067465503857,0.307465314330476,0.48099156711291,0.367569623134119,0.365527647011747,0.632418416694048,0.657048599997886,0.679036542170079,1,-0.0506912358498201,-0.0439346512975249,0.108539385172718,0.153440244877252,-0.0742407734186271,-0.0884384782848215,0.107289719873102,0.2412964843328,-0.430315376117597,-0.122789972292168,-0.18018393144628,-0.187072930301231,0.0842492870538419,0.0128553880510688,0.35336176090912,0.365796282106029,0.119604032533036,0.142007955445623,0.395642085966642,0.219386974594085,0.253378935822381,0.297419966168455,0.0137684162034246,0.111642326414928,-0.233853969638201,-0.293099100950085,-0.0321770797434067,-0.213332081139009,0.120387073527356,0.0455209126558653,-0.0687804835232997,0.0120699735448787,-0.0084712061944084,0.0260392494303284,0.0368882279358496,0.0158709940782557,-0.166769472075522,-0.132579321064211,-0.0928482271177241,-0.0681030923060737,0.0675455207275093,0.0276872949620795,-0.0322312577973601,-0.204179521614254,-0.150531221531271,-0.306586682075731,-0.206479163849986,0.0425955185345091,0.29900682353057,0.443158230457952,0.451763611278507,0.339755176894896,0.0199403619291706,0.183216117253791,-0.403673702432295,-0.263449302018062,0.0248306926073321,-0.0495585137101267,0.0315354248198691,-0.156659457753076,0.0886397570657292,0.197009113395382,0.19184490006887,0.214908093191854,-0.0160186431783607,-0.0460155092192127,0.0375918658242572,0.0890693397130283,0.317941170038106,0.25986029546119,0.211235539993924,0.198342244716912,0.411070592434377,0.553360229295839,0.164141041918941,0.174516587258394,0.0426258514454087,0.0365463910280985,0.182613937384926,0.148324653378416,0.233853270337795,0.00702921426864712,0.00330339022795851,-0.126669752357901,-0.0681948439120378,-0.0875223959073426,0.0232165782534727,0.0546338176625965,0.0725596956768459,0.0158265857986274,-0.0333413511458951,0.0265016595510799,-0.0207650939119076,-0.0512942331037084,-0.104013614597245,-0.28059560743436,-0.0965731560701775,-0.0855725688457741,0.0201074724617747,0.0732671822768538,-0.0364570876006186,-0.195965857608382,-0.0970500286849569,-0.037896740831762
0.2945306523939,0.487442087478776,-0.267567272396111,-0.0279043372614477,-0.298797644110263,-0.0903722143707274,0.165181337326811,0.371639777600755,-0.00544219020113635,0.0601639736999409,0.00633131312926751,-0.0506912358498201,1,0.773296051603497,0.328140736163533,0.287899790274397,0.2080422625705,0.195757983137571,-0.0329777565622475,0.32246443954896,0.264150721786145,0.395765965810632,0.0267082734960131,-0.0293066860626991,0.0110769904578401,-0.0727529145942268,-0.246811878890411,-0.226211112055465,0.00894550748164515,0.19421089826613,-0.34951488314711,-0.147320134912971,0.596188430784285,0.583421442958277,0.374719943120309,0.387339060762711,0.113176104712321,0.187068226217194,0.279729018867484,0.0860649223973424,0.332115088908082,0.352083201746189,0.0754007313669717,0.118680099061002,0.0794818604511675,-0.0955398200055853,0.131152150994376,0.131775434073427,0.133736773967622,-0.136014041096472,0.0130997536256473,-0.184274390415676,0.0342307050927504,-0.0456944227007503,0.0530814732445656,0.0631931252528136,0.540736041331505,0.369840994862065,-0.143750690550018,-0.0966675808259299,-0.262770062862713,-0.12308101715831,0.329722214666267,0.318309369954941,-0.147965441515795,-0.102918833384988,-0.0398840746964998,-0.0251983565411448,0.236317021191535,0.0541830215531616,-0.236304156962578,-0.126026698213353,0.267803242009792,0.274913590580152,0.127385330094265,0.175598500630771,0.194332411000786,0.358154222550757,0.384076375053685,0.247216123267127,0.639575305271426,0.558988615789478,0.475402952732747,0.516781824730282,0.24869835046856,0.312059193254376,0.20024498242593,0.143975174005866,-0.214288176822535,-0.0133448626309184,-0.28402963533842,-0.421261181613511,-0.216835433783496,-0.240285353582348,-0.158852214379482,-0.148436831179697,0.0923991077489278,-0.188063590825929,-0.0227911513945661,-0.0788524164753684,-0.170178458474699,-0.129580985003392,-0.0136378256411454,0.0910710981756898,-0.126215105391394,0.00116436147433327,-0.268194465658024,-0.103456469125785,-0.149392569344491,0.0321236171449298,-0.0608795901743111,-0.0422901165173508,-0.139205788257537,-0.0447222370753096,0.0351576905955107,-0.00205627458829336
0.175270665883342,0.491861034412364,-0.341459037718045,-0.197192283882098,-0.384456719828219,-0.149454096489726,0.165677300433596,0.346726246171472,-0.047949853048243,-0.043557059370066,-0.00980192318249837,-0.0439346512975249,0.773296051603497,1,0.288114614794188,0.223040782996406,0.257071767810366,0.262776333601784,-0.104185475907262,0.174271048744791,0.162186518239083,0.294830187796462,0.0836352250184349,-0.0700315402842822,0.0651871354809895,0.00639585029607393,-0.182480744390415,-0.211753283456547,0.032696822851549,0.211069080448357,-0.328282381299998,-0.215986074469799,0.656688540303068,0.733988268387387,0.38640749794305,0.410169304088152,0.00900664050157587,0.080246729377852,0.259620125000481,-0.0789768601983536,0.320927307952395,0.40982563265332,0.0603716029264974,0.167122918505475,0.220163836624542,-0.0301409107844813,0.268890473012569,0.194941824169048,0.211808131708031,-0.163194693633835,0.0710767048239462,-0.201784876689005,0.0816041441070554,0.0117932098006811,0.198610476043495,-0.0437946154233589,0.506000104038972,0.381834033381894,-0.217857995133147,-0.187626740857756,-0.387287815827141,-0.217466153999139,0.346236943578227,0.418386218845047,-0.32708335222616,-0.319906675450242,-0.119538766185575,-0.145713434217803,0.1798290039235,-0.0884873683731207,-0.155437713449948,-0.0838020665130099,0.279351937919862,0.340949588218431,0.148806895210916,0.216740658234684,0.091724182018362,0.259706712904165,0.295713576229193,0.312937596219157,0.628254702202486,0.624613068155369,0.493333389146286,0.546552682816147,0.078788723266007,0.214069722125449,0.263430618157909,0.216852410332605,-0.304621117985536,-0.0536750937958626,-0.202882955036388,-0.467096456280508,-0.337686543574005,-0.379846278117207,-0.212242110833071,-0.119240948700201,0.226528002846457,-0.0538280744345956,0.17489165822645,-0.0013490836074098,-0.290832453936663,-0.261725885218115,-0.0831873546865798,-0.0105005703880967,-0.239708245613127,-0.13349578161426,-0.166254565600167,-0.107336087572059,-0.0733089933941171,0.0673670650851983,0.0966002247229322,0.033051135575523,-0.0942756070935114,-0.123341717175336,-0.0602153597285608,-0.00892195985710385
0.566130165204156,0.601551252076235,0.103979201209046,0.240155458897473,-0.00555732313320301,0.192752121065745,0.197605724609438,0.416778665512282,0.254737583237956,0.207020488700782,0.04143415190744,0.108539385172718,0.328140736163533,0.288114614794188,1,0.779161519497958,0.183997390154828,0.152640672829956,0.218964370412735,0.137767230322805,0.0188151998788959,-0.0357654678258844,0.0600736594752101,-0.00164310173488495,0.140335187434503,0.0457252401012699,-0.00193975416656453,0.104417519476768,0.057470790754718,0.0779291556862308,-0.252957575853186,-0.12415646829047,0.380939317309111,0.307754089673902,0.357880187464373,0.314940566044974,-0.0529171193028488,-0.0770072685370317,0.0941256727017345,-0.0697773589204703,0.0448913284301695,-0.0653506677104962,-0.142654017469212,0.0765719472562384,-0.0512046333361606,-0.0898058112235339,-0.148727762592235,-0.0207718731358895,-0.0680486805522595,-0.0442439435118942,-0.198982178558434,-0.0299830893985994,-0.105265766103833,0.0529455193007089,-0.199871761936357,-0.147108511925784,0.385462668420374,0.486243903122546,-0.0410761077381677,0.117224756692864,-0.0432033476714974,0.0997020596731715,0.149456898111292,0.243114921930462,-0.187236170766022,-0.102602416664498,-0.107028125732972,-0.0390542428766497,0.104398791825904,0.121413913760035,-0.0306623136259748,0.0274370890768026,0.3781185987118,0.28146805271212,0.0827039452556778,-0.0129614632166944,0.152600233932535,0.114611604000292,0.184655888952028,-0.0865971558874337,0.385939060412044,0.317097357138281,0.0466099152818772,0.262831991110252,0.113975645921179,0.180260888289568,0.0687230084089774,-0.0323414458885987,-0.160467599103513,0.0599444348310047,-0.369209826092907,-0.302339166445695,-0.162655363005812,-0.076978593885311,-0.158994332043891,-0.0579922876537069,-0.0951095388328277,-0.225500367882771,-0.218141587794821,-0.325005001946617,-0.0054294018465481,0.225084079134868,0.0663240480332323,0.26321987278029,0.0285143616133621,0.0374294726995649,-0.269796790062979,-0.166514832401477,-0.348066718011728,-0.0854246468206167,-0.243121353268233,-0.385969401529978,-0.212825715471578,-0.0498091112415325,0.0434610621460203,0.111591548232149
0.509434117402288,0.530988557753959,0.0867909389929331,0.247226735275438,-0.0395558330299806,0.271421175968139,0.206206631145506,0.410772116543783,0.3118826107823,0.262364577642742,0.117776832473715,0.153440244877252,0.287899790274397,0.223040782996406,0.779161519497958,1,0.1948344870634,0.187271825993947,0.251892088940401,0.141440704876755,-0.00989196887661668,-0.0310837602211122,0.124451479833289,-0.114429544636761,0.0564259123481969,0.0243333960207791,-0.0694795648013579,0.0432433203306075,0.0239087166698288,-0.0118514802441724,-0.291361195188679,-0.0964042646693602,0.31261552085873,0.267516842561744,0.441075126947224,0.335772475304826,-0.0391523777265462,-0.0390904063098485,0.0876493157629674,-0.0832229133333099,0.0329964764057854,-0.144194274002532,-0.0822096174887658,0.0829918921767947,-0.0384566120780661,-0.0282039996220617,-0.150709529587566,-0.0815048954159401,-0.0380473759088697,-0.044609984749364,-0.161755864784179,-0.0310584098046485,-0.0200478380734782,0.00379707108000958,-0.223846678229855,-0.161128543452455,0.368150114569188,0.463865513271715,0.0815440585066111,0.243509792747171,0.0517118637906926,0.233886160181172,0.210640435592525,0.293466335997305,-0.11202482415535,-0.0687400884054925,-0.00285226655249752,0.0638785827546722,0.243473785781145,0.239252895855003,-0.151069825003736,-0.053532706921813,0.338089591146399,0.249238335781419,0.045357110453555,0.114283825763948,0.0801328743390656,0.0463582411732203,0.141639678920822,-0.0799740776174962,0.340130117210933,0.314622309135875,0.0789096614100799,0.199434716220537,0.209584593003447,0.220882246562231,0.0712989090909837,-0.0482154334272878,-0.12879166618835,0.0996116387768729,-0.311890082470685,-0.224510648428474,-0.0192945274403766,0.07704646146519,-0.179858324612221,-0.0392625040942301,-0.187035769799676,-0.23532088544073,-0.218650400543753,-0.298440098931561,0.0812953551151555,0.297774917059873,0.0667847553721922,0.324148884382577,0.158804252078472,0.159146468452013,-0.299323180520641,-0.251277163753543,-0.223835099470777,-0.0770816798960696,-0.271269063167789,-0.381362171107516,-0.208992922000564,-0.0733999130869568,0.0731566493361738,0.141228354905235
0.120458236150158,0.250759786080398,-0.127994660941345,-0.0292104953300491,-0.217218080753841,-0.00687884561791775,-0.0125607673083321,0.0435396123338637,0.0382893986648549,-0.0546622224516776,0.0769798455835055,-0.0742407734186271,0.2080422625705,0.257071767810366,0.183997390154828,0.1948344870634,1,0.422251441773025,0.097032282987017,0.175221889001946,0.319149546797416,0.359065956411578,0.469986473227071,0.209934022030806,0.312210744334898,0.265824911720195,0.143276154079971,0.190823866577689,0.0642932091468059,0.19581472553629,-0.207117753266539,-0.0636088254171706,0.126487364685766,0.155913665548422,0.214763285437031,0.224170555739147,0.0697816885402293,0.107842403350545,0.211438143733535,0.0568701479885062,0.440466313703958,0.12452324548248,0.090762769844676,-0.00172293878333457,0.213065993048299,0.186243661568992,0.248516633667308,0.215814869953016,0.0488403163594853,0.0837028380781042,0.0146777756563849,-0.0558372781532266,0.289415251137396,0.0478561277311551,0.12905386327011,0.0600920346422425,0.235300552849404,0.273574479690477,0.00501733547222256,0.223906971709651,-0.238243873951759,-0.060812508674678,0.0178387602141713,0.0705385603282119,-0.137994579489141,-0.0391099140902193,-0.00984127223979748,0.0497744776403642,0.359572739828952,0.0600818617078066,0.25749206539002,0.128141600017258,0.154816787152096,0.124626567868377,0.056633391361782,0.106613320796415,0.0287559261379236,0.0884637051545815,-0.140515231647283,-0.106420456622789,0.217931457367125,0.238164106673791,0.359736912997129,0.376514443090076,0.113165858839299,0.172819268056053,0.228893096874581,0.252774995107989,-0.106115796642715,0.138236733661235,0.0376224485939776,0.0091963631685492,0.109349082141854,0.11281793426031,-0.00813368428488245,0.080679113770972,0.111360174093652,-0.0625468909868973,0.0664586351086962,0.108567997346889,0.0958804595817501,0.0637095778847792,0.199034781342624,0.21643764650387,0.0294828934349493,0.147143704391279,-0.165066962908214,-0.185326633733903,-0.0644853675811918,0.140487450852422,-0.106995847365895,0.00238014645960236,0.18321840872076,0.176051545836406,0.263845152320245,0.110924938282265
-0.0127267859814963,0.102039394926456,-0.141720239690987,0.114749878860382,-0.130903380130466,0.150589526705235,-0.000948604820469095,0.168007297692275,-0.140796123264195,0.0271559651514582,-0.018449792967996,-0.0884384782848215,0.195757983137571,0.262776333601784,0.152640672829956,0.187271825993947,0.422251441773025,1,-0.0262193527584029,0.125649072438604,0.227401712767099,0.362839103007175,0.434378611752436,0.24385468457229,0.270571035417223,0.298935267313179,0.0363787379813684,0.0860772271320737,0.0472241518233578,0.434773222757515,-0.154531965884863,0.0933484856174894,0.285401871993614,0.316721042921241,0.36553681504361,0.350110459906834,0.0381207228655145,0.112608322136135,0.326118830415795,0.225766744058277,0.333299733843782,0.281182754377441,0.0533794145026526,0.0422005656043772,0.0510961332523252,0.00253119627513422,0.17126805464658,0.153304266087001,0.00843159377499397,-0.124173476267653,-0.00135136100538848,0.0194110785558029,0.10725234024091,-0.0371966053258829,0.313517900806589,0.0725739723728705,0.141269351296753,0.15532401893219,-0.089592373584962,0.074297392253677,-0.164139485318491,0.0745718543683767,0.154868732423134,0.346178686382446,-0.0900165796821523,0.0314216203713066,0.0603729917415495,0.190187846106498,0.165232474350094,0.0946036229787763,0.15752906468927,-0.0449598449980576,0.19631343179264,0.315235130857716,0.141625729355516,0.111073871066613,-0.00662508033218033,-0.00830080145299282,-0.0837564302749071,-0.200631333931191,0.125299953873497,0.22490386430016,0.18332218924329,0.30942120175925,0.00705079389640613,0.303350261061399,0.18823491382721,0.212079277149495,-0.100463631329093,0.0293654606887683,0.0435422406970504,-0.243736565571171,-0.074421741161777,-0.11217595156724,-0.0898954427575525,-0.101573385326929,0.131619955609222,0.0331472598941378,0.0537425973056049,-0.0709935922830138,-0.0401921694574456,-0.135800794245133,-0.0276175681110954,0.0117855024427013,-0.0409279480912979,0.00892106187170632,-0.119382577448011,-0.117730786668916,0.177338904548009,0.230377729206913,-0.0678774417472991,0.0525715411201159,0.0137601663900213,0.027677987027276,-0.115427029995455,0.199915625921982
