1,0.724148971042176,0.360047210214191,0.235280032227886,0.413104383592418,0.126897571722632,0.325732260248557,0.328877275862897,0.270150264608786,0.143321549238833,-0.0302729872775519,-0.230658224462013,0.145593985574518,0.327510625742989,0.546720095676337,0.538152163947279,0.00702794689849805,0.237643048439434,0.236438847017323,0.123923687485217,-0.177499777553677,-0.224825513474524,-0.12547961321756,-0.0144331905980089,-0.0351544488256128,-0.046761675520082,0.00957465855557262,-0.105940608801757,0.00704718677410981,-0.0537699447058368,-0.0743972551058431,-0.206787283430348,-0.159491111325534,-0.0827932346682775,0.194007252613187,-0.0478745210083765,-0.183760794295401,-0.328458049332858,-0.239453015486606,-0.144707981377671,-0.0551160195079417,-0.18781288360438,-0.145634009899344,-0.157143537712336,0.0151010935693602,0.0615246959984512,-0.0864458008222387,-0.169098422815477,0.146626525070736,0.109842622611465,-0.0211147023849454,-0.176248542061295,-0.0120713767518655,0.303237195753301,-0.00174744406964627,0.15203628588601,0.880746955450598,0.715757429163389,0.49567364363253,0.436959841667884,0.394908094133024,0.290915453430719,0.216862109436797,0.065560760571263,0.0214728469234293,-0.122839438820102,0.173933038093825,-0.186368914162455,0.577776612675522,0.516637260810664,-0.227623933416686,-0.217060291244853,-0.107346390830664,-0.130265657387837,-0.0322104927625281,-0.118613550350328,-0.223005490752631,-0.245235885554894,0.163418797282513,0.183032606969354,0.219891917991067,0.191112433738496,0.0168623366470715,-0.0945245199205126,0.00281302493405995,-0.108289115090902,-0.165434932779589,-0.154218555666138,-0.0938948044171455,-0.197275836213507,-0.375328019582179,-0.29718337930658,-0.240127572878637,0.0282681637871955,-0.0621929459466234,-0.0704395441523728,-0.0806032469044893,-0.0497310098443917,-0.220855026301489,-0.132322604397082,-0.212515777751167,0.0904887128779795,-0.0849545902164138,0.208770841462093,-0.0867388310941743,-0.197178695787781,-0.288660985884352,-0.00486111091932093,-0.18153305171068,-0.112879005170378,-0.171394666924617,-0.175607368881794,-0.0757105963984496,0.0789013776774862,-0.096176437519752,-0.217098716676293
0.724148971042176,1,0.186485400042353,0.33061626619157,0.300589464472526,0.382734702801241,0.408027299680115,0.544821529242958,0.435933058154238,0.372916702860419,0.124133530855767,0.0171036981675706,0.212575740025743,0.463051161416038,0.525305878025631,0.628871703721115,-0.0603795440803284,0.0468736970912056,0.147422251550091,0.163514184723124,-0.162312263084264,-0.141355167449836,-0.155426582916147,-0.0968754022535198,-0.0059365314842868,-0.0747202475177807,-0.0541015812789314,0.00999332048470637,0.147959787092231,0.046737963966248,0.106236178486842,-0.109206830252087,-0.0918218142347206,0.0302301241841361,0.0854470412315563,-0.0839986491444858,-0.152266273191626,-0.247117779101903,-0.20275338681089,-0.063106687913358,-0.0160824883489194,-0.126667906271189,-0.251104193149597,-0.290658482763034,-0.115450850280164,-0.0507116151688468,-0.17647850465797,-0.295071640784138,0.00979034336491501,0.0842476801277205,-0.14444056868718,-0.223890709531423,-0.107870128406419,0.0269918149273626,0.0376241150254817,0.12013517731052,0.821159258184499,0.909881074550678,0.470028926649468,0.55711194000174,0.393855311711706,0.528554943726727,0.208882228534918,0.310346703620095,-0.0849077853386288,0.0411180368932782,0.0647846821406641,-0.217273353998059,0.655398744326153,0.675207017047807,-0.199644555672255,-0.344840277946079,-0.123104438367194,0.0169905869488045,0.0261848104193154,-0.0229569418635998,-0.252551985336777,-0.161678190637272,0.304571157730218,0.465536474492487,0.310613351580895,0.319503452950713,0.107393211212093,0.163271011769367,0.0518131005191841,0.0545209885415201,-0.157131099766838,-0.0358742066286181,-0.0745696474876321,-0.134840570149479,-0.373946959153403,-0.367711661799993,-0.257448490264475,-0.125504940696203,-0.12445752944406,-0.135283066095107,-0.148137209702882,-0.217303435176803,-0.274997325998002,-0.371130157729493,-0.27631776290683,0.1285096921034,-0.145294929619833,0.110329501606529,-0.187483322208638,-0.24358169620901,-0.305166698085742,-0.19058583814781,-0.147107895121504,-0.0442039519895343,-0.128843237618773,-0.113302124104497,-0.145252483758326,-0.150158283048482,-0.204464033947859,-0.204389733408252
0.360047210214191,0.186485400042353,1,0.563392033329649,0.734359516890026,0.131681421354857,0.115787862266673,0.116114089845908,0.28526704591629,0.00306011121108444,0.140507406884996,0.0181408492663371,-0.00468102461714469,0.0349143161318501,0.506403731871176,0.362748240285293,0.0337779655885244,0.141325633585494,0.789394822087669,0.56324663956158,0.234255060531223,0.149644284169999,0.0696714763464335,0.0661031303752311,0.0343444719359765,-0.0563233166247352,0.100778431139479,-0.128336468586644,0.064781521913883,-0.0525912736290065,0.0632817176560313,0.0370430572957923,0.00637436142104269,-0.145605183781356,0.342793628156961,0.186780677212461,0.27977102045194,0.0200678857073504,0.000697226062966464,0.0294832996960644,-0.124018540807184,-0.14342889659808,-0.0715994201084931,-0.12614030548431,0.00826334083931643,-0.0476419060883637,-0.0951285544487852,-0.159837509394946,-0.0348187223782297,-0.0739963270877483,-0.157540974341781,-0.126966452380519,-0.277003641870503,-0.0334482919616134,-0.0956584935707382,0.0567096544585359,0.173304818521137,0.194460134002228,0.249273813954698,0.122425227496732,0.220558141783657,0.0553766802141533,-0.0587840534504858,-0.0499033887920335,0.323028518598953,-0.0307396413554782,0.198207285517776,-0.0213835711900772,0.142140831291288,0.0682136919778478,0.00620746151393158,0.0618701726687746,0.0298172304927293,-0.149597294063159,-0.00455295973540634,-0.147934843371363,-0.0606365065322765,-0.199734519079121,-0.0567712262840775,-0.0364396926109814,-0.1349248728377,-0.125450625301313,0.117487734162166,0.0155672656324656,-0.0655187455902663,-0.123621907004127,0.173913515607751,0.177473318505132,-0.00139625060677729,-0.066657850040923,-0.27108712637448,-0.229059904435082,-0.259797150045309,-0.164815477602421,0.122864708012844,0.275141128133903,0.00870412856486135,-0.00614557640466734,-0.177986298661482,-0.0846193844644332,-0.283388720201963,-0.0435987034194568,-0.262838176527002,-0.244352480824781,-0.244724835714129,-0.0418800405004365,-0.118969220309624,-0.104543636061254,0.109450726471385,-0.199363810862332,-0.167880971541636,-0.120233396296266,-0.218544748300239,-0.0453564682192409,-0.110609219441469,-0.17187654584484
0.235280032227886,0.33061626619157,0.563392033329649,1,0.552819852564265,0.63330049203457,-0.0800949385485593,0.244037033373439,0.0303406200425664,0.0708545750638201,-0.0635676148176846,0.113955007081494,-0.150122743998542,-0.0701645313474131,0.336891746108115,0.506987935887699,0.0124017405632931,0.202059727126248,0.460732277201901,0.560545721261213,-0.0906126614633875,0.216451143717844,-0.117564884152939,0.0446023430280959,0.0139055854536067,0.217796893915085,0.310672705021724,0.219040779589455,-0.0526325892805039,0.0443403320265541,-0.0818858298874455,-0.0142189952584311,-0.172682624681526,-0.0579784973505512,0.26704101480674,0.400600841296045,-0.00451206759041437,0.00842110381146063,-0.162192973844935,-0.082326534065185,-0.259365130068549,-0.160421795379744,-0.241580445047417,-0.271691783218581,-0.205113394766673,-0.197606536986762,-0.310138118979694,-0.368068725040274,-0.263276748488795,-0.172405400122051,-0.401318603389425,-0.329517037587958,-0.403295031193721,-0.280051725430674,-0.248705172596397,-0.220090489918051,0.236630107845121,0.30935874799418,0.296996003938139,0.408671902100316,0.309545467649818,0.472571454864725,-0.12945303276487,0.290165707292031,0.0909892384519321,0.456521290952451,0.14666577474578,0.103990958524602,0.343308752958395,0.264574574156263,0.0780489680991845,-0.0221217223864592,-0.227436723346577,-0.145968689042002,-0.0790401995824995,-0.0601314976030328,-0.325070973860857,-0.115761749107676,-0.155578997360268,-0.0773250648806597,-0.134509838480445,-0.106685848009674,-0.144786104292134,0.075781097537397,-0.187602753657743,-0.000137407500042531,-0.138139425956625,0.0343568402064267,-0.117295615912525,0.18969016290141,-0.0868468859699656,-0.211871304505556,0.0997613862118091,-0.168116177842839,-0.0670632982505654,-0.0361835855108316,-0.268040638210105,-0.268436661416204,-0.275825871653736,-0.354723187055836,0.014836015359946,0.000724115948773119,-0.132763446969974,-0.160860254262758,-0.104990242000595,-0.158572815628081,-0.235601136684754,-0.0655875647523404,0.0338346168921506,-0.225425297568653,-0.29037101316887,-0.243215172309968,-0.216897434549782,-0.0927794472434886,-0.0885827681809604,-0.145428059220351
0.413104383592418,0.300589464472526,0.734359516890026,0.552819852564265,1,0.537566989781739,0.418808988360496,0.300008883876822,0.482171614885729,0.126924955017971,0.262882080684054,0.0692448568756235,0.0867425326224132,0.0892491894017574,0.472309172192149,0.380200250258695,-0.146169916161984,0.0724484175117178,0.534973775715223,0.451675855913568,-0.0629366402724699,-0.0193274729164126,-0.0628403469982189,-0.0123061555105811,0.0682309296347393,0.0061217138239899,0.215060887196087,0.13418440162723,0.114767047716994,-0.0615644851825982,0.255565921282368,-0.000602005957801058,-0.0919405695810558,-0.0373310193511799,0.343416753980831,0.225183910127899,-0.0452163326354431,-0.250914315174546,-0.254694130121336,-0.181138418717129,-0.234900601613494,-0.243330707308819,-0.139777624122901,-0.149726591503717,-0.134726130726129,-0.118692425525379,-0.102416214384248,-0.191369010525199,-0.178546178531656,-0.115357963506605,-0.243144661232568,-0.19425045065605,-0.0529939099229843,-0.0197281798196919,-0.046811378141634,-0.0515979107411819,0.281190884363594,0.30296573810294,0.513511827756268,0.273901123485051,0.581152405005339,0.399849001798202,0.241863410737717,0.344551712052984,0.182411569405976,0.268230029824948,0.168185007424233,-0.108624918326,0.203543282010417,0.138788789286074,-0.0641441535881497,-0.0307363393084609,-0.00131966350653699,-0.108371846757189,0.0754366253003914,-0.0829905372646356,-0.0583090222301647,-0.0942557210670751,0.0224468436595917,0.0290454244120094,-0.0163174648715096,0.031562918158035,0.0822697709277307,0.0342735849789801,0.106630116802531,0.0102738756622572,-0.0331192870608378,-0.0392371628069859,0.195419603614721,0.146670083937051,-0.172434601668614,-0.134503360207105,-0.160456998281854,-0.0880164794502989,0.0229820444471279,0.056464561066559,-0.0751646692767756,-0.149288380178626,-0.242073844606215,-0.158895501751201,-0.246488450009041,0.143246570115345,-0.187906979901947,-0.0334004598407875,-0.244118850527617,-0.126389134991988,-0.202491189864947,-0.171745931443671,-0.0434876030042192,-0.0810330529864319,-0.07457528687165,-0.166133978341119,-0.2914412588213,-0.112355872211407,-0.163984894686258,-0.179069389290862
0.126897571722632,0.382734702801241,0.131681421354857,0.63330049203457,0.537566989781739,1,0.280764111506869,0.467223864837883,0.273736427844568,0.249947071798438,0.179481067733143,0.297801932503674,0.0827472851271081,0.100380541967108,0.146683562133197,0.322495163038261,-0.103391692374193,0.0321969108151917,0.103360210260176,0.345253934878381,-0.254418163366478,0.0755925353782294,-0.161170490014293,-0.0120408450834275,0.129255212167807,0.215727280517268,0.283451896404511,0.501191845629701,0.0989175580927724,0.0577637158648455,0.241374777173162,0.05605439123601,-0.154001419362471,0.115637636475488,0.182560763735745,0.33743708581476,-0.204181212624552,-0.10029350001367,-0.268499387592724,-0.145436140565264,-0.223115634451257,-0.152066180471193,-0.18596463981811,-0.227076575891383,-0.248892990309576,-0.20536823665977,-0.190786607781436,-0.309705772649377,-0.32788348040493,-0.0971056010324415,-0.344679966110578,-0.234370530499815,-0.108990135282016,-0.265714842422889,-0.0498389369568008,-0.178508955764508,0.207124328684184,0.317018427897674,0.405289599905751,0.455952743968876,0.528278726358026,0.747886626209486,0.102310938978509,0.597740030695019,-0.118986592648671,0.685405749956103,0.0246668161124295,0.0813492066937406,0.310990508721912,0.266283092730393,-0.0706534445736803,-0.182471553075845,-0.165559141189275,0.00281149739290155,0.0331891180914026,0.0511492312171029,-0.141306977689558,0.145075765128418,0.0813465519249747,0.155197286320222,0.169298223105044,0.202632388873948,-0.0127659395496313,0.185442628024264,0.0694711574595067,0.262961617184633,-0.218648654299838,-0.0522150092932055,0.12666274743149,0.397974750156932,0.0162555485266744,-0.071891748750034,0.178214636848185,-0.160091228290318,-0.114042222197646,-0.162492184713281,-0.268403313838883,-0.302021094999174,-0.260085653530018,-0.366600847745835,0.0770306787128979,0.0891664539795125,-0.0883742154857546,-0.0478967439577286,-0.0486202181481636,-0.125195552636993,-0.217891413449647,-0.184120863421008,-0.113522682098694,-0.0280764630749538,-0.128139176874573,-0.167983942721959,-0.235522785043466,-0.205757943982335,-0.0574560882087472,-0.0832955211840813
0.325732260248557,0.408027299680115,0.115787862266673,-0.0800949385485593,0.418808988360496,0.280764111506869,1,0.551837716636157,0.811010953391856,0.377322712566927,0.476297389494663,0.141258767512002,0.517419472159157,0.371558095054418,0.33396016055048,0.196841665642902,-0.131322172916031,-0.108068571967905,0.128556563255936,0.0725932498448064,-0.100467491815003,-0.243748066850961,-0.0169594119623583,-0.0873446805352615,0.142165660571214,-0.208768803606603,-0.178712678629446,0.0929675516946317,0.150843934321768,0.0128705220389768,0.339013942474365,0.096843146464921,0.122375949164279,0.0368545976631854,-0.0046171661622646,-0.175385057385604,-0.11269669187268,-0.216023884713343,-0.0863060147958582,-0.0702438703502711,-0.0199659717551119,-0.18353615537579,-0.0863056015656034,-0.112524969656248,-0.155715631859176,-0.212099572758451,-0.0276689684419129,-0.190076353992061,-0.110586643556147,-0.0379277868571916,-0.111115462316734,0.00958530002009241,0.0224397077340093,-0.0569762029664967,0.125857605934377,0.0155860694486453,0.316900242547008,0.33420413249847,0.361663940636309,0.098267262635681,0.468744319760655,0.227645991308425,0.509542350478064,0.327433660410653,0.0643672528496417,0.10073109370914,0.0134018866387169,-0.189591390802105,0.147054049681471,0.165575888924793,-0.14577304327114,-0.203378459151733,0.251061854870002,0.00736945553892321,0.221876444183994,0.08165134706812,0.045514298682191,-0.173934582920527,0.37374616568406,0.369283616199494,0.353376628644945,0.264115132563825,0.316996564217175,0.130922470970915,0.356157714604226,0.244732649533944,0.0124568662288604,0.0372646294854008,0.227039597872917,0.00726685076119302,-0.33632259918393,-0.260035981837926,-0.404046611353254,-0.266887901322187,0.0626396446569289,-0.000353406101570314,-0.0956520169313125,-0.156577290922705,-0.305647340714406,-0.196988117088548,-0.369176262166877,-0.0703546880553815,-0.263306002113959,-0.120140746431794,-0.303632073517799,-0.205499617841221,-0.181088323452758,-0.174352995245223,-0.0590108300000543,0.0691260633413482,-0.0843690897315882,-0.0500924170665864,-0.112323159549834,-0.262280239407323,-0.203866316400725,-0.195395672247438
0.328877275862897,0.544821529242958,0.116114089845908,0.244037033373439,0.300008883876822,0.467223864837883,0.551837716636157,1,0.471173290419947,0.721831076658018,0.288527848491675,0.176227884667342,0.415305434715392,0.537559024672102,0.235563126190507,0.319749314814292,0.0473655792988831,0.0576162037725396,0.256308174642753,0.206928468456281,-0.0899931883334631,-0.148928052457666,-0.0739310509285518,-0.105387150069752,0.105092617658236,-0.0755791226540162,-0.0670729605548629,0.146781749266286,0.0707850609114562,0.113368927317311,0.0468617699573544,-0.0378872833086426,0.172579835265568,0.287195460358096,0.171508923287012,0.0780004069213769,-0.121529752326937,-0.0933445132609453,-0.0421912514382932,-0.053503863261215,0.0288881777081062,-0.0465462392082983,-0.223525528625825,-0.274113432073195,-0.0875559294143211,-0.126789373254075,-0.212562380766288,-0.364052569960684,-0.0676595684357769,0.0579434034901559,-0.121523514390493,-0.00106544009902723,-0.161586869834722,-0.205442354238703,0.104898171626386,-0.0682378989026862,0.371435759350376,0.469193171486883,0.18238669388577,0.231099509755431,0.329435721755918,0.361644716252584,0.309560182145863,0.528075588216117,-0.0257182140414607,0.190897976750219,-0.0313404016656171,-0.0705932662890503,0.221682926339104,0.301806814901621,-0.202775734137263,-0.35102522558483,-0.00132051320648446,0.0869120700999643,0.0533442842646511,-0.0492287615036582,-0.174377779809225,-0.13980950773279,0.35346893020016,0.38450391040376,0.348590757155958,0.354993927677655,0.19843156561539,0.237545860223295,0.200583012843273,0.276449248020047,-0.135249429609337,0.0397785664348681,-0.00525793960967595,-0.107689477522088,-0.260829952007082,-0.430108832961868,-0.225113058632376,-0.400869591596322,-0.0601950115699509,-0.0978643859745449,-0.183864813024724,-0.202874498593207,-0.248414404542874,-0.257901643234783,-0.292557117192613,-0.205838545445565,-0.195357900637517,-0.0943128977274863,-0.258511986490832,-0.204507731051812,-0.220899091806725,-0.38284412176249,0.150448337829211,0.0174414492873611,-0.159079300870266,-0.164636398661222,-0.0525800699557462,-0.178040651374516,-0.175884714746372,-0.0518134565977543
0.270150264608786,0.435933058154238,0.28526704591629,0.0303406200425664,0.482171614885729,0.273736427844568,0.811010953391856,0.471173290419947,1,0.490825840832456,0.643938848497525,0.278927001693975,0.391321194383749,0.333611115953209,0.372239010037198,0.267807874479407,-0.0430725646006643,-0.131580502882621,0.275055331267739,0.240767232812283,-0.0114135589690178,-0.100689188122446,0.112253051031624,-0.0403737991800824,0.252521422882339,-0.149185682845571,-0.188381136256577,0.130191875101635,0.310948119184557,0.146208522815015,0.545419073478974,0.252535780694276,0.237182436837031,0.0240700599761168,0.00143934857032662,-0.221081616112158,-0.0541102484496571,-0.225082393869486,-0.132645161925673,-0.0368758992762238,0.0534169545212607,-0.130229907729986,-0.0983696496084826,-0.108397805243421,-0.247296677749131,-0.213899799024857,-0.0778688508756345,-0.206410130613064,-0.159466972382605,-0.0415488305400577,-0.141153682158848,-0.0204591617224077,0.00117294060627294,0.01282986412275,0.0509948453107553,-0.0193674905733194,0.259458325496676,0.348685057274161,0.28207935013372,0.0691280592145759,0.363636717940364,0.189450989739697,0.456971680029949,0.326140002910542,0.129781850163369,0.0385377135153637,-0.13601293637124,-0.365193429581927,0.230040797519269,0.227251435147222,-0.116841483759599,-0.0904440954549822,0.312421455085646,0.0504048796584154,0.283372874395434,0.0880886729609927,0.082837455543888,-0.152587669392294,0.387611668089732,0.409729333693203,0.24817890956554,0.32177093578931,0.355930258425197,0.227487210568266,0.378798018507989,0.259688745964851,0.120987684122578,0.144885850905861,0.249472418970252,-0.011621638860527,-0.213922950753721,-0.14761802930594,-0.279438297981432,-0.163477706764945,-0.0177410361030227,-0.00473709007720927,-0.0852356029766693,-0.151978350701939,-0.240686016401389,-0.190021848637746,-0.397445950944407,-0.0617452159190682,-0.253799086369721,-0.147502642170167,-0.39600688055542,-0.220434527542984,-0.134545296306713,-0.32202896292119,0.0606647224359277,0.0418047400034421,-0.110920200564391,-0.0481668625419198,-0.131568774004399,-0.204032397358702,-0.19145775801976,-0.0433573841059784
0.143321549238833,0.372916702860419,0.00306011121108444,0.0708545750638201,0.126924955017971,0.249947071798438,0.377322712566927,0.721831076658018,0.490825840832456,1,0.377519257564935,0.432312862712359,0.168159329938633,0.34931109502111,0.115147195132423,0.26290119882467,0.123883996466569,0.046075438441959,0.169115290048053,0.209997892304451,-0.0174448228236085,-0.106620246807493,0.0851837387339547,-0.0004289662117424,0.184709618310446,-0.0400685386143833,-0.133505425527313,0.101586617899692,0.225573258917852,0.335196537452604,0.177046641610585,0.218895444045332,0.144869303107605,0.246092501391615,-0.0406091957428064,-0.143995697832508,-0.0386813123815886,-0.00116985876364557,-0.112748853012943,-0.0475862371971177,0.0445137632441079,-0.0516237950977194,-0.213982162662445,-0.213945184639566,-0.138305435370718,-0.0800828366728681,-0.217878304507553,-0.294455855644029,-0.070191990760153,0.0442601581680528,-0.0663727049653136,0.0530359096925953,-0.0479155651366293,-0.0179695126749028,0.0718284734502914,-0.111994024745089,0.182353402397105,0.273791385039309,-0.000899855296484583,0.0372302222271029,0.0504896353898459,0.142364835166103,0.249843810605185,0.36091895815271,0.11663821178525,0.0325816028792718,-0.233104193746124,-0.197384551986636,0.212501738171346,0.235608185664972,-0.220067168810639,-0.339067736343859,-0.0232737119491256,0.0576317475578909,0.080137027335731,-0.115445929619157,-0.152069268441992,-0.112084566212749,0.315428233566229,0.357790102518299,0.201771815510808,0.384229115753306,0.154095942341978,0.173841993899577,0.335788665660861,0.409709436384661,-0.0360212665384842,0.125994389858664,0.0691414547406886,-0.051316782944126,-0.037432711270097,-0.099790813893867,-0.0637111263507295,-0.17534617188997,-0.108991101304792,-0.179469515476415,-0.152972271364348,-0.175998136183748,-0.153629499622779,-0.166772090150339,-0.135592847981565,-0.163615912998487,-0.0179837659734578,-0.00207520932043171,-0.22361382849043,-0.0784811747246659,-0.0338259482474296,-0.32381316491319,0.125195562374283,0.0108314165431366,-0.146299111318955,-0.165414813813168,0.0744591687976108,-0.0966264619352798,-0.158611794801097,0.0327488970472151
-0.0302729872775519,0.124133530855767,0.140507406884996,-0.0635676148176846,0.262882080684054,0.179481067733143,0.476297389494663,0.288527848491675,0.643938848497525,0.377519257564935,1,0.60013015752906,0.301884421636013,0.244075571054999,0.173398957606917,0.106098180484187,0.153584609840494,-0.064342185731191,0.225371677092222,0.224781320961933,0.263650380719828,0.0847899282315214,0.231014864665503,0.119911743759107,0.32368331842114,-0.123730095005387,-0.136810158168348,0.168704423030592,0.422690835912006,0.412724498059018,0.639762638621081,0.31090409245933,0.551191546888224,0.370246469162432,-0.0424935618888636,-0.131276620535657,0.0589751454262435,0.0165316830929974,-0.0254716774656718,-0.033936873455755,0.155301054186881,0.0604448863873929,-0.0520640869841597,-0.0584827299240324,-0.236994872435259,-0.168789777843774,-0.018416201371168,-0.174193616794164,-0.0996074459012411,-0.0817147968913864,-0.084951620980152,-0.00385887374695433,0.0253372571509812,0.0668255703594999,-0.0573566951113748,-0.16215379921723,-0.00231884383104084,0.0484322206027076,-0.0281579665841753,-0.192553326504427,0.0534033586131344,0.0621483977067547,0.233664801813808,0.253969492022975,0.174790266341986,-0.0294569641478654,-0.28207367828596,-0.28751168092041,0.101498040100861,0.0703944688175939,-0.0819486887906379,0.00329491532344895,0.406047459546315,0.254306253925282,0.438826315260144,0.127654576287923,0.13548176017723,-0.0437119667366426,0.373151069927017,0.278285794147252,0.259700208196671,0.333533032719266,0.605535242979728,0.365777273818764,0.443428876433765,0.351731807937478,0.292806946333844,0.258840259942179,0.218255273500455,0.064400484449213,0.0144032745715573,0.0569831803191518,-0.0326884199159501,-0.00547266210126313,-0.248003264067628,-0.131885738208668,-0.264995866881058,-0.203826832925798,-0.183372705032245,-0.159819018459084,-0.227143708564966,-0.0980002210835937,-0.0468613714848929,-0.195282007888891,-0.21985554932841,0.0482308576830274,-0.0384223147913543,-0.23852179571152,-0.0650316113350102,-0.0279751989920326,-0.159373355988834,-0.0611214863085029,-0.133840800448749,-0.108336913381799,-0.0170460536795415,-0.0282706616583455
-0.230658224462013,0.0171036981675706,0.0181408492663371,0.113955007081494,0.0692448568756235,0.297801932503673,0.141258767512002,0.176227884667342,0.278927001693975,0.432312862712359,0.60013015752906,1,0.0944326969097756,0.0378435422717112,0.0083891381511574,0.0996224846151543,0.140575249906807,-0.0846045193620659,0.124420632558866,0.357236781096309,0.271040320099649,0.205648274081728,0.237032684983137,0.240468104557524,0.239916724683941,-0.0609844943305335,-0.13476605576762,0.25773361755877,0.260413000581995,0.400260316870328,0.436260998680963,0.460534225019563,0.264770859417143,0.346363687904563,-0.103673268119184,-0.0502415083774145,0.229754957940012,0.335787160439677,0.0268463007262817,0.0802119062917032,0.170475347673198,0.114479181259088,-0.067863361329921,-0.0770895933050038,-0.1811795013426,-0.139136196616958,-0.0530262791636958,-0.102002170324231,-0.139154527623177,-0.0224423120024352,-0.147032965604695,0.0349335315630101,-0.146978423853022,-0.0927522324751686,-0.10895142274813,-0.214670532165098,-0.15662836444406,-0.0766631363596899,-0.0674451476250155,-0.0858834161864434,-0.0978438465615488,0.197899058814772,-0.0842834141108592,0.175305308011109,0.248102734451919,0.244043052131304,-0.157005809967817,0.0487078165785857,0.103162269080286,0.0618510605693519,-0.125715275030148,-0.171792338275632,0.217592634789525,0.288119492827675,0.289332591336943,0.13672532758963,0.0280320527050636,0.133785402614287,0.202431348534705,0.180674197393701,0.0769817927708544,0.224319745217366,0.306024640263069,0.312052399628473,0.32723973882817,0.500292090129616,0.26288457911869,0.378667005381108,0.196140382816604,0.237545321736973,0.100503716536697,0.175923722276027,0.173023367451345,-0.0565425568847384,-0.203444136787809,-0.15704166811091,-0.265610078148913,-0.21013085988524,-0.181986409262774,-0.24047081154943,0.127711906092788,-0.117340193387343,-0.000215794537174472,-0.201022908473556,-0.0188882060901894,0.140890998390977,0.0479608185340225,-0.0709378945011137,-0.0927529239479314,-0.0520915704054507,-0.130612708035914,-0.0802701446320271,-0.136728583503508,-0.190800668830049,0.0209008573045848,-0.015209814696045
0.145593985574518,0.212575740025743,-0.00468102461714469,-0.150122743998542,0.0867425326224132,0.0827472851271081,0.517419472159157,0.415305434715392,0.391321194383749,0.168159329938633,0.301884421636013,0.0944326969097756,1,0.641669680323024,0.0536503216652231,0.00213965752368582,0.161261164704792,0.0987129878045091,0.0730302654522706,0.0169737154733193,0.142844625923865,0.0123457672257299,0.0896096980304538,0.0199189723697147,0.179512841678386,-0.127380563991941,-0.191523114345461,0.0633033954290371,0.0301703908830193,0.107956318351413,0.115092117364176,0.0514849745052794,0.345261897365846,0.384496141469359,0.086894028859957,-0.0423230914839136,-0.0475144226228333,-0.028831995944275,0.0178436139694398,0.0160457920709593,0.150845784633845,0.179532545915934,0.00878567435788723,-0.00183678687722941,0.112065993394528,0.110941628902565,-0.0295925519534103,-0.186562790850944,0.139122122000244,0.172122621892228,0.072565279127283,0.198902608343203,0.025327530932922,-0.108958188617023,0.0441270635152081,-0.0419485205093511,0.227458743761806,0.175973306189702,0.139703647729156,-0.014826878387267,0.180593707802408,0.0517077199878285,0.358237205907707,0.312282749451589,0.126817440086468,0.0153050094733848,-0.0936332248016827,-0.179338366708555,0.0145920726076689,0.107976196894755,0.033857314650387,-0.0320967516210403,0.32216229689325,0.301034715076983,0.105769373584337,0.191614652496926,0.0559512828701737,-0.0264158510162932,0.68277020667443,0.527540647510402,0.602239180163677,0.445729637837321,0.426404676493477,0.394072816211553,0.307998514826887,0.231038861943292,0.030200653239183,0.0860210061175522,-0.0490434943228041,-0.129614824651576,-0.200215299803144,-0.221206460599412,-0.227725857735436,-0.310353309288953,-0.0693084058722768,0.0332490172603083,-0.0507073955980867,-0.0114941737052778,0.0222318496662489,0.0272205800345539,-0.33046586103166,-0.32720566345637,-0.0852444440588192,-0.154810066523352,-0.110282371278884,-0.0975840523152666,-0.261165176207286,-0.159696011889771,0.0361664184195946,-0.0243851456183946,-0.167141561601691,0.100135182750602,-0.0851042207565785,0.0869450034145327,0.0544476739563724,0.14529411414123
0.327510625742989,0.463051161416038,0.03491431613185,-0.0701645313474131,0.0892491894017574,0.100380541967108,0.371558095054418,0.537559024672102,0.333611115953209,0.34931109502111,0.244075571054999,0.0378435422717112,0.641669680323024,1,0.0679579267807326,0.123052549714443,0.244974951047376,0.148548889085663,0.166586074827516,0.10287861506811,0.145903264126608,0.0568949484293125,0.0866501213771483,0.079141880722339,0.18205557702837,-0.105568044255528,-0.208467270376624,0.0525220854813844,0.113735965209329,0.216094713535717,0.086873937491712,0.0130385412994614,0.312178376912253,0.474452523553064,0.116590262892089,-0.0187277758160725,0.0207299131844645,-0.00593451764808665,0.125345866186919,0.0837761472710632,0.221150831379084,0.249545311277343,-0.0859984087100699,-0.0902281527522232,0.0310529582377503,0.0951934882418445,-0.151673873521663,-0.243603369800951,0.146386677856256,0.131818131756227,0.0585610278415921,0.0490688679862015,0.0464140415287966,-0.0450503302202589,-0.0260231376584277,-0.0474821594300693,0.425305518448,0.469176269700972,0.118572065549083,0.0476104218714947,0.175875366547469,0.150139050350805,0.384452841695918,0.372775005516778,0.134548709646342,0.00413149515766836,-0.11651105552301,-0.249387546684715,0.166297374732276,0.27484519829984,-0.0336577881820072,-0.104630098603949,0.152191014352418,0.267523423428754,0.100432987244579,0.123797563456473,0.00133672186734588,-0.0463889683941525,0.577906000790711,0.72846096732155,0.713596803355162,0.654082037709016,0.461696764134188,0.456486072430211,0.3586306025047,0.32206118759539,0.00572620082160603,0.152985063135651,0.000742828473623763,-0.138668208569573,-0.155958699370208,-0.242204129538076,-0.130772212615533,-0.169504701210437,-0.011545972317305,0.0770264959310992,0.0363758461778012,0.0724961841457615,0.0491672398144934,0.0262680802573326,-0.305442565941043,-0.230978642594001,-0.0243832307922665,-0.0479639294672546,-0.270046626184913,-0.309404211340045,-0.319596425159267,-0.244149697998612,0.0503213234419057,0.0605385350611091,-0.108479226726438,0.0815338349688851,-0.00220341412393147,0.0911445516294531,-0.028351977826646,0.0741437700324926
0.546720095676337,0.525305878025631,0.506403731871177,0.336891746108115,0.472309172192149,0.146683562133197,0.33396016055048,0.235563126190507,0.372239010037198,0.115147195132423,0.173398957606917,0.0083891381511574,0.0536503216652231,0.0679579267807326,1,0.786621292578433,-0.217223271385393,-0.117790993123713,0.354819527327779,0.268015255844254,-0.208421531675026,-0.284635301051634,-0.173054562533073,-0.0929555232706194,-0.00666329581787516,-0.236050999920592,-0.106719342102478,-0.109641426000868,0.115801978735112,-0.0525023813724579,0.0962133362813871,0.0168650511074392,-0.0240587335708884,-0.143213189923574,0.239555656850161,0.0109254713932828,-0.0842923876630921,-0.264290014767573,-0.0953470306864292,-0.0309493558108065,-0.12830651887065,-0.212832407736341,-0.194275675681302,-0.205091165228724,-0.102437906643073,-0.132684454235741,-0.110439361681044,-0.171471396537763,-0.0726745984807697,-0.109348208615867,-0.163911584891851,-0.102901080558837,-0.22813849119031,0.099900541477123,0.0853230918961833,0.179437290885194,0.463954896785428,0.52357192805107,0.399541745285842,0.420980442806105,0.337922066675859,0.221637780165225,0.266979835284447,0.118652325904449,0.0314170074079352,-0.0672714865743487,0.260599711589968,-0.0106524195705262,0.455189702793779,0.564994705455707,-0.123492361981417,-0.189747594627379,0.0573551040200681,-0.123629971896138,0.0713713397720033,-0.0343132400734145,-0.168536569147299,-0.318744845100255,-0.00981625614590483,0.0223536570794584,-0.0920270808443409,-0.0684537046828775,0.0168911646283552,-0.0236732534262892,-0.100575806419724,-0.125887491921449,-0.0268635213877986,-0.00223365992366692,-0.0811618363723732,-0.157740995491041,-0.387839948185156,-0.210321870168374,-0.315086272143974,-0.185345716927426,-0.115138728748105,-0.063014314808637,-0.0510218175873785,-0.0742689490249119,-0.243390216381262,-0.219701760478112,-0.269007697599952,0.166187268437339,-0.23356379701645,-0.0219113271958537,-0.284461258541042,-0.227649740233523,-0.189949020280576,-0.0827219024978543,-0.0996942918362528,-0.0957139026474749,-0.137839719282757,-0.0389508291344678,-0.192424590009794,-0.214401242304284,-0.223085339407248,-0.34086059829153
0.538152163947279,0.628871703721115,0.362748240285293,0.506987935887699,0.380200250258695,0.322495163038261,0.196841665642902,0.319749314814292,0.267807874479407,0.26290119882467,0.106098180484187,0.0996224846151543,0.00213965752368582,0.123052549714443,0.786621292578433,1,-0.143482968990453,-0.0286742882575858,0.333238000432094,0.392119281289322,-0.282093180196439,-0.176837438980836,-0.180481060819205,-0.0555940612975708,0.0229070548820729,-0.0578422424881037,0.0684140144453628,0.021323169600348,0.202594378752507,0.15988885690407,0.0617641244446262,0.0879155060684417,-0.0804543457556893,0.0247812863926952,0.245445519820147,0.0886539584422859,-0.164416733462007,-0.211679848982401,-0.162811081658443,0.0120822536188199,-0.147348245466087,-0.139651083401378,-0.348030280784885,-0.352244729129161,-0.263428076303542,-0.227194674104774,-0.214057623574002,-0.302912597737646,-0.203744047389259,-0.195546896974578,-0.302340091912212,-0.258045096666208,-0.267644411653695,0.0697090631506152,0.0908648871156745,0.111527261441515,0.533995093223627,0.587933919708923,0.35929745229363,0.493066702060032,0.33378153341136,0.319037249604488,0.244995368213266,0.29865971080851,-0.0339146779605786,0.00508221146686186,0.0996544807016451,-0.0669610596276525,0.612015661330561,0.666071993319599,-0.122064741197396,-0.256724093506728,-0.0857627694554273,-0.150708024958471,-0.0337307735087857,-0.0454568576027268,-0.259178498614961,-0.244216616249698,0.0681796270398162,0.180352049870181,0.0423838824421334,0.152411714831639,-0.0385698250061423,0.106615062950588,-0.0233927298008737,0.043120252281331,-0.0967107327696911,0.0285981839989384,-0.0899638717423722,-0.0454074317236977,-0.324556380776971,-0.232855333328927,-0.179916375789922,-0.0890071506096044,-0.147359721054879,-0.214840066621324,-0.230154200182895,-0.241881283103768,-0.33301164072909,-0.400119554761916,-0.218161138681359,0.117730080575793,-0.150026546775525,-0.0407193933763223,-0.238971506083883,-0.333078030527098,-0.245980083015485,-0.146345712288603,-0.118805403670976,-0.0864052287490891,-0.2177265643488,-0.167806464046375,-0.200268607412214,-0.224453135642805,-0.183909958023139,-0.343031949625807
0.00702794689849805,-0.0603795440803284,0.0337779655885244,0.0124017405632931,-0.146169916161984,-0.103391692374193,-0.131322172916031,0.0473655792988831,-0.0430725646006643,0.123883996466569,0.153584609840494,0.140575249906807,0.161261164704792,0.244974951047376,-0.217223271385393,-0.143482968990453,1,0.625391205295879,0.210314973552238,0.195342865399898,0.387029105099994,0.466874123360561,0.586771130622627,0.640938530901725,0.499129138743047,0.35843546967156,0.127163843709632,0.306767598992032,0.207366818650492,0.526340685582562,0.00523995653904399,0.342531363175624,0.119221202693229,0.172023584378093,0.0872763633475197,0.079541106637604,0.166015853312206,0.244778531132128,0.125729801392127,0.134128498872174,0.214835195114729,0.19596459664128,0.0825574336983706,0.0324707207319437,0.08039614199315,0.0869973797487652,-0.101398848126092,-0.106442097926626,0.251488332503227,0.203843990838652,0.276971239111759,0.258580954003363,0.054564283587994,0.0128089650669032,-0.174822853468687,-0.181738435803522,0.0538294850279724,-0.0375279871296244,-0.196279450117812,-0.129716687559871,-0.182663007624003,-0.105319082053677,-0.02392615153774,-0.0140358243349214,0.265003146241035,-0.0621493679591989,-0.0937814740984675,0.00475297473696044,0.0119508689436762,0.049202484417702,0.166066118104847,0.127406255009529,-0.0353020304365707,-0.0974860846910267,-0.0687063448868766,-0.193298409404567,-0.0271614929540572,-0.0932422696539183,0.267587830876004,0.188322030849879,0.263555155728417,0.325432310601612,0.32823283818697,0.297085399847019,0.302796497491243,0.342401122938231,0.0329683479257643,0.304940471371646,-0.0320609271089989,0.0595438229864301,0.201055482351921,-0.000539091135436564,0.259948751410996,0.0345818189709919,0.00435269842698718,0.0523787938970708,-0.0238924286250783,0.168894470023296,0.144461582783742,0.195845526790557,0.0617766305778859,-0.282778853017719,0.172695597183577,-0.0951262687827479,0.215546077836408,0.112675195323798,-0.0644818546698509,0.161443221711704,0.106205378573636,-0.160929679322782,-0.301097142038956,0.0817183573409732,0.2611612374402,0.425597659701672,0.161875276151855,0.235946138892273
0.237643048439434,0.0468736970912056,0.141325633585494,0.202059727126248,0.0724484175117178,0.0321969108151917,-0.108068571967905,0.0576162037725396,-0.131580502882621,0.0460754384419591,-0.064342185731191,-0.0846045193620659,0.0987129878045091,0.148548889085663,-0.117790993123713,-0.0286742882575858,0.625391205295879,1,0.112578645853731,-0.00919911432413756,0.134006310678211,0.235372681539193,0.371005505848397,0.483751617081072,0.389453935173917,0.555092540704785,0.30014438727021,0.269278490920681,0.0542083931900305,0.324511627735376,-0.0565439803048998,-0.0292855680479262,-0.191369203577512,0.0160139004531133,0.018296181152326,0.0285822322852193,-0.0630382000967476,-0.00387034031620825,-0.236527603516601,-0.309521165897581,-0.0628449446634986,-0.113484300503015,0.0276949450525343,-0.00654885409244297,0.147211460150477,0.125238063713962,-0.113046378315455,-0.177792633394277,0.349333098666364,0.229103198729477,0.257701392489023,0.127253556754733,0.111924219172857,0.0705831326628965,-0.281066307351815,-0.246319922827057,0.201020257550496,0.0710993969460977,0.0367858713578562,0.0244082329157756,-0.0740243783144059,0.0102587124766825,-0.0504464983488141,-0.0509506805625209,0.0668427181842186,-0.0485523439238882,-0.00263458040597837,-0.0430865553923844,0.0948420394767795,0.0249934950172919,0.217578705584821,0.157356460481017,-0.259916250488328,-0.174170975646506,-0.16851197663919,-0.220818445365069,-0.262855656864133,-0.297695389347015,0.168068930166069,0.0757218518762634,0.210132975071166,0.186784989686386,0.124312495839411,-0.00763879923918484,0.0571787685525599,-0.0375995029930025,-0.238443661220713,-0.103531102493282,-0.179137167008632,0.0207776272547108,0.181673784566145,-0.0324428046482238,0.297663037467887,0.0799811238091744,0.0354362271998516,-0.0149123468750081,-0.0603101636138197,0.0892895708082925,0.235149412418765,0.236842604373111,0.18164020048463,-0.158145922019305,0.284008419776627,0.107600810066727,0.334875953301761,0.0648173984517508,-0.0530843612682909,0.102874793851453,0.0643832981348578,-0.199308158825643,-0.304563965293524,-0.0800505429645942,0.265749997290937,0.534511698424128,0.15910847433423,0.219730955535524
