1,0.46294729197632,0.0926812036568695,0.0530411489796957,0.108236351429876,0.264547357358347,0.461397396464249,0.451569049942555,0.487915586088762,0.414700253471101,0.148287192256239,0.144841187566341,0.317896417599664,0.329998000290726,0.135629015966533,0.332071687417279,-0.132395761985755,-0.148043521974332,0.0231691695913855,-0.1081991958446,-0.0161983836854424,-0.138490643555208,-0.0671006972245289,-0.0930932264250353,0.151715621841793,0.328444835223848,-0.0241344843312673,0.00211611148484379,0.0120172489359457,-0.0573129032714328,0.111034485066588,0.0937476196860883,0.254451960373355,0.301620596843223,0.203608802392032,0.116557243345416,-0.141697104376129,-0.244863037327388,-0.167181525016657,0.0850222690901901,0.145967324203422,0.155562656297471,-0.275157010906184,-0.293724873102694,-0.156250299696205,-0.0735389405438688,-0.0861563721748221,-0.141031928224336,0.0390410024452197,0.216405504779205,0.124481546221746,0.151654478209933,-0.0861915327074448,-0.125255963646373,0.12765356321336,-0.0109771740694518,0.750374650907972,0.446284446737752,0.558191931395992,0.33011267654901,0.392870763621394,0.206998306040659,0.43502865575438,0.426927998224828,-0.168880398067184,-0.00826584980615826,0.0952238172654474,0.0707007243534214,0.550037273469625,0.384298627521547,-0.0342943887900757,-0.131729649707686,0.158582640402542,0.223424419920924,0.000136555878747144,0.0902825392327408,0.0327413168240568,0.0919566972766852,0.0235958188743817,0.285511404738198,0.0745023408598176,0.289442685070406,0.193230836840828,0.0883557833538657,-0.158038929168975,0.116384888744786,-0.178988026032549,-0.181904506668949,0.0393427018659405,0.18701590768944,-0.222738465300694,0.00733781360362384,-0.192581295267858,0.0999263807997093,0.167878210043042,0.0588269577801448,0.121163352336834,0.116393458056228,0.0922885094818136,0.0834481025931113,0.0414444790893659,-0.105675624431655,0.143386777220954,0.206278463831401,0.124203693249226,0.184826356180365,-0.0736690103013144,-0.048693469804606,-0.177616862724541,-0.0180057786857361,-0.0347149825021243,0.101500525520029,0.0541108213610012,-0.0757247499143281,-0.268539071675392,-0.189918349139396
0.46294729197632,1,0.191202365238961,0.350825756374135,0.152044461639835,0.456104869324414,0.21974238615085,0.329794486752312,0.161486931674446,0.221039480404698,0.0601388386082222,0.0947913013408605,0.363694608357133,0.211938107256501,0.218699656786592,0.473252304201344,-0.185931242227129,-0.120635089127552,0.179268079741764,0.0666326598296011,-0.143560675907373,-0.137523042568117,-0.167042211258099,-0.0724177791507812,-0.000791849568269672,0.108537190348539,-0.0805613485418259,-0.0346391628738581,-0.0330125197872672,-0.090294989264372,-0.176382566208521,-0.104548901868111,0.256191337453759,0.381698816087388,-0.0250212271806585,0.025411079555893,-0.220821448552288,-0.372925955261046,-0.339713751193326,0.10824625931088,0.0262015732419148,0.177522561445064,-0.0694907795774689,-0.11619819023664,-0.106986144439725,-0.151159553674946,-0.0882442683875648,0.0335011710855061,0.00581699889243102,-0.0229085634338884,-0.00209910429159701,-0.112424558743407,-0.049416161596486,-0.143211276381342,-0.0673380429073979,-0.00415247653997814,0.536746509157282,0.721940088331731,0.245224591066967,0.323915921660991,0.0390708159174185,0.181468272815086,0.326829155573971,0.322168731748577,-0.237552234155981,-0.352222341703303,-0.132039349388747,-0.176913581426904,0.699845629039358,0.517718219457101,-0.308774202867745,-0.239734703342944,0.202550176139067,0.304288297831142,0.058277797171356,0.142618400561408,-0.0310068050167889,-0.0142025427316703,0.303521791732308,0.187656677932575,0.348184283046287,0.185976794508226,0.225454916246666,0.184211119469838,-0.130441365481411,-0.151978524014868,-0.293243774257099,-0.112074605558743,-0.103214359058881,-0.0575932319939792,-0.227478045702824,-0.141724143504434,-0.24932079297334,-0.0383390447074986,0.0990677654699684,-0.0434427920012998,0.210260510548197,0.239940698041191,0.142816479745054,0.0166881842405406,0.076272570144996,0.0610108478290504,0.259824944621644,0.247058360678762,0.0324360541591181,0.167594693320468,-0.143376629056991,-0.0607026375903456,-0.201588870214749,0.166429339536313,0.115053798521447,0.0420627480153524,0.0120357660829024,0.0398479215481051,-0.232249253786273,-0.235058114408402
0.0926812036568695,0.191202365238961,1,0.657249603186023,0.774026696933594,0.426844273507708,0.0760651153303622,0.11199733439218,-0.0519425110622156,0.038792046508127,-0.0601607481255908,-0.238402502261471,0.0124447162061523,-0.00856196760880158,0.521270748555273,0.490281760006345,-0.0028719324403816,0.0478832911451128,0.750871655555447,0.657745325687742,0.171022411973833,0.0791587346386425,0.104212944476232,0.0657517457732487,0.137335208903054,0.000282157970974107,-0.174493883650912,0.047769366653046,-0.0571701829078504,0.0389415006734307,-0.0401543178672286,-0.165977577178029,-0.0271581257034486,0.00811951862556683,0.270591622100364,0.288316049638709,0.146874152000715,0.18213344810352,-0.0364657909804661,0.0703235061812183,-0.111688427046576,-0.0153493308372944,-0.0564343534064073,-0.0680213455112371,0.0929728682465806,0.0312789236620149,-0.0186459304220648,0.00614712086573036,0.0522723945908852,-0.0370558689097593,0.0283996735450577,0.00855053006828966,0.076918337569025,-0.151434300326773,-0.0591462663625567,-0.0278788627097711,0.0981267705953054,0.176727427969029,0.064575296830239,-0.0778822164115032,0.0387162738219807,0.157070047021517,0.0207501269960009,0.0424168860484264,0.173801624541296,-0.0659621781907849,0.220666071902271,0.145773050542569,0.0434621851025484,0.0256050559786397,0.0500056399923182,0.00369911123434583,0.00529856745374062,-0.0317542754108855,0.059440885370109,-0.0631507191262839,-0.100376499386495,-0.0938760499260684,0.0462193289124349,0.209693004207249,0.0401503788914695,0.0711649928680761,-0.0138053352927464,-0.193855053853978,0.153122105847617,0.0561909704938423,-0.0957164550307628,-0.047100788564045,-0.0644713028754019,-0.0937983197849262,-0.196255717852419,-0.232554274402387,-0.285538570166601,-0.178926025687397,-0.0367715131272178,-0.196776639425985,-0.153503531503583,-0.145279558335642,-0.136669124251491,-0.216604611835808,-0.0393463487344552,-0.124220845462591,0.0339238212651859,-0.0152247683059098,0.0200461680172362,0.0147443163657131,0.0187097361080599,-0.0818021129545031,-0.266849955760708,0.0382100642635942,-0.0597065383773949,-0.167484008301316,-0.0760544013814048,-0.0199192016628562,-0.0485141013124019,-0.227502329551288
0.0530411489796957,0.350825756374135,0.657249603186022,1,0.505947750737654,0.701557412717571,-0.0514502439890968,0.403587059995488,-0.146744647733609,0.258825194707059,-0.036208163829152,-0.128380637576511,0.183060032339019,0.0082658139105832,0.636884757020859,0.724115471028423,0.0769734515840361,0.211068257158484,0.695468951316825,0.667067567549197,-0.0412503160269012,0.067505548873427,0.03380400499371,0.144994466631497,0.291236576180764,0.295226824470483,-0.231471253999732,0.190632815591997,0.00680020076818655,0.262026363643914,-0.0986657820620322,-0.118877674869408,0.103733378540037,0.285324579264466,0.359153879502056,0.478825591164978,-0.096155865289209,0.0313441758133198,-0.161631885971142,0.268156823974662,0.0495399161811817,0.0733062223179578,-0.0375723667654805,0.00412547689988607,0.0882641758900195,0.141505316238126,0.038049325702862,0.157768453547081,0.135226199528,0.119887538072385,0.0267380860523425,0.115375621904019,0.0838756298521288,-0.0616452940502683,-0.0498429432455107,0.104179831296679,0.167795061080197,0.44529216899567,0.153773960172783,0.24602527668259,-0.0147369821714862,0.409343376056046,0.221954615915018,0.376257573097627,-0.10756866365592,-0.124555517928271,0.05155778007142,0.189357123815045,0.252566232268402,0.310207976322106,-0.126998417965777,-0.14056629160004,0.0435942175240273,0.0803492446077664,0.0831962308534962,-0.0165661283982674,-0.0590941036249893,0.0218889331862377,0.121664866257352,0.173128468477754,0.235464442590205,0.0868208943512985,0.245655995995418,0.148204161982366,-0.0330162927904541,0.0713938439699555,-0.133070716956173,0.0522424270916397,-0.149399552714299,0.0453935596222225,-0.0963405353928534,-0.237075757965245,-0.0930088685298284,-0.211755031275729,-0.0681621226244416,-0.285287307896455,-0.0418195564290208,0.0787793892751548,-0.0457261394764746,-0.192716664970455,-0.0402086625862852,-0.0440675166615407,0.0559568196227039,0.0307725023543861,0.0926457197064904,-0.00878037738476664,0.0721941370253314,-0.160998291631754,-0.219822645389426,0.248301931717816,0.147306198225699,-0.0849217647239232,-0.0312460243993012,-0.0102863542791769,-0.206980619367521,-0.342098260336888
0.108236351429876,0.152044461639835,0.774026696933594,0.505947750737654,1,0.403244084437642,0.141400307815367,0.159150340853752,0.146283929159392,0.13040216287261,0.154999222908395,-0.112058530025765,-0.0262242670468574,-0.0655948547300109,0.263755033356565,0.265852517056378,-5.3354513104136e-05,-0.0657391928223794,0.606119076787937,0.446402716993243,0.107387092811721,-0.0135890733832863,0.0813731127535667,-0.00781717176182469,0.0249211505289026,-0.0111908199485276,-0.00169473200065011,0.156106468247778,-0.0838425843003796,0.0388175367538173,0.0781520907629623,0.0491737489967415,-0.0387205651118293,-0.0614718122305995,0.243414438195899,0.177347286768905,0.202825386089193,0.0783386265191057,-0.0741721156683728,-0.0839200377681603,-0.140007774850446,-0.138213246592186,-0.19380002179086,-0.201708062903699,-0.134793449380593,-0.203305503238802,-0.195386238044852,-0.064061652036642,-0.0758575631633107,-0.163712608843616,0.00338752830096025,-0.100219604652024,0.0468582750394852,-0.157451511767567,-0.0544923939906699,-0.0500075931704746,0.0833311008104522,0.111520271798059,0.0465977124761765,0.00301066626564351,0.218623341360699,0.307644627875445,-0.0742815081156143,0.0428218733245769,0.213943890324541,0.00813378815913599,0.149648083286372,0.121208866960424,-0.0051776007662237,-0.107508207736977,-0.0845175163304336,-0.120849941052786,-0.0108906461507226,-0.108895219344708,-0.0761590200291938,-0.0705942431491026,-0.097269767222946,0.02639721181585,0.023376911514945,0.156843612719471,-0.0542200507332806,0.000529482988598016,-0.102726523600086,-0.230662788825851,0.0649845974399367,-0.0739521040655842,-0.10255770135758,-0.149596534378586,0.0528254996753774,-0.186856071159478,-0.0889662255671734,-0.198387282034776,-0.227244383136529,-0.105248985137602,0.0634012795556746,-0.0974082668300518,-0.0920982864682766,-0.186064556417789,-0.0395168266024356,-0.125719593636335,0.123973122107778,-0.00488406183348447,0.195323786781005,-0.0197120878244242,0.0737644432544222,0.029246442266826,0.0309218174055394,-0.112238889283424,-0.116865752639838,0.0179012942811158,-0.0383846560262119,-0.163297818951942,-0.0982685429360226,0.0196073039518029,-0.0300660564157692,-0.179554825194212
0.264547357358347,0.456104869324414,0.426844273507708,0.701557412717571,0.403244084437642,1,0.0124221427622076,0.445489023551065,-0.00886926035042634,0.303880514409189,0.0765475902317895,0.0730001765605458,0.344425026781584,-0.0101888008149878,0.225778903436884,0.41003475741204,-0.123494603160954,0.189905600766851,0.316935452128433,0.25209840861421,-0.209220458022979,-0.182925704582297,-0.250401331646873,0.0254079615991096,0.223148734679833,0.421356857602088,-0.152530525955283,0.354442444426156,-0.120390570066107,0.32900394104928,-0.107983827240764,-0.054207429535471,0.357588912622462,0.481456853367853,0.180165539508276,0.338871513705864,-0.347275044420388,-0.200124171801457,-0.393871127428398,0.0740643865241866,-0.0119992927534389,0.0667655766495743,-0.0274794241915812,0.00454606828106863,-0.0265025348008436,0.0317508961146725,-0.206292517762128,-0.0868785878884077,0.104279596380293,0.172367077677155,0.0924858721346477,0.0627509876269633,0.103499170739278,-0.0442014847611035,-0.121479698904604,-0.0939802701977205,0.28307329121641,0.416198585913654,0.338215500878851,0.53832870982862,0.0572093399142562,0.469688105326402,0.395712498420932,0.507144939013902,-0.31042953402196,-0.18292651708245,0.0400772453432858,0.258497332858618,0.302433658151771,0.405735157415343,-0.110612557393169,-0.0941975745964907,0.256750478794271,0.349668556046828,0.151437104492761,0.0788281924731262,0.0159101968979655,0.043102651521273,0.13120179183211,0.202389059168402,0.309966561321296,0.116918086725613,0.278318713675153,0.338756481739793,-0.0970186443279475,0.0601867189687298,-0.262437360693133,-0.155919190603214,-0.00774509542731366,0.100966557429829,-0.0353581178253875,-0.302700469630996,-0.0696242437818316,-0.249632705477622,0.172357757477023,-0.0979411327017072,-0.0368936663174247,0.0353402717016179,0.0509114295351382,-0.0842699622436359,0.0548198233068377,-0.116799578179838,0.14798854563026,-0.0816600402677611,-0.0313715679239919,-0.163504211108869,-0.0211341624554934,-0.216662795924957,-0.209485789495717,0.109309340385709,-0.051797850435705,-0.0770486589504751,0.0914157775185796,-0.217655648419243,-0.298065321697198,-0.230896123029334
0.461397396464249,0.21974238615085,0.0760651153303622,-0.0514502439890968,0.141400307815367,0.0124221427622076,1,0.175633372945332,0.773559723697382,0.212022178630576,0.202471710234327,0.633082457775948,0.230884562816087,0.561834534606959,0.129857145896854,0.017543309151195,-0.147923673647679,-0.245669285002377,0.0931042881392064,0.155408025227393,0.233878818215928,-0.0507628092533912,0.155285433794409,-0.0862722157525432,-0.13937137470112,0.0557319077655105,-0.0752974392416048,0.132824740144139,-0.0960463150281219,0.0129766740010658,0.236901768103172,0.432633749153198,-0.100947189509822,0.224956612762205,-0.218060769187003,-0.324129382207675,0.0496899693120481,-0.0672207993596659,0.105515646065158,0.0873314195030447,0.013279645750997,0.141181592837323,-0.432164712385948,-0.280968241359958,0.0822900411747229,0.197145391924796,-0.211066868537517,-0.298989656053042,-0.0412447270364591,0.224949431813785,0.00892137376821758,0.232827579578007,-0.358869908226344,-0.183205220835996,-0.0286943099203286,-0.146161038468705,0.305300348252088,0.0339343839003566,0.0805233254000132,-0.158656628843998,0.44475092684402,-0.113457508199451,0.235307033105797,-0.0188090677716533,0.236356804975893,0.293775890586769,-0.053142915823506,-0.0627928506513377,0.21082868725708,0.0786313633133919,0.0191877099059285,-0.125459411582669,-0.104276643514449,0.0921958735914219,-0.216818767397175,-0.0796355505621517,-0.344850096830105,-0.256646344814592,-0.206774007987498,0.246674650351645,-0.17482183232116,0.241277332984903,-0.12515191120036,-0.0293287511614037,0.0406283087195644,0.256281564011713,-0.0212231319250446,0.122918875656395,-0.0628829027721451,0.057392360778078,-0.318242508675638,0.0344552413178142,-0.123196587035308,0.213402009471556,-0.168456745140015,-0.133228200050575,-0.111276790546492,-0.105671440865106,-0.211065367781324,-0.144280154720991,-0.128062960213605,-0.00469327957421169,-0.0412925233619717,0.13750080749747,0.0441394224812091,0.200394218503369,-0.108867036152002,-0.0913529484712869,-0.187171929502199,0.00148236358855921,-0.0806514466004351,-0.153004575729653,-0.156608213529587,-0.031748868813273,-0.0590612208294092,-0.115844700783097
0.451569049942555,0.329794486752312,0.11199733439218,0.403587059995488,0.159150340853752,0.445489023551065,0.175633372945332,1,0.28995030141905,0.861466170732821,0.135574442628419,0.266474701795491,-0.0262307915258313,0.1664275314006,0.253388966759019,0.326134925144803,-0.0600228681047902,-0.0826975438677476,0.251226850282146,0.143789807022527,-0.175359728750678,-0.126888767291116,-0.113230184663951,-0.1032922134225,0.249604502847996,0.298771564130606,-0.0811274643856947,0.165364748892691,-0.00806534018455443,0.0823518491158203,0.0509665073753178,0.0660848131402336,0.0563323370999261,0.223401930309856,0.260008797936382,0.195027071469821,-0.172721053378571,-0.159186454461045,-0.210911992085722,0.0556630478215555,0.132785125280986,0.0309151371344193,-0.278478569576335,-0.348271819942625,-0.211796459416452,-0.0610876059335854,0.0366698084623711,-0.0429279595365609,-0.0572249632376276,0.0707834863938591,-0.0197540866505082,0.0308595870607369,-0.03611093558037,-0.20339539922477,0.0986333599919734,0.0373349776610807,0.433460897676233,0.479295777683661,0.282762456218738,0.323701589190548,0.230063647309677,0.548575160132151,0.316283799039204,0.615434132164488,-0.300084044723045,0.00847860572037343,-0.135584474938214,0.0736226206641702,0.327128779673259,0.217416568146747,-0.190112888737086,-0.249612313676564,-0.0745491126447504,0.01593171719119,-0.0591687890336602,0.0807037040086215,-0.161348824950423,0.0250965968793163,-0.100611380096641,0.0815538328896131,-0.00841634149769187,0.0254323224401101,0.201321548409225,0.151225226469428,-0.207759035498892,0.00272497048233109,-0.0387015799166104,-0.141491093765704,-0.251777577821858,0.0293629822984364,-0.137578687318516,-0.053784733636264,-0.0564899475973581,-0.0308819410067044,-0.0281895923878899,-0.0422419933707532,0.024147764545006,0.111274894646879,-0.0453920193483325,-0.032853895131862,0.0437632988611322,-0.0618113267649031,0.206127264861127,0.0349185588906775,0.136974955198407,0.0231192641824438,0.113356950399342,0.00123459241542426,-0.169041352029109,0.0433664674579586,0.258316196006374,0.123194832967651,0.0165029698704812,-0.0528334745338799,-0.271707651542495,-0.0764779339720964
0.487915586088762,0.161486931674446,-0.0519425110622156,-0.146744647733609,0.146283929159392,-0.00886926035042634,0.773559723697382,0.28995030141905,1,0.365827755732373,0.431283859371038,0.626698539753036,0.105525755155107,0.399371698161228,0.0533823432602665,-0.0142504262095732,-0.0862307413077202,-0.236968868190506,-0.0510329840683343,-0.00253007531846527,0.0510357731098458,-0.168264461800152,0.0514584535331489,-0.138400121067183,-0.121851785499999,0.131327485290923,0.0811104652467121,-0.0160128980162986,-0.0159211128372005,-0.0240076991509115,0.312612820228871,0.482371627648051,-0.0667549181671688,0.152185859258888,-0.0921218736812849,-0.277307671985578,0.142023623161375,-0.0586785348674337,-0.100461029508271,-0.0217147673109931,0.0575353667751905,0.0606741105995884,-0.326438472998137,-0.234709796212999,-0.0897082215018886,0.017706506050971,-0.15618664514865,-0.21693681388465,-0.0326893158312202,0.154327615634729,0.00639647421677539,0.0849200921737136,-0.167587111816741,-0.164916270770922,-0.0351648071964853,-0.124988303604877,0.240677756458602,0.0423494807758813,0.124852518304798,-0.0401773949450798,0.554341505583709,0.0187997954605037,0.290166041935184,0.115669404414217,0.0998316014240773,0.189985594292422,-0.120199592298578,-0.138549432986429,0.175852423460741,0.0566637615437034,0.00833895424938584,0.00280210066735209,-0.0716909045712106,0.0606064666947876,-0.203009180473913,-0.0427705739022135,-0.152163031097559,-0.151892475739059,-0.199376075584583,0.148711905707263,-0.196063343492625,0.0749560057577671,-0.0351025350388865,-0.0128721064921676,0.00385150209519459,0.155690391032209,-0.149625855496754,-0.0145013242994279,-0.0202348005086171,0.0284547369253191,-0.142041142426174,0.201644063326149,-0.069770038924847,0.286808360207299,-0.0406330960409997,-0.0952885689022615,-0.0459724000202245,-0.0608503187194063,-0.0859392426653685,0.0409416457845018,-0.0881566376708188,0.0814665616229286,0.00890706265398306,0.198463153030071,0.0879474171535984,0.194643155326185,-0.0551583128638704,0.0160530333582252,-0.177537700522229,-0.0582102906655353,-0.0291274841341508,-0.0131664379439782,-0.111734388834139,-0.00959452845643419,-0.0778275854398689,-0.0412831587093805
0.414700253471101,0.221039480404698,0.038792046508127,0.258825194707059,0.13040216287261,0.303880514409189,0.212022178630576,0.861466170732821,0.365827755732373,1,0.183064550364574,0.345027886880274,-0.0345076959454253,0.174035085881934,0.133316944282498,0.229894208694831,-0.00206958628864711,-0.141888364531675,0.179409018869469,0.0785871021824084,-0.146375093835496,-0.0780819344119965,-0.073961041474885,-0.156089826494126,0.185260293301525,0.221825935302425,-0.148521935479784,0.0695023657762468,0.0161821279367007,0.14419401040327,0.147438567204637,0.0994256914748781,0.0727372567323392,0.216659440534873,0.25096209783545,0.171075463716568,-0.128044850120702,-0.133638194073953,-0.171343471159249,0.0551678179288943,0.195819964946702,0.0371613515819473,-0.261131343233875,-0.306521136539611,-0.176043340968454,-0.0191803790209179,0.0593706771161896,-0.105517283951814,-0.0784626420167447,0.0540301633707433,0.0449191603586933,0.0700177154009143,0.0575603275673748,-0.24492945362085,0.122639828817413,0.00589916991512941,0.346174523507124,0.388994624454361,0.231655602654584,0.22791601259487,0.205329523868028,0.441183395308905,0.318730261130828,0.559076564481505,-0.287390358420044,0.040409966249775,-0.151093230729503,0.0530824391305049,0.269808060330272,0.225624286113549,-0.114173737267396,-0.238127989835317,-0.0854631181991035,-0.00379824987378979,-0.0467846457272215,0.109085579444159,-0.0656782741619086,0.124137262531985,-0.0883333483928535,-0.0337668093347779,-0.0141189871714895,0.0978260534578793,0.156494590922258,0.1897250377621,-0.110072794515913,0.113991784000851,-0.123615305245513,-0.0868401932729843,-0.221700820218449,0.0569948867418146,-0.132402257222648,0.0784581298805777,0.0259713482212778,0.0563081474743663,-0.0767487225654492,-0.0537326486280585,-0.0261190619775248,-0.0116012992859675,-0.127113354110917,0.0241376260736358,0.0330317223896723,-0.107708700421946,0.191011584953298,0.0216878541659934,0.243717593216671,0.0589512851858865,0.0333646522884783,-0.132380049213499,-0.12054004472798,0.0270780470352676,0.249739568025246,0.0979164224524676,-0.0591867958846332,-0.0393909789862527,-0.219398793958077,0.0139067999458217
0.148287192256239,0.0601388386082222,-0.0601607481255908,-0.036208163829152,0.154999222908395,0.0765475902317895,0.202471710234327,0.135574442628419,0.431283859371038,0.183064550364574,1,0.214072402568861,0.0118287133079903,-0.0678420234195421,-0.0711780664814162,-0.0411977587985217,0.193739638095022,0.119241325078098,0.104382324670401,0.0880205130416518,0.00794946612146807,-0.0295459416079088,0.30414894903126,0.140295313026864,0.0643604696164398,0.227095655218379,0.0141918358924818,0.00636953979940362,0.28780670192607,0.277902663447983,0.593573363137041,0.588354487466452,0.0642116227943618,0.0490562997022472,-0.0119621239584033,-0.155531370801339,0.201330138041203,0.00292010521129551,-0.054165986970137,0.0511148006976115,0.239291829267402,0.0546523634235804,0.0573304833639133,0.101777239199706,-0.0541282612916484,-0.0369143830185122,0.0984315415822926,0.172949014652753,0.177732774301992,0.0193808554875122,0.154761570187689,0.0495086907104236,0.14754323040879,0.205698726183823,0.17226351039995,0.179470378379138,-0.0425024334232042,0.00625241965948954,0.0419963624069695,0.0722442963299611,0.311950448929005,0.156840582236125,0.148718915758696,0.0561631061632217,0.123001210344896,0.0102932878592317,-0.0883424427494846,-0.0736186703326013,0.0155267028581208,-0.0718340416443752,0.0910083084145571,0.252667170951332,0.193466408214261,0.253139123624359,-0.0636595576218486,0.0569528894182386,0.052943280564373,0.172010887882658,0.0889080007623832,0.0323979793768741,-0.028740631423316,-0.0214507038401953,0.285530116052583,0.136340666365523,0.218425368435319,0.139522957036051,0.0718657220168708,0.177758450619269,0.0402531598438162,0.0374692772191921,0.0662563911095646,0.26901181643593,-0.020170946360908,0.277564286519115,0.0754265604438166,-0.0370679111160715,0.0506362839942652,0.143242906789238,0.0565119215501897,0.198309228899627,0.0804303085561487,0.129960336991353,0.0687561247045977,0.183569067913152,0.0637002522441382,0.0989889266064708,-0.0065599201231666,0.130286878424788,0.233628802096823,0.170977320011134,0.161585615227844,0.0886724370258816,-0.0644636851888312,0.0372410064369252,-0.0632432606481571,-0.0839178228729619
0.144841187566341,0.0947913013408605,-0.238402502261471,-0.128380637576511,-0.112058530025765,0.0730001765605458,0.633082457775948,0.266474701795491,0.626698539753036,0.345027886880274,0.214072402568861,1,0.134079106952526,0.461021084988688,-0.0548653951295419,-0.211267225610218,-0.150823236311207,-0.162576899200981,-0.19188331152424,-0.041648891169505,0.0210918496308258,-0.0469704385570599,0.0110365286323188,-0.104462006976146,-0.217954590703097,0.00344732628353038,-0.0423518397590162,0.192340551114151,-0.0976962028948567,0.238529000983862,0.200051311159394,0.508949242629054,0.0242927770793127,0.375081660061144,-0.27720335791282,-0.32906101348627,-0.0143778086319841,-0.0557353569463228,-0.00497723793259506,0.132726797591022,0.0665203107338393,0.0828148044495234,-0.252305818528091,-0.0878648828930554,0.0742436051421299,0.176660696056123,-0.0981018688724377,-0.247873961809553,0.000545706621145388,0.191509938070433,0.0332416082749833,0.170631542357661,-0.182472601088158,-0.0810363304938714,-0.0551242009143485,-0.122598138741147,0.0884014876685869,0.00629056090231949,-0.0540389205121809,-0.00888240283118517,0.221817393888992,-0.0334785128902419,0.219263394359829,0.0667022250436578,0.0138008067592305,0.215102103036202,-0.150219298765449,-0.0460283721885906,0.0959098565557952,0.0994882080692472,-0.131151264123748,-0.130214213060025,-0.0684190550401657,0.180793328273374,-0.139481950197157,-0.0996863144648439,-0.262600793053606,-0.17553895336122,-0.192470990354974,0.142804360508609,-0.138612113318065,0.19111195644011,-0.0383836707934432,0.267834791947613,0.104618240128628,0.33195446743833,0.0117343970482684,0.216645571579286,-0.0702879580105447,0.176029209166801,-0.115862617511739,0.0704664498774572,0.14221575587048,0.220066085154986,-0.145138897530131,-0.144141580238004,-0.115164598689292,-0.0574192661640944,-0.186014471664089,-0.100442826417483,-0.223881465647815,0.12968177260267,-0.150010841667997,0.00720791188580557,-0.0480839710219302,0.000961823444113465,-0.142214469049002,-0.0436014770411105,-0.0327229945616852,0.140464227298518,-0.0392479015926603,-0.0896753612977616,-0.171559980656377,-0.0934760435400349,0.0100187481044273,0.181209081970938
0.317896417599664,0.363694608357133,0.0124447162061523,0.183060032339019,-0.0262242670468574,0.344425026781584,0.230884562816087,-0.0262307915258313,0.105525755155107,-0.0345076959454253,0.0118287133079903,0.134079106952526,1,0.288259116871449,0.0106868184158223,0.260116934015114,-0.109773008178964,0.0369680349634687,-0.0116509994113882,-0.0798965229630905,-0.023496164090384,-0.165000511517891,-0.0773467050665211,0.0654587186327633,0.121762780923994,0.286450216040192,-0.0737484351838866,0.181585418616969,0.109661959380068,0.359722868931992,-0.194561360350686,-0.128601153046016,0.677525879410901,0.678090125872543,0.183735106309782,0.197739136855588,-0.173394889307573,-0.246815952044955,-0.0851299348086526,0.154205763600206,0.170481585832766,0.201689721767093,0.152247577220436,0.291801660448558,0.228607569643094,0.196657536005743,-0.060597431812222,0.044325887947414,0.157055707033957,0.248485351159883,0.0947976788760338,0.120981129713629,0.136157139152436,0.0532873583097404,0.10737154442334,0.105074396041359,0.459640163581288,0.282604468266746,0.279163244360091,0.251560855098667,0.00845997007044778,0.0728597992355183,0.616142161549072,0.323162264870787,-0.186825900347718,-0.258044214751135,0.0503961803040327,0.0559147978936922,0.3822702115341,0.326453468856087,-0.181487368316993,-0.216162013911305,0.421382777718304,0.498083674617284,0.167379831839358,0.172892400439583,0.0549116843619578,0.134744527222049,0.450951248568488,0.40356731624184,0.677070570351599,0.417317234100112,0.343361007808208,0.480673823647979,0.211235800316683,0.237909553821307,-0.237560801403527,0.00119099599959407,0.153915349175177,0.270443669100475,-0.0658623321331392,-0.348851356170391,-0.0396763028626234,-0.0883936010138582,0.129978900241038,-0.00381330032386655,0.215168988679566,0.170144652970066,0.257129110347231,0.0614493163884772,0.136885079777257,0.0457381862435383,0.164324601405171,0.113769951290912,-0.071591415321793,-0.0943218144674423,-0.123854874856674,-0.0604890116894417,0.0481801193395459,0.330868686376524,0.046691448734844,0.0475656530272784,0.134704408110401,-0.0809512170808177,-0.233557608076247,-0.153561396955385
0.329998000290726,0.211938107256501,-0.00856196760880158,0.0082658139105832,-0.0655948547300109,-0.0101888008149878,0.561834534606959,0.1664275314006,0.399371698161228,0.174035085881934,-0.0678420234195421,0.461021084988688,0.288259116871449,1,0.214827934473101,0.176611215282574,0.0955808517717926,-0.0164932813532248,-0.00834380114837648,0.0673474688713212,0.0987460814013556,0.0610788995800406,0.0292093528425684,-0.0605404622488549,-0.0216683065051031,0.00550346196887123,-0.0619079224474212,0.0482879632909982,-0.0233442681232877,0.0515219838372919,0.0284357956259159,0.0279218546631444,0.122740397610211,0.359206977180482,0.0830780885285103,0.0586643209080212,0.0106458858022682,-0.0913466569214036,0.141082775377135,0.0970848478602297,0.066467066448933,0.127176204846715,-0.297658774325161,-0.140907664955407,0.207061350201198,0.302933026058732,-0.0267110098774893,-0.157153966972711,0.0234831849521847,0.326417318431317,0.0829528414411254,0.362627656965574,-0.18821292695932,-0.0931493878372586,0.129750743539103,0.0112505293662717,0.283351853810793,0.200819893320519,0.0988664626369363,-0.0481344112360432,0.27481216946854,-0.0982942676394391,0.361096938492975,0.200002613018509,0.179346851901535,0.251693121235922,0.0604862511394209,0.02752783877911,0.165767654865221,0.0642027348636511,-0.0389412410911873,-0.106401509024009,-0.0420151782960272,0.0875388099667433,-0.0893966331163182,-0.0586383967142524,-0.0651147766331938,-0.0931239512528544,0.117495221918325,0.355214693303993,0.0553481453183383,0.560884387817543,0.0300974911911076,0.119580338950587,0.0956459183102011,0.322531526685954,0.12649813179627,0.142610431748502,-0.087361440186898,0.242881772439692,-0.130650481715844,-0.0967581248276136,0.00386256905017786,0.131277848220483,-0.203655970765104,-0.0925138116356475,0.0110597379960896,-0.11721817001324,0.0804511909782115,-0.0587083282894096,-0.156723129370209,0.0448887557808894,-0.0457445298079142,0.0401700005041708,-0.0013872359467238,0.0190701358965819,-0.086953818757908,0.0138761228952682,-0.140279597438819,0.0293269262419759,-0.0721822468753625,-0.00784278768339274,-0.0875652276971913,-0.0851169542689608,-0.082480824894454,0.0628045231566198
0.135629015966533,0.218699656786592,0.521270748555273,0.636884757020859,0.263755033356565,0.225778903436883,0.129857145896854,0.253388966759019,0.0533823432602665,0.133316944282498,-0.0711780664814162,-0.0548653951295419,0.0106868184158223,0.214827934473101,1,0.731493425334499,0.157159361883376,0.236692045382952,0.602198466090196,0.659333002192494,0.10378567072975,0.227935440427896,0.301219722332543,0.163198509637983,0.268871327681016,0.266285324304944,-0.188892767013724,-0.0585096379908438,0.0773729980023686,0.0805853627877651,-0.0561473677156907,-0.036229750251581,-0.097886113852945,0.0707646231419061,0.250965606093873,0.28045281360046,0.0914461526775165,0.0741575483105126,-0.0509123362922909,0.315669159484843,0.0832535652535649,0.180066743283907,-0.0524781214286265,0.0140188589720434,0.317242678603154,0.330216734535792,0.167426694293017,0.146573674443164,0.225111670887279,0.266385735714402,0.0341315403587301,0.231216989140837,-0.0761146287217909,-0.086136020160727,-0.107262463676347,0.189265687653125,0.169729025177862,0.348969866501431,0.122242227776983,-0.0453531124469142,0.126544628880427,0.110801393534755,0.198398657976959,0.171860870452104,0.150770574014939,0.0169237620769944,0.100895640264293,-0.0435352369149228,0.217135243403164,0.318010629939781,-0.149437349908354,-0.086672314749253,-0.0582829199325384,-0.0267797306815211,0.0459407995177415,-0.0496156525753956,-0.0612406790793634,-0.0768600908924657,-0.00465305076076428,0.133992848510233,0.106962104972226,0.125369922243552,0.30742760713716,0.00470457836758971,0.16120780432641,0.141712708697656,-0.0207336343748049,0.246058347046962,-0.121425742559141,0.088369615420683,-0.340280282088729,-0.0685421759881482,-0.161775016816362,-0.0102209512383812,-0.24341781246671,-0.29853252050729,-0.183270147921597,0.106132021618225,-0.249924196194066,-0.329255058002367,-0.34289530551683,0.0442131855431439,-0.260340255024484,0.153108451072362,0.172841507459883,0.120611074877328,-0.000615160400338195,-0.0744661586561543,-0.383373809249885,0.151147444331432,0.125465513831608,-0.157587434400098,-0.226056783158576,-0.0485351577951932,-0.146742058993905,-0.241802799031312
0.332071687417279,0.473252304201344,0.490281760006345,0.724115471028423,0.265852517056378,0.41003475741204,0.017543309151195,0.326134925144803,-0.0142504262095732,0.229894208694831,-0.0411977587985217,-0.211267225610218,0.260116934015114,0.176611215282574,0.731493425334499,1,0.13935217684003,0.208050221011267,0.516531903864483,0.454408124608652,-0.0771947558029489,0.0125590337169976,0.0813300290585676,0.145712388134852,0.357615004607422,0.336595369469376,-0.219270908804932,-0.0919528906237543,0.0782112870769893,0.0713538467320643,-0.187729042394657,-0.258505159897073,0.168406006580993,0.265619144961288,0.380914310793337,0.424217919948583,-0.11272520919325,-0.167556605139235,-0.245169080862609,0.222572683645369,0.15681217890081,0.248932873975522,0.0251636175227091,0.0495290280393846,0.139532051751024,0.17312870458144,0.148637500070686,0.191914124491785,0.208176108436636,0.173394425893104,0.0566296641231933,0.114567142892998,0.102830639229125,-0.0291256261359759,-0.00274316148808713,0.119185660867103,0.378387640927065,0.552586200117746,0.247342307412017,0.140163070142461,0.0478969055277797,0.201438289269099,0.415727380845333,0.430588463860572,-0.163366567707542,-0.284885309629384,0.0182489146558689,-0.0577760727030809,0.496303534740617,0.465637209551937,-0.0849576621396834,-0.0735282670511376,0.130478876523845,0.15348271212651,0.123498415409637,0.0852250962967642,0.0470304871672564,0.0920757544887296,0.178268268292169,0.193848097893626,0.363436557831976,0.216742172184846,0.400317502758895,0.132341534203825,0.0190637594376719,0.0518554031282275,-0.187623146629135,0.00567506608352118,-0.172689880892402,0.118579910355646,-0.155103512026734,-0.0774869958624603,-0.153921847334156,-0.0727458919184265,-0.00594121453304581,-0.15250625342765,0.0799819309472536,0.216894776070077,0.023776931833204,-0.0770953024683274,-0.123738528752701,-0.0509057388542913,-0.016254693562806,0.246388300837226,0.142080355177574,0.142973461057302,0.0422090733449763,-0.0618250930525537,-0.280933889379535,0.207921628661546,0.167268669262445,0.00764626739085729,-0.00207620748446606,0.071517798026322,-0.25337572421723,-0.401384883006635
-0.132395761985755,-0.185931242227129,-0.0028719324403816,0.0769734515840361,-5.3354513104136e-05,-0.123494603160954,-0.147923673647679,-0.0600228681047902,-0.0862307413077202,-0.00206958628864711,0.193739638095022,-0.150823236311207,-0.109773008178964,0.0955808517717926,0.157159361883376,0.13935217684003,1,0.521672548639467,0.122405676174951,0.0904332867091476,0.0768141095246948,0.323843255895596,0.320470246111332,0.410927991036844,0.248571581158909,0.228337265991602,-0.0285491942190363,-0.0191527759615348,0.365391073763492,0.170064271588196,0.18583233039401,0.000909996395139159,0.017537821442422,-0.0641886424911099,0.313798332385324,0.274204951026702,0.0596569727425522,0.0349162806792869,-0.0372814605688315,0.0172207444131395,0.20165654034586,-0.00631295644275063,0.0696323018716344,0.0675553955630417,0.114950373558953,0.209177541130712,0.214208068722463,0.140075764178054,0.252759267225255,0.187295357972599,0.164827370839479,0.211359636127072,0.144101866883011,0.110889991989942,0.0620521518813366,0.11512458311038,-0.0997731961417038,-0.0875426939181902,0.007111833754886,0.00908299302682252,0.0905041172867497,0.0899344984366686,0.11348025769498,0.115691902403618,0.126308705349368,0.0380084607139089,-0.0198913567714637,0.0255143965506162,-0.0867312248024612,-0.0716218911264329,0.254853050959721,0.262477759647259,0.051331423006787,0.111125127520529,-0.0971024538383381,0.117439583079838,0.0778103154262279,0.202170751525445,0.186053104855749,-0.223361321976136,0.0324900906690916,0.114062790544454,0.242460637722576,-0.0725997302193147,0.0538209859013621,0.0896373779876175,0.133490881825881,0.171368620867993,-0.172294547734939,0.00701333943785807,0.105844132934234,0.175312463233012,0.090931234541461,0.0905712876997771,-0.305008433674072,-0.267689814267869,0.000695993306182315,-0.0701539680663061,0.103357903937002,0.0982228819035419,-0.0982948267518553,0.060469734611393,-0.10521378313154,-0.00990407716101772,-0.0733261408072193,-0.194532061654942,-0.222301038454488,-0.137939934046901,0.187379715285155,0.0877378279981266,0.155255152724181,0.136024034264047,-0.175667670668951,-0.054113037410841,-0.289497630171204,-0.0235765865675873
-0.148043521974332,-0.120635089127552,0.0478832911451128,0.211068257158484,-0.0657391928223794,0.189905600766851,-0.245669285002377,-0.0826975438677476,-0.236968868190506,-0.141888364531675,0.119241325078098,-0.162576899200981,0.0369680349634687,-0.0164932813532248,0.236692045382952,0.208050221011267,0.521672548639467,1,0.137320331726863,0.155399280025265,0.0262076774567103,0.176104876191603,0.275528439073556,0.511936535127161,0.350446798372475,0.478154531219347,-0.0848015801971482,0.0111748878504899,0.269609300715504,0.311521559084468,0.114655064952917,-0.040542254909427,0.082625895470079,0.0942766519273969,0.115351067449664,0.205259214821239,-0.01314636340741,0.0203121162094366,0.00415279867773783,0.201670969832102,0.114233312402408,0.0707151723462779,0.177825531878407,0.14886586755731,0.132699216884919,0.190316964901378,0.212424030031428,0.199697462853799,0.408307504801666,0.254572505615907,0.178026319945829,0.125025212668113,0.162390346622624,0.280491331311814,0.0699333445150728,0.197304556923339,-0.169657153570873,-0.0709339567128502,-0.0314277898948792,0.0704349435493981,-0.0952238182736281,0.0176951556144433,0.0932383143389152,0.0740123271523697,-0.00281177492711,-0.0985149729323799,0.0587321714237681,0.0675820002033407,-0.0203995745314603,0.0272269184404793,0.0991286604310007,0.301207472976424,0.145250757504886,0.292392011343327,0.0859129208782042,0.0550694070172294,0.0572399034258543,0.118488176637618,0.120043600005275,-0.0023507097588008,0.140801871400739,0.0268814177045716,0.35860018476238,0.0816999983521126,0.113049281476337,0.045609843272414,0.0975283191951522,0.164192780509945,-0.0879794562838031,0.102771977527474,0.131716618736511,0.0172344678608412,-0.0418903483999325,-0.0492242438858559,-0.0212794950787725,-0.0338776223897201,0.110326333764911,0.153928340579953,0.165217190759139,0.0622092622052412,-0.0913882268620261,0.0209528507678708,-0.138399955406576,-0.0528052136344635,-0.145596658133983,-0.227671875415195,0.123788321639074,0.0888748453282621,0.150300374615089,0.192736084523815,0.121068552217059,0.0691277342122709,0.015556796490928,-0.130074456759521,-0.147549849001754,-0.0864649573215264
