1,0.518722202202044,0.208617547239495,0.0604671076542868,0.48601030867528,0.0668112946640845,0.550990264206343,0.148969671286192,0.502669038812171,-0.0677417797871687,0.270373890003148,-0.0238970438568333,0.365447379386066,0.0148680054777149,0.58866548461587,0.371797100913064,0.0101365974439976,0.037558930701974,0.102438093657961,-0.0996962737395947,0.0844245902526169,-0.0501020427954752,0.286599540100179,0.0408515003013694,-0.156508171184156,-0.215064228812332,-0.0295897836149561,-0.156735702562944,0.125389510033702,-0.0330092929289162,0.164256339991887,-0.112056084547862,0.217581798745769,-0.0672269131752399,0.152250841076903,-0.0612530386269862,0.100911975560012,0.124710786144109,-0.0791733686203791,-0.191281477876837,0.157115400544376,0.0614074354967415,-0.115747309798104,0.0758292752478799,-0.0892923194445145,-0.0324917205429281,-0.0507079253565567,-0.00473344383552138,0.2107066536286,0.135003364036819,0.43346814772782,0.41533666036489,0.122475857542636,0.119662651799553,0.0516176879489664,0.0289495604183243,0.517358236660012,0.312164035079656,0.453988018843858,0.1405153046709,0.440433748446393,0.198855132784818,0.052807460065198,-0.1657785799504,0.389192052082294,0.0536066329003844,0.037336452023173,-0.173359747065205,0.480667397413025,0.250657820145416,0.115906689547012,0.144469910794179,0.293236980298045,0.13542237778549,0.0384570943562231,-0.0155851795316096,-0.097786080767302,-0.1940545316367,0.189269922140569,0.0642048102892679,0.264657469313435,-0.0463585128337722,0.146467332879708,0.156011399417767,0.35843344663833,0.008410137209287,-0.17774129370819,-0.168355293930174,0.177065695482141,0.0616958550789523,-0.2191539462585,-0.148910072299644,-0.209452428538265,0.0476409205719381,-0.183207801163319,-0.236627346748483,0.0150680227278214,0.0288880629797593,-0.148907494699322,0.0115758658506164,-0.0229713192208102,0.119957630620345,-0.139294094598187,-0.176909690216839,-0.173312832713583,-0.0699235449535114,0.135941100552574,0.170773809794642,-0.131241885955353,0.0771810458314818,-0.0817042871929096,-0.227996139617669,0.0287898413211037,0.0895932728685851,0.11090720329201,0.0981002300260271
0.518722202202044,1,-0.0602762251013479,0.124951954772201,0.165105675856839,0.141768242159571,0.374222995933456,0.392943827978446,0.220417663369844,0.159147413748882,0.335872018002035,-0.0155357881048284,0.347984689792166,0.323760323068627,0.428008174537757,0.507767913901735,-0.0104621823258568,0.0160318534906896,-0.118550550068537,-0.0607385403788045,0.227700273550941,0.0547813929641893,0.206171612937055,-0.146509536436472,-0.211990461986146,-0.193069884297305,0.0847729335525557,-0.0926236224645329,0.0631931108620207,-0.144270014035384,0.255422161642225,-0.10705948214149,0.321128367923199,0.194948511294453,0.195477049110648,0.117247055666608,0.118430158021576,0.0174669678750984,-0.131982912689759,-0.219329752998242,0.186122901749288,0.089964527963093,-0.103370298706296,0.163248770673596,0.0534750189122032,0.0923432545025568,-0.104041020110439,-0.0946541332190133,0.162257076126232,0.0534504041577939,0.296801234982282,0.326442292472812,0.010329151836479,0.175082315622525,-0.109465499735086,0.133504080310409,0.684748711194767,0.813330872310019,0.18622566012061,0.222238911426363,0.153952314722605,0.234920498909379,0.196767124083542,0.0676457057953859,0.176432654421577,0.0903116263195395,0.0998962921380335,0.0574603513299728,0.504451654686899,0.402564311385823,0.239663035980173,0.246218973832551,0.326633389297684,0.14799893446162,0.0775055477819741,0.0300060296437077,-0.0254207449666113,-0.0992008481801733,0.356523040197455,0.239334435000914,0.518215424386242,0.221711808197717,0.157102627364743,0.192774512725169,0.461127098483317,0.144921093984126,-0.140120141681034,-0.272733912943524,0.123722797700365,0.114562583023865,-0.201820298628808,-0.309485080798963,-0.152468994982295,-0.0641854970424729,-0.0749319690768782,-0.124243223224434,0.0837558596266781,-0.00354971439762631,-0.0544322181003802,-0.0955176596518393,-0.0402505799000771,-0.00932949934507828,-0.0314409442624173,-0.0124641456501483,-0.169764783376708,-0.134793959356009,0.0418719335497931,0.0193453055708418,0.0600615721014279,0.121285013584458,-0.148835596943849,-0.205252522734153,-0.0529244055646501,0.197262389521807,0.033678956371687,-0.000784046612191805
0.208617547239495,-0.0602762251013479,1,0.50963880104728,0.662538882600163,0.240410155770241,0.0445383098369248,-0.019653584729,0.301183273979942,-0.109677922195602,-0.123981989950595,-0.146539865234305,-0.115809920674351,-0.110292802062783,0.199396235088406,0.0246198150375822,0.0403726401897719,0.181671511507738,0.418255048748139,0.333965431372942,0.207516619437795,0.338700171527595,0.0434459853222039,0.0852895477600701,0.225590189205115,0.00369655151530408,0.15428966036326,-0.0178100297898652,-0.00883644309453293,0.0470424525709856,-0.161442931562746,-0.0745679648366648,-0.053629168229155,-0.152355029638888,0.169940927564601,0.124008221616311,0.166808993105092,0.148276624625536,0.223825945681893,0.0737136933204973,0.0811704585672402,-0.0572129271573969,-0.0691441858379589,-0.0100417954496913,-0.00322034307155375,0.0395314402661392,0.193394913665952,0.11676512055452,0.0962935239581663,0.0965276980004907,0.23019704649475,0.178767118818756,0.188672912764736,-0.0929827487538666,0.28835790802905,-0.0332388157023338,-0.0902485819578342,-0.0944063707377104,0.328319085586345,0.0835426729352454,0.268964220076874,0.0268594433806563,-0.202688603939547,-0.0960708960698095,0.267815351647746,0.202894173551638,0.342531923151666,0.233601584702008,0.0239299904913315,0.015818724950353,0.0114156100765713,-0.0383382953624198,0.179020717003199,0.225682505228797,-0.132263658531781,-0.10663477881514,-0.0904082881837988,-0.22715002991856,0.00803983791841696,-0.00553288728460561,-0.208016678250098,-0.160415058725265,0.00875768833012138,-0.119150543246698,-0.089980028925647,-0.237899244761999,0.0428612444355737,-0.117921117229837,0.20980958332254,-0.143591910482245,-0.267724943752253,-0.0125893238760164,-0.103333254047536,0.112669017258435,-0.141128440042958,-0.0807804668910229,0.0337372926155865,0.0346716704195261,-0.0916097471837565,0.0223616252666612,-0.226813570049709,-0.139150993063431,-0.3503371558397,-0.205205953189863,-0.0364696049484584,0.0793107064221757,0.205397516377388,0.0279640289763794,-0.190771187241659,0.126154794844668,0.124640287357646,0.142765635435004,0.169580247324877,0.021551484556234,0.172463498986326,0.0923515495457709
0.0604671076542868,0.124951954772201,0.509638801047281,1,0.469845651701223,0.684095915371859,0.115359312330132,0.3238371127139,0.131581164066806,0.158760156788857,-0.196466625594668,0.00688427643641824,0.0110600696601535,-0.217347589507742,0.143089747971855,0.306724778453086,-0.0490084203329295,0.156600381384647,0.161306377260599,0.391442955774913,0.101422297269703,0.231064426503276,-0.152053762301458,-0.15046459916377,0.0244860286403099,0.124105120367821,0.0875023728079382,0.124290934597362,-0.15283510080516,-0.131924593633631,-0.130714000989119,-0.126380226972098,0.0771440566039368,-0.0500524123720756,0.26262308520341,0.329670207732181,0.195236514685251,0.23086558733408,-0.0079025098092683,-0.0892251995732601,0.0775297548184791,-0.00895284911534285,-0.123861701158839,-0.164884475152038,0.114296290037758,0.0140478053633673,-0.00406689250066815,-0.0260417268891177,0.0400972004187591,-0.0848459244760063,0.0158483296638923,0.0576320156825179,0.0236869483969029,-0.0478071015115808,0.0779782260074084,0.0754856229652245,-0.0433331490072829,0.114139659830509,0.163437397309155,0.329657665407338,0.24925898910796,0.417748870977659,0.117730518439632,0.177669715357924,0.377112695743455,0.532488766328358,0.283598851667825,0.433761719329523,0.0630388570223917,0.247570271120996,-0.0757118273250317,-0.13680212923423,0.0149017875419536,0.0474763584385567,-0.252335848470911,-0.0588784431954339,-0.223106037576642,-0.218019836085449,0.0506490161716264,-0.169608078965776,-0.118102804673151,-0.0524857879734039,0.0901537098821505,0.0608669336561074,-0.0840174102173727,0.0526399408385679,0.0574826793176535,-0.0172456357374965,0.237886649678552,0.0271250339176089,-0.140779406394922,-0.107634429232488,0.0948387216632894,0.0111744570879331,-0.096343079003737,-0.0867890265050103,-0.0704688825695714,-0.0105234879526876,-0.0243936867563067,0.0137077212511424,-0.0710302563050758,-0.134218898092257,-0.280369035342027,-0.142091913340718,0.0149087281078833,0.119295877100191,0.143286024814697,-0.139885006237564,-0.0959608597696371,0.033314894424182,-0.186793889473088,0.0303919405085347,0.133367912650557,0.019947008972789,0.174572666119857,0.0422792496601239
0.48601030867528,0.165105675856839,0.662538882600163,0.469845651701223,1,0.300346563364155,0.371418795388619,0.102149038551834,0.479760709247465,0.0903768414882236,0.123521709438707,0.0778144979452461,0.182208654217534,-0.0213045233895446,0.49050091007818,0.445959603009309,0.0590624764252988,0.0153241660228133,0.223970819770894,0.232057772558225,0.0697433673894911,0.11025556006702,-0.00615033459389271,0.00496529927453001,0.197722979341348,0.140950322700568,0.182210926465916,0.168737250359352,0.103228842214786,0.092571970237641,-0.0226207283257966,-0.0477752170497629,0.306382879106841,-0.00592240427970833,0.248899969842355,0.120055149687735,-0.046160659827873,-0.0568033623854208,-0.00910322810101621,-0.154763497580138,0.161317382633645,-0.0391287769779716,0.00803271629040059,0.0207731050801016,0.109193419654076,0.0781416259401583,0.102495895461013,0.0341970974996457,0.221100338177904,0.186714129660308,0.160164292920775,0.0748487845976706,0.165163276908622,9.00852374134143e-05,0.158594315808373,-0.0473418895082031,0.119099532652139,0.0631341050245484,0.452513825531741,0.231085672050083,0.518302676369974,0.147998000207267,0.221041648809385,0.0826011552248098,0.347986436380358,0.134597751658374,0.23022864076239,0.132329020021018,0.26210643602166,0.108890301309681,0.0169945663778296,-0.0671472693815431,0.267390859664938,0.232702882415091,-0.104402213931114,0.0146803485482463,-0.046005328015095,-0.148293988626267,0.155431150016652,0.0219040854412013,0.0326716286700652,-0.0167257989217497,0.203562839888469,0.104970906388765,0.0378357366567911,-0.121164533858134,0.0799803690200435,-0.113771756878852,0.289166331906062,-0.0335741350931923,-0.191018432022028,-0.0944312209276102,-0.118988570521594,0.031081857513028,-0.192531146910052,-0.210276504381135,-0.00402093800183203,-0.0716174953816431,0.0238153438838427,-0.015491348855207,-0.262398129337355,-0.0180099129047585,-0.323120583536098,-0.302303921345522,-0.14119693273725,-0.0695870212613828,0.281852740803631,0.0211794406595893,-0.134975416687139,0.0819373961416412,-0.272783807036626,-0.000193690672868191,0.216606751044891,0.1570510864826,0.254599135266697,0.145104036966833
0.0668112946640845,0.141768242159571,0.240410155770241,0.684095915371859,0.300346563364155,1,0.143757491659105,0.494732272740164,0.25603975719875,0.256795348860883,-0.074925590614616,0.0615117717687958,0.0507936214731119,-0.0365504904577796,-0.0197645178523468,0.11561565740539,-0.16689700211601,0.100391812538945,0.234968924227291,0.210173167653156,-0.121517860714773,-0.0395748044542055,-0.209673427094866,-0.297758632448624,-0.174534425413783,0.0155997051224636,-0.0933039775778202,-0.0620670436065107,-0.25101181642166,-0.12925649486958,0.0139318231972332,-0.316528830477566,0.0788903186131357,0.156622904583462,0.108936752526921,0.227153163835678,0.106217701795722,0.14352248555253,-0.121059588320741,-0.0600938294280631,0.0582909830188996,0.0599278837837038,-0.0911795383142283,-0.164230032419787,-0.0582581507771212,-0.0528214243008994,-0.0238620233130933,0.0418515309089314,-0.106853980286177,-0.127612606073053,0.0326010564623736,0.0722158254541412,0.0568782037249468,0.00997141055489644,0.0780243845053513,0.233852776993535,-0.0514932248207136,0.130856427943218,0.00464603192530558,0.361195545928054,0.298565181353322,0.708711202270491,0.121822274556974,0.326757611094634,0.409960805769086,0.667728741678572,-0.0562364703771193,0.167513202192917,-0.104545415657103,0.182551607109499,-0.135274404033022,-0.242071073944676,-0.124428087049626,-0.00658971800132671,-0.200351364424662,0.0102352044696656,-0.244115917237368,-0.14802001268758,0.145821568545779,-0.0872580711519475,-0.0769405835944969,-0.026920144057731,0.141513252969993,0.179433742784111,-0.150696550347043,0.00997475636226629,-0.116859826583387,-0.0249091174586499,0.124099325362051,0.166858612804442,0.0416949297278939,-0.0315337091362651,0.117002595508359,-0.0992281154307446,0.0267816314886115,-0.0764841381794517,-0.0499423851119426,0.0347198262249516,0.102183938750916,0.105544848045211,0.133843223331679,-0.0338812638348973,-0.0571537382660876,-0.138527025487276,0.215100304574784,0.214556676536042,-0.0148270962352519,-0.271935432329487,0.0979524194665577,-0.00657852475485494,-0.147566233302092,0.0733179907375739,0.0787307432693309,0.00930999715383756,0.167065142471048,0.0522121102995721
0.550990264206343,0.374222995933456,0.0445383098369248,0.115359312330132,0.371418795388619,0.143757491659105,1,0.383842673110697,0.686070243820644,0.393326350792607,0.386506449493334,0.201974831082367,0.569465750298134,-0.0816332700562643,0.526799657359813,0.358355129226813,-0.147257728655502,-0.00948650957217607,0.0529416797042395,0.0545227659800495,0.121551128359389,-0.0289114962429042,0.115228640216669,-0.0920061438454095,-0.222606457606151,-0.0942797032429394,-0.213523280270433,-0.0929600114787004,0.147505246556558,0.0796242099606837,0.200779321049717,-0.211159788958303,0.339170838480239,0.0213292981510749,0.14161369459258,0.0566341928940633,0.0789978024092529,0.00293166832510954,-0.144185584716419,-0.275299636176934,0.123166133715429,0.0475064562955278,0.0204582051504886,0.0552743480725532,0.0153758335200432,0.00759329554007509,0.057058105912593,-0.0114206811636784,0.246939228248211,0.254854680197735,0.256740511089967,0.209507595888727,0.0881836965410872,0.147258366385013,0.00958954002998061,0.0728530093937413,0.377535549117448,0.231638875580782,0.137309367325956,0.101100497678601,0.174260303194793,0.15428823311177,0.293959248944273,-0.14851114196596,0.214601271902282,0.137744558712494,-0.0402495033211203,0.0388753613819738,0.313896261679767,0.199889886771275,0.220166911897326,0.232548782966605,0.272805198459337,0.0796962794387471,0.0499636895346781,0.0149962230350508,0.0167283629061612,-0.109952157850286,0.367760583572831,0.0727270633510763,0.438146671154388,0.093907449351563,0.210321052232978,0.17347703670112,0.426788331240056,0.200834955670914,-0.0770379725298221,-0.0764017205800529,0.184108622252746,0.238161470459627,-0.036826742334573,-0.120381733646711,-0.127283113676066,0.0815537626775128,-0.0418743809494444,-0.145584377752026,0.112720427795678,0.0858647226839368,0.041228553187578,0.116225055564216,-0.13340033312769,0.0294647302612888,-0.138218934335054,-0.2695454292456,-0.177662772016618,-0.227865003080651,0.100921194131078,-0.0290867171634062,0.0943426836800348,0.181165598825892,-0.131606970978745,-0.0226638401439679,0.190063747843077,0.0600409939427331,0.148327501873961,0.109313981676914
0.148969671286192,0.392943827978446,-0.019653584729,0.3238371127139,0.102149038551834,0.494732272740164,0.383842673110697,1,0.173587817162251,0.58586954065766,-0.0470985885190767,0.208123673634498,0.149623904521669,0.0559263739535358,0.0283699251746845,0.160663493943806,-0.255773250267479,-0.124798056835644,-0.0976847365841245,0.00484632558659836,0.0190449191772587,0.00113138079543095,-0.19020260432316,-0.388403655131015,-0.30433550257254,-0.175439938831223,-0.0716412870452694,-0.25060617281987,-0.109507265380676,-0.179438777302565,0.005064301148642,-0.251695781059489,0.165012313028345,0.317708900504838,0.257958211094504,0.402724213984634,0.0693483848816191,-0.0191647386471657,-0.144306385094638,-0.19644513375836,0.145350426469533,-0.0679047498568619,-0.00348300037315045,0.127032293666456,0.113917096561076,0.118709300660997,-0.028259667210476,0.0516884394039826,0.056210043441555,0.0327833377495963,0.141126369830784,0.132706555994239,0.0339117908563012,0.152502747663722,0.0257552153008315,0.327723438686385,0.184599190711608,0.349129705653344,0.0381628210200351,0.226678350600509,0.199685264964487,0.541104102860684,0.239921773492019,0.36915204200005,0.186458988036252,0.402393055212808,0.0689824667913544,0.193818678982279,0.0753314657770079,0.178595389735696,0.0121482508306642,-0.0239550787011735,-0.122576030098211,-0.0732541906768532,-0.163272189935525,-0.0604389128804696,-0.138312371102935,-0.189789090851736,0.286873333227665,0.00834004411235016,0.187127887799419,0.105454106921745,0.128004049253636,0.0186606085272193,0.0323362487384431,0.148256174156241,-0.189163773187764,-0.255821211311492,0.142467581234607,0.189616500077538,-0.0344439419468889,-0.16494712982067,-0.00732339834683076,-0.0477808572323593,0.0776632682592572,-0.00912778713257955,-0.00633209077951245,0.0255493201538008,-0.153608050320457,0.000258916115109588,-0.0306565791062927,-0.0194241837614605,-0.128778730686421,-0.0951741674303102,-0.0212906901169132,-0.0708459678670259,0.00766812208198363,-0.128764226983767,0.144760064904463,0.0433526694568654,-0.09855152930319,-0.120203012399482,-0.0143764559245325,0.0614261418054068,0.131046085148355,-0.0307231627515732
0.502669038812171,0.220417663369844,0.301183273979942,0.131581164066806,0.479760709247465,0.25603975719875,0.686070243820644,0.173587817162251,1,0.304902900995494,0.53666070373188,0.217724140844784,0.215221019066385,-0.021724320534946,0.368682992343537,0.242368976213806,0.00909503010591749,0.109739118551054,0.370127136312349,0.170101306219447,-0.00971626810428968,-0.0500268931519336,0.158588896426073,0.0548421957536797,-0.120260836339529,-0.0339190944241004,-0.109435127553943,-0.0287577758039735,0.176006894129281,0.264492876991056,0.296140689574851,-0.0507488919617373,0.273531610407699,0.0292069977792195,-0.0732269843835577,-0.121144918320456,0.0266429177922614,-0.0572606346165293,0.124160518890141,-0.0319863621696724,0.04770626777078,0.0795787901474513,-0.103453950020823,-0.0996857977244952,-0.1654318859763,-0.065294510346009,0.0365764286671952,-0.0320117168742031,0.118544754601315,0.19337984022334,0.339739378351895,0.252423221828549,0.270682166242749,0.17488368852115,0.240194067003648,0.0591808619905016,0.140360072135876,0.0811297440381052,0.214478762996217,0.0577258520670577,0.28063841740968,0.0853759102179748,-0.0163186798811175,-0.138364437665944,0.149470762545532,0.055610182295535,-0.131895354509903,-0.142283932534814,0.220030962845984,0.147577235387244,0.104471262902412,0.0595339079522241,0.196001541531308,0.114677687995949,0.0128308975714968,-0.0311587197462754,0.0780866614667821,-0.0893257545540515,0.170708823194702,0.0561194752682041,0.105207057968899,-0.125154672719141,0.240991568418416,0.135299172708318,0.143775612823659,-0.135684655709687,-0.00554628179671737,-0.0151372250348551,0.245024634795011,0.0529119180094912,0.0492732743291121,-0.0316927977533378,-0.108007811020785,0.0552033867545589,0.00881561399872208,-0.0673405006297851,0.201055133842522,0.114705345238971,0.147938897092537,0.171852058545308,-0.233075666998633,-0.0993172134462767,-0.292127061401652,-0.433106497897914,-0.0457474632083508,-0.110536454929265,0.10063540367039,-0.138426490734768,-0.0460138769022255,0.180340107366567,-0.0596059337502641,0.177024402643041,0.252380751991547,-0.0776166680718714,0.197872529091782,0.172580321554767
-0.0677417797871687,0.159147413748882,-0.109677922195602,0.158760156788857,0.0903768414882236,0.256795348860883,0.393326350792607,0.58586954065766,0.304902900995494,1,0.134612676444665,0.502920322151328,0.327185268770447,0.225556732100067,0.162058788262411,0.302051229330086,-0.147858376012569,-0.127810681745167,0.133766922098225,0.297341984148999,0.130708351634604,0.0516730501888949,-0.0384289710309665,-0.166518591010406,-0.156454034589895,-0.0620299544940231,-0.115010589256668,0.0221669729035115,0.170848824465532,0.247672367989433,0.0220268495725214,-0.0377296227292677,0.124247386507478,0.315459608315941,0.251323113939191,0.27665453280668,-0.0589190603681509,-0.253172497497712,0.013069024674326,-0.0820656837332596,0.144890213873782,0.0727129656856414,0.180720592849182,0.068933843859812,0.262847051799375,0.154519003707555,0.147717094610991,0.125172621186205,0.101058932789493,0.235028011488779,-0.125085627229338,-0.133148305572368,0.0631891902395777,0.22986734866591,0.130818596976095,0.275624918817531,0.108923632026857,0.198431286357976,-0.102874139008624,0.0642297980432525,0.00155880175676939,0.0655862944725783,0.301857631668673,0.307370791662907,-0.0329848500006134,0.0133384184656383,-0.0440965019847881,0.0820797357895586,0.144474088740731,0.0764801450302872,0.0850172046417979,-0.0383193357864696,-0.0757759124876827,-0.0672127460667459,-0.188371943725981,-0.128842194748489,-0.191468093537061,-0.241820578012233,0.313157375647344,0.129423633116526,0.134853172642569,0.190612907720114,0.0334960990632953,0.230693489345075,0.127080624292703,0.293889784783023,-0.0566333837449063,-0.0300691419923542,0.228830202544209,0.200473382127095,0.206696642174225,0.15884440460008,0.118800848364012,0.102867872780804,0.200378035700965,0.0790200657479501,0.250690762561531,0.194682956556991,0.252252968442732,0.323114045931667,-0.0542301442310578,0.00138444789946958,0.0173047709080908,-0.156973483143408,-0.0454906270809387,-0.152965465966796,0.125212431321438,-0.0762852194655505,0.249232310318803,0.29829589207974,-0.109568714347316,0.0742748410149962,0.140930360855559,0.215852987170119,0.222014461146494,0.120796418677177
0.270373890003148,0.335872018002035,-0.123981989950595,-0.196466625594668,0.123521709438707,-0.074925590614616,0.386506449493334,-0.0470985885190767,0.53666070373188,0.134612676444665,1,0.232392329330398,0.37284175633095,0.150727680805234,0.293527412909797,0.189195169630361,0.0669108558330017,0.120584489800094,0.160868861821022,0.0407331088100199,0.224671182313523,0.0143385739185667,0.314487007276298,0.17799958922067,-0.0226462000572629,0.104503244180883,-0.0303386031539904,0.112803486584699,0.311856837550771,0.247949455461679,0.471848072962793,0.167858349148479,0.467715191447676,0.220741775274799,-0.0631939075066986,-0.191584308988848,0.152580010140972,-0.0948874333148019,-0.0703282901677629,-0.212008428044532,0.111753573025217,0.204420619312832,0.0295892283310438,0.099575220165649,0.0265074925867853,0.0557102348525495,-0.0945602313775988,-0.132395974925928,0.199092769296445,0.171968616435906,0.17632569896121,0.0918936964647252,-0.0507597267468205,0.117965036267013,-0.145010779142703,-0.0679229302605284,0.29383650660972,0.150314707181881,-0.0802416985453449,-0.159387225150989,-0.030978774669237,-0.0346877782549813,0.14333495460979,-0.0906023029362529,0.0416854998456529,-0.103802247329777,-0.155922028326467,-0.194508779844431,0.271066419073121,0.0343752349130867,0.196148080348588,0.19917250979351,0.332036533380169,0.300716386187861,0.273190478331502,0.235387587700922,0.24003738557987,0.244533096737103,0.176853029756611,0.115641940397648,0.469412794220867,0.101067754228297,0.329767481776043,0.127557163263417,0.467231205259929,0.159755025878488,-0.0589567759577727,-0.147832885935262,0.0347861086697199,0.0632594994920755,0.0736946833474054,-0.114578506904376,-0.130614954494835,0.1097740624545,-0.0327512794053727,-0.0756630467874118,0.14583501235662,0.0171108324741152,0.129037601191608,0.00208785823135049,-0.248185912907435,-0.00962738948157599,-0.198077711079489,-0.233912352946545,-0.122909802228456,-0.0861671123840939,-0.0589758672758466,-0.123093711236546,0.0790991463384049,0.227333001840529,-0.0971009109610125,0.00936132936199069,0.0336036871750087,-0.026413079382307,0.0531599155955359,0.0424065963055693
-0.0238970438568333,-0.0155357881048284,-0.146539865234305,0.00688427643641824,0.0778144979452461,0.0615117717687958,0.201974831082367,0.208123673634498,0.217724140844784,0.502920322151328,0.232392329330398,1,0.159429009170638,0.115621569396722,0.186828408969059,0.326018996746569,0.0772073598612878,-0.0902847619948849,0.164624704462838,0.21703803423219,0.0162366299499871,-0.171518155396416,0.0819543412057575,-0.0310307658943243,0.0681438224783883,0.173795964866434,0.0510413648087512,0.42408413503469,0.363436792701648,0.312557105763076,0.152547742078641,0.297174756964829,0.044244312744507,0.362643219149267,0.234949898521021,0.192332973656879,-0.0677610635448121,-0.243222246338902,-0.031438941442441,-0.0982674516174913,0.0416814343004095,0.0445796766953524,0.180404747735726,0.00429610575107817,0.295469225171246,0.218670481168704,0.0678327245328068,0.128434775261368,0.296563662604219,0.292911003330852,-0.0668000868152678,-0.122646378802874,0.0113349374248337,0.111144849520229,0.0898912729331664,0.12861322016262,-0.0586876910961051,0.0309913174993132,0.00164452019564647,0.0172855078302964,0.0569003278306001,0.0673786480840528,0.27632530833981,0.273182400488368,0.0370598067405819,-0.0639320929111291,0.01047465545002,0.0208627717853463,0.250784368477226,0.0903352656255986,-0.0556094575991671,-0.044729156678056,-0.0867118205699585,0.0504170996557524,-0.0522253099165258,0.160960144129211,-0.116025453309425,-0.0600597362761153,-0.030711199033776,0.111325571053275,0.0323618575491722,0.216295964541789,0.173822944008998,0.286256896125237,0.088151302674928,0.140845600790706,0.021486276008262,0.0698487045691023,0.0898103642318818,0.0369420138250107,0.25723633695173,0.209252395662903,0.176813226556339,0.187523786953075,-0.0153395108206662,-0.0727720973942645,0.109806266128668,0.136092862659208,0.278240839538067,0.313045117313374,-0.045602542504304,0.131361520095237,-0.0349088418317291,-0.119079243849254,-0.0278793020816989,-0.115843342389279,0.158201448764329,0.0498932377153502,-0.0288783939374131,0.0652529058238034,-0.127526153224924,0.0328103810642135,0.188460307179386,0.179468767619024,0.243982109177785,0.0902019999762083
0.365447379386066,0.347984689792166,-0.115809920674351,0.0110600696601535,0.182208654217534,0.0507936214731119,0.569465750298134,0.149623904521669,0.215221019066385,0.327185268770447,0.37284175633095,0.159429009170638,1,0.24746435457718,0.486500940280469,0.26093041886432,-0.178391925966558,-0.0372130223705684,0.0513105540286876,0.10935865164152,0.287890477277748,-0.0347475008711142,0.0970767938721769,-0.104545333796829,-0.192224548121208,-0.232009249480285,-0.314765799989044,-0.0314621363385862,0.0886976146300988,0.0480263458394094,0.0866316622169213,-0.208087667621641,0.49763607948574,0.190920442181799,0.289845502446596,0.0830884478050288,0.171063884392527,-0.0157936307870575,-0.268632783089927,-0.295857554958368,0.364273177880224,0.320772198443283,0.238034636184453,0.20331675609247,0.275259602092684,0.132411717365523,0.110741589680439,0.0511102086518437,0.216780559843273,0.246315473002504,-0.0762992718593401,-0.0462536973899273,-0.206608671937232,-0.0156785078187095,-0.25108577384945,-0.0859886686705715,0.611454330036593,0.296313595207417,-0.114833353339391,0.000783886578954561,0.0239044664122231,0.0768937139092195,0.511759120482122,-0.0289409607592407,0.254189525256149,0.0312479712541282,-0.0710246977122457,0.00359622500649542,0.356088708346053,0.0176639032199964,0.310409395090258,0.248302203395775,0.433661270250076,0.235390323879618,0.00438760659899343,0.0838683457080313,-0.038892592514564,-0.0594508347655043,0.596973897248009,0.228599754837248,0.695747714247079,0.368949567514422,0.174959296778218,0.297783684771912,0.600222398292666,0.471652575356215,-0.115015141612692,-0.114028241933428,0.0132295441974163,0.125944331247851,0.0231123781815302,0.0399420744160531,-0.174138521268992,0.00551197652702844,-0.0281344454001397,-0.137398739897453,0.122791711321452,0.058253227077477,0.163250393207179,0.134803556620022,-0.0384925270538546,0.100228565792095,0.11146618830264,-0.0645782607153706,-0.298429688577137,-0.271755011306374,0.0517724919398511,0.0215868187836061,0.290414348708079,0.434013904611602,-0.115717770407609,-0.126139774385432,0.0313840764534164,0.152889555195102,0.0817602711306749,0.122699928039375
0.0148680054777149,0.323760323068627,-0.110292802062783,-0.217347589507742,-0.0213045233895446,-0.0365504904577796,-0.0816332700562643,0.0559263739535358,-0.021724320534946,0.225556732100067,0.150727680805234,0.115621569396722,0.24746435457718,1,0.0951489087186025,0.151253771093052,0.161465240660659,-0.0377234188651643,-0.022963461575,-0.00526686760993498,0.148127837243435,0.0218998506170427,-0.0960830121328004,-0.151038087251222,-0.0356197128883502,-0.11227743280622,0.0481686736266801,0.0617815280369543,0.124110931361771,0.0348425361591703,-0.168194780901719,-0.0211268443333011,0.261884508577208,0.520527567204787,0.241717723900978,0.207693523380056,-0.00835271868944741,-0.0909241711670002,0.148301473145088,0.201362966731476,0.339242910200443,0.241851797535225,0.307863252271464,0.271134867100818,0.31725006973362,0.310461416676642,0.246446512551505,0.257344459406798,0.225837012826452,0.263458595859724,0.0159270219066119,0.088514198809288,0.141842984524411,0.21071009197948,0.167468868494943,0.208455626231596,0.387639563824845,0.323072596819498,0.11545903042295,0.0925599220820024,0.111173379751456,0.0208404797286755,0.268037606798983,0.46597090958525,-0.0290802521843317,-0.0790187627766252,0.0572014458935737,0.0309062177104671,0.0729418285754378,-0.304744853557575,0.168283183528288,0.094860023804123,0.208976747590006,0.146374193495383,0.090267750665615,-0.0621641838797299,-0.0422974609380482,-0.0838748419904664,0.41743658697839,0.713117331418345,0.336095645253682,0.508375158544785,0.150879858419011,0.331684417971384,0.196467149058432,0.151214930409328,-0.0439684139926727,-0.122624447163175,0.0920985452810442,0.0386888411411467,0.125598359436047,0.168831078344005,-0.00395899987542494,0.103829412567694,0.0853990952068848,0.0721655559116034,0.311488151326952,0.0618079895509834,0.308316581610445,0.11852072171934,0.041168316093596,0.113090298554255,0.197199964696307,0.137783984696984,-0.118093507679357,-0.135578393489535,-0.033192961372775,-0.022278849986996,0.0979654157366412,0.225632348282488,0.173288185545595,0.00356483018548933,-0.0489298376825358,0.146251796305415,0.0251830204738438,-0.0490043808023017
0.58866548461587,0.428008174537757,0.199396235088406,0.143089747971855,0.49050091007818,-0.0197645178523468,0.526799657359813,0.0283699251746845,0.368682992343537,0.162058788262411,0.293527412909797,0.186828408969059,0.486500940280469,0.0951489087186025,1,0.728886252339967,0.265348062463617,0.109978387445254,0.134590895345116,0.105214375155105,0.177493490722272,0.0672213621851874,0.292687932217199,0.162144276117596,0.143173187183422,0.0191374636529627,0.114055319100862,0.193223296561673,0.343228536170169,0.182697578622486,0.187020737815177,0.0466235202886314,0.148651544904845,-0.0296285672688361,0.345776179619775,0.111510767875644,0.054073229398759,0.0714269363905054,0.0579914690792769,-0.0945319793799073,0.244381130295208,0.0415930318421455,0.0979729181507201,0.101332201957843,0.086217611935148,0.0769765260246982,0.208787626275254,0.202106167364011,0.299767914343456,0.22640347571966,0.23917036797558,0.211444889518287,0.231187192679811,0.315790563835528,0.184819123535823,0.244810669639349,0.340502502507704,0.329984424809826,0.243748445597693,0.166471261207989,0.116796702884286,-0.042989043152479,0.183337458128659,-0.13162798599085,0.209643512702402,-0.0173805651177693,0.184693257377942,0.0814630112476424,0.578674433790591,0.392227705199895,0.109929319348693,0.082472600435666,0.438129878202924,0.22139540080899,0.105775504580002,0.0702788719143426,-0.00420289879324773,-0.0483178876473524,0.229469784591989,0.112269469720355,0.298401221150455,0.0759577311787741,0.0414618181570731,0.199808078567037,0.476301783558753,0.159108666418339,0.0109781294124711,0.00306731100571612,0.392379431922454,0.3082414231695,-0.0831350281869979,0.0181099031235305,0.107218572145959,0.301040180746783,-0.156432023381205,-0.186436788156543,0.0987220088939407,0.185783705482585,0.0956078392930043,0.226684518883492,0.0547418113773552,0.159830782966178,-0.0054876465446767,-0.0689031645660917,-0.191549422824559,-0.173861376906159,0.281867895154726,0.225337157180208,0.00265650852102975,0.219197218969355,-0.137915443271542,-0.0953073720337234,0.261165328450113,0.306624109992535,0.187553496741092,0.195683248540964
0.371797100913064,0.507767913901735,0.0246198150375822,0.306724778453087,0.445959603009309,0.11561565740539,0.358355129226813,0.160663493943806,0.242368976213806,0.302051229330086,0.189195169630361,0.32601899674657,0.26093041886432,0.151253771093052,0.728886252339967,1,0.243921386204201,0.0600558976590082,-0.018881007930572,0.168854600575277,0.0109165884760047,-0.0735213543042207,0.162646415097129,0.00030230885729821,0.0981994856557723,0.147973386682594,0.314949259601282,0.3623345666882,0.323693142828348,0.152216173099167,0.17620853355717,0.143130781165697,0.192277120819042,0.110989140546999,0.319410964450944,0.175325785982013,-0.0856334311516797,-0.043431914688824,-0.0312576631412181,-0.136691693745437,0.192556034634976,0.0203965072807035,0.0433269365038806,0.0240799807841189,0.171290359333677,0.102837390964566,0.0597990918161142,0.0467761060835017,0.225547339341498,0.1489292976533,0.0968099113717641,0.0839423475983755,0.227181623088903,0.330735614324445,0.117974311575839,0.198730338702136,0.189238550279801,0.423216138194727,0.314805690056636,0.375462499644137,0.234652356790881,0.127869350073347,0.297330643074573,0.165366326065832,0.118022057849899,0.0118159467918001,0.199089432086312,0.200574753483014,0.582470148288413,0.472760687100998,0.0525716429801583,0.0284869198028375,0.265020142777604,0.102115135203798,-0.00614043770322333,0.0378990446492293,-0.049374179365347,-0.11042415355402,0.21762939671912,0.160335742558884,0.207056807608332,0.153811401182229,0.10815676927125,0.262335689276625,0.318681643614274,0.100424006393804,0.0887976044880044,-0.0309213242833982,0.385022612074062,0.260895412102066,-0.0351355523712497,-0.0458741196288822,0.172741250281017,0.219500781564549,-0.14290285694875,-0.158327256150487,0.00428032209792233,0.0403162801539282,0.114769987058147,0.0964290905605268,-0.0459370516388189,0.197614513341458,-0.09573527219782,-0.12882463746496,-0.234576912422268,-0.267054036876458,0.31768600757968,0.156276160185776,-0.0585473493744856,0.0671965244102632,-0.394444428921778,-0.160786900801703,0.223509552296485,0.286239997220249,0.126990903131666,0.148715947913354
0.0101365974439976,-0.0104621823258568,0.0403726401897719,-0.0490084203329295,0.0590624764252988,-0.16689700211601,-0.147257728655502,-0.255773250267479,0.00909503010591749,-0.147858376012569,0.0669108558330017,0.0772073598612878,-0.178391925966558,0.161465240660659,0.265348062463617,0.243921386204202,1,0.30055424625406,-0.0180652284605269,-0.027683397670001,-0.0909933786432345,0.0639443953641308,0.194315976042065,0.223991404146508,0.409773452859469,0.241124878489138,0.424205114543084,0.397167501683785,0.426913471576157,0.307500158021903,0.158786933166456,0.363535958670907,-0.0711287933968197,0.117985568805228,-0.070471984656128,-0.164923162602281,-0.132046922352485,-0.0917953536271339,0.344977602021572,0.162249457239514,0.0113028193704528,-0.0331668726287058,0.0614941819866151,-0.0363264108233208,-0.0494091892184773,0.0185074428452289,0.105393212907234,0.110003941562426,0.0775896530649345,-0.0875866026008383,0.100028408891362,-0.0279325563427693,0.414650952721563,0.241329153720506,0.205827759214552,0.0613928648508708,-0.135552857614388,0.028963972375383,0.202974596559293,-0.0204118229789461,0.0527245852459213,-0.196595679315234,-0.056051500526619,0.134342336985663,-0.149563550451687,-0.21248036324977,0.104500683048898,-0.0865215206989494,0.083707555955265,0.0415487984005187,0.106556450096546,0.0647412608311749,0.124994783215882,0.189860423941028,0.257730962810801,0.100520441266134,0.0146287915108406,0.260256782437093,-0.140650934551768,0.0336687841142188,-0.133188336269681,-0.055136245880471,0.0253731102798201,0.155601299026703,-0.0146621775593218,-0.22087341737509,-0.00320440451903129,0.108219499382808,0.131897154904844,0.074968064323477,0.144998266335101,0.17886510815659,0.331302012478536,0.426400932337579,-0.03912396286226,-0.126389487294573,-0.0211007497690192,0.0751664108055308,0.182335499646159,0.143436627365173,0.245883992649949,0.214163789321993,0.176867073536859,0.236744787588302,0.0718480197729001,0.122100755574757,0.271250598035305,0.216931473095917,-0.209000023040035,-0.145816247565418,-0.0700327660002134,0.0663672471147075,0.226939393772823,0.195969113556374,0.146905565621068,0.170672707241685
0.037558930701974,0.0160318534906896,0.181671511507738,0.156600381384647,0.0153241660228133,0.100391812538945,-0.00948650957217607,-0.124798056835644,0.109739118551054,-0.127810681745167,0.120584489800094,-0.0902847619948849,-0.0372130223705684,-0.0377234188651643,0.109978387445254,0.0600558976590082,0.30055424625406,1,0.174928239797376,0.050166230784597,0.145194614930307,0.28278828355497,0.236322660368796,0.176909556734816,0.107817250492829,0.204141656880345,0.0745332752999692,0.086273272788755,0.218435469847211,0.187061677379393,0.0287827457583447,-0.0771415504005335,-0.0852327425265905,-0.0144430168460022,0.0958534639648354,-0.022748069731126,0.211547132782718,0.136809004431251,0.129050742394638,0.0424327318843203,0.0580819192747149,0.168034564809206,-0.0255892187541828,-0.151033746771923,-0.101553860678761,-0.117443248032299,0.15045431167789,0.103253910736119,-0.0140354510220366,-0.16277666145597,0.011269744187553,-0.0122739096625782,0.134914102643806,0.0922486084537239,0.0599654114601324,0.0921093303719634,-0.013858818137974,0.0968093165387951,0.0508126675714662,0.166370897514489,0.127738869590017,0.130908798757883,-0.0312123370141651,-0.0451364403152118,0.0987781055351308,0.144992210498943,0.112252849399517,0.0465427160721311,0.0947586948159848,0.127724688377031,0.152462149314025,0.035173647351249,-0.0734202304826234,0.00263310401554999,0.182610321243408,-0.236749969378294,0.0762784899060461,0.0358883413281377,-0.0750529836831779,0.0575377247053531,-0.0952235223084217,-0.082824662989344,0.0761340894884723,0.0279571347812633,0.0189066479642213,-0.0995026495692121,-0.123271873331046,0.0656864143801444,-0.101814990896298,-0.0183917843020695,0.0459623253324094,0.193180950357493,0.175836063805935,0.23296890579694,0.0496968861997057,-0.00439655964116051,0.0345752730202855,0.111777079306765,0.0906772106662378,0.280406841796328,0.0470714217387694,-0.0496273084292381,-0.0799451036493324,0.0349466306165009,-0.0537089846278394,0.0977108061144506,0.0276677063309067,-0.210565763062045,0.0130866444020459,0.122263206674834,0.129658843171721,0.232415743491527,0.127272768693303,-0.0381697757325091,0.026949785491023,0.144873576469086
