1,0.530162248080687,0.520918961555472,0.241306845396475,0.432003676837237,0.295645241603381,0.610182139598679,0.655628172700209,0.514707324423456,0.371378031902229,0.254545255320559,0.0942701465140609,0.424021881899828,0.337774623333353,0.613363540749987,0.18458762138495,-0.0594496595791681,-0.138901914091071,0.30404135826627,0.0953518196707601,0.177769562877545,0.083995137627588,0.0146216566050655,-0.0327271383962656,-0.147224720799646,-0.296494968859149,-0.416342733531707,-0.382562149436764,-0.128033954143464,-0.0515898044490482,-0.0592714444420579,-0.213943773554875,0.259130087750208,0.185551632967207,0.129223731024983,0.179432370961778,0.135201066125942,-0.0676019581319673,-0.0683685534430723,-0.166604876756793,0.139737810277487,0.000273291444875388,0.176297552595491,0.264101355497904,0.120222066916437,0.25651802363342,0.114716508681669,0.0651611932029344,0.346683902500842,0.130023403176781,0.022541614589121,-0.107951912720074,-0.0748287024503465,-0.177611307711387,-0.179518157620692,-0.360569188548469,0.70996313548616,0.353774434854739,0.384146704893646,0.095477718758641,0.460332724377278,0.247013454858953,0.18465053277868,0.112855817191493,0.147251795897216,0.0922760569867393,-0.0407675349192139,-0.0615625463457545,-0.0714342598732084,-0.35334305744489,0.0305722366843402,0.0731310104467201,0.425710131309084,0.211545797293698,-0.14273110771587,-0.00623218240860621,0.23753502379175,0.21182020444097,0.191067326725467,0.130930402716526,0.0144064131527062,0.0684571494113736,0.0225920792222925,0.0197798656057571,0.0654780910372747,-0.127254740246648,-0.15763271738931,0.00719553146941373,-0.165636023444447,-0.210335529855788,-0.462159858124589,-0.10695443205735,-0.060461391419628,0.164458721085671,-0.330604312558675,-0.253521699659891,-0.243421272797639,-0.161702887005935,-0.045962658097696,0.133154948739718,-0.0956492387706711,0.128596203171765,-0.295036353706241,-0.0998291249458237,-0.304086134597893,-0.222378499058984,-0.153050564181475,-0.202637352728487,-0.0925469326709265,-0.205164259570381,-0.237322491373336,-0.0346317246760347,0.0918935509206811,-0.175245925743462,-0.135476548335402,0.0661055971002681
0.530162248080687,1,0.150394324397065,0.260632948787032,0.0878216958881676,0.131149275461546,0.355754939596493,0.285195165575906,0.278857460631535,0.214962544935798,0.257687615374463,0.00994443209721876,0.289315533294523,0.464611508899458,0.454328226323882,0.476987164170382,-0.00796585478810781,-0.0864670236732244,0.338806278528543,0.0770617935001263,0.174750305884793,0.0665218441202462,0.057751502596506,-0.0795589271784456,-0.244460964815985,-0.133451107548634,-0.134817367379104,-0.0938820166130223,0.0307845829911907,0.159308779900534,0.156886442568282,-0.13641850545578,0.066050049758248,0.208537200424952,0.0809346248741873,0.136609209664218,0.214887010938496,-0.0770026323194099,-0.0919682959574899,-0.106089484391845,0.0117050587653749,0.112620026905618,0.286925416988147,0.362643814183047,0.195646386037992,0.326392251746902,0.0993964261583853,0.24106689639316,0.232336351867151,0.0917183084049854,0.00212170543019714,0.062430595327833,-0.0673779589321454,-0.0514434500173108,-0.0871262024249324,-0.120209043205038,0.483213680023015,0.467598919642829,0.000829226796121113,-0.0478897648381509,0.0726532705522159,-0.0155532303084605,0.239559018510956,0.0514514005006046,0.201425683443454,0.021798182846227,0.153650713711829,0.0249580801059563,0.209410229500868,-0.0520537974703038,0.126436434744529,-0.00988512154726712,0.169381159462154,0.174525365561104,-0.000853600536105476,-0.0320531346578368,0.1156633388133,0.186735347954965,0.281599126965897,0.227860488954957,0.194224077200671,0.222809063959733,-0.134895282986836,-0.0601761326376115,0.162964589841068,-0.0210078731970101,-0.161040417480539,-0.144189789167087,-0.0779287884276242,-0.319183260242354,-0.313439981301544,-0.0988575455640904,0.00738050040558752,0.164130684430916,-0.269005336225374,-0.328321079577275,0.00195144535849173,-0.129310626003146,0.0933414300744785,-0.0728637265269272,-0.192415967724946,0.0683587056147269,-0.252266545330002,-0.32373612244029,-0.307230449198463,-0.271437094731555,-0.127749733871897,-0.319612565026385,-0.091420430915244,-0.0459010089605114,-0.146054318491259,-0.129483857848366,-0.0140398371983521,-0.269906802149557,-0.155293411337769,0.188405824359312
0.520918961555472,0.150394324397065,1,0.464189414609694,0.667969380151782,0.379672144845815,0.327601002193578,0.380175082677107,0.306582893764325,0.235707586322688,0.110668238688606,-0.000763350127403675,-0.0719911622701316,-0.0869557372223837,0.182250769266712,-0.19029645209807,0.0275931398413505,-0.0396188609036403,0.47476308737812,0.276433762565726,0.0144719262765973,-0.0199945961734051,0.151255777876368,-0.0783497058390666,-0.0725956131831066,-0.213185043712086,-0.245696965202928,-0.198853100939743,0.0509552994768554,-0.258451638047032,0.109210596233529,0.0205343067559015,-0.0710482195479663,-0.192109146013378,0.231436465524219,0.0531998932345605,0.241755127542041,0.206111893289319,-0.0491998031193067,-0.0980059937540222,-0.0182378050411775,-0.139791470981862,0.0920637552128915,0.0761737321923833,0.00930702988005603,0.117428397815697,0.0867954387217934,0.0478662055188027,0.252935027457995,0.192393366263934,0.103972884335884,-0.04082296338848,-0.0363354273057991,-0.132609515647601,-0.0385068991615057,-0.153849138666905,0.406559670313652,0.240751552115898,0.563937366917302,0.30862370015007,0.590097071291601,0.388558312060508,0.0551359758576579,0.203621644665214,0.326642678146172,0.277592665903323,0.206662973706349,0.0662536864549224,-0.261757306809265,-0.415285765248377,-0.00785634945239243,0.0282933353280902,0.182836644535806,-0.0589114475917847,-0.19034732319812,-0.0686517983272014,0.0556052984201845,0.0978934945954059,-0.130460183239209,-0.167227143177037,-0.14869469483733,-0.107087645135354,-0.0451770349350277,-0.0634940822801606,0.178250468129712,0.0932542972073039,0.0131020806383361,0.143576084355002,0.0699394684194018,-0.0355683073663585,-0.119924189936738,0.223366729394954,0.246041575031133,0.319995789357056,-0.112608111034076,-0.115806146732783,-0.108700811630167,0.0308616294356695,0.107938036509316,0.290285320785591,0.0650674632892771,0.226321412345619,-0.203051030688279,0.00366507143977646,-0.324364107139452,-0.212265137565053,-0.15690318626617,-0.0428034535668612,-0.00258112656109478,0.00837929683806301,-0.0234483290449609,0.0903915689246025,0.160300845365493,0.0761580381779199,-0.0790440134825886,-0.128350686559459
0.241306845396475,0.260632948787032,0.464189414609694,1,0.321088954277372,0.557444988501699,0.0374704269980396,0.223694163581314,0.0147823489157318,0.0228079573867142,-0.0835073580764419,0.0755207176199525,-0.0526575877650142,-0.0103804920197387,0.064801389056009,0.0770128712502992,-0.117842686486502,-0.150066949490718,0.131161441307228,0.174449495973107,-0.00133060571785438,0.153736989011054,-0.0647775360030675,0.0197783762175957,-0.236982274168091,-0.112111961848569,0.00627281413558923,-0.0122745763337329,0.0673728206791686,-0.015124596546761,0.0204830376193595,-0.148265971593843,-0.0907694876085661,-0.0206463921158394,0.0321406237974029,0.2063494486443,-0.0364573524012813,0.038432551361988,-0.135312933416144,-0.225735399029784,-0.0169221102360694,-0.119093432551905,0.111546837613204,0.159439025475049,0.125200628444429,0.270580907928565,0.0316897744809966,0.153760768686456,0.251960574931527,0.325822527827325,0.167716607577098,0.0317238955521345,-0.221831412407833,-0.19168837883597,0.00184945244874869,-0.00963180677560399,0.229472756831269,0.197561766278089,0.453910841269105,0.402920345825744,0.267436561715122,0.419241888263029,-0.109592166792511,0.0413672691455102,-0.0153299670394322,0.179471883947858,0.203335878484231,0.282905318791987,0.0209077474067616,-0.0827942836315782,0.13060949460757,0.0227900445985933,0.0988352627150684,0.024295735012277,0.00324571573757398,-0.0260647016358339,0.0957814905921252,0.139835710583023,-0.122765708650398,-0.150292824390328,-0.282581233861427,-0.267704973096994,-0.269285217635439,-0.254453042343869,-0.197884417781174,-0.129475379785438,-0.271638872017316,-0.123177299163477,-0.140835660957201,-0.0458037499955367,-0.0191362195712682,0.126417412317612,0.334771554769374,0.0854116590378002,-0.113199742617307,-0.087624175562709,0.0369567555618739,0.0915042107018744,0.204511157046189,0.202130619347836,0.0940076273555022,-0.0198023715449054,-0.0840629944584294,-0.147026132882712,-0.29884593326664,-0.228059119004979,-0.139484569376814,-0.00961848708531015,0.0272692927502556,-0.0462401604027576,0.116488335426111,0.0640519443578348,0.306102581636309,0.0879706024825216,-0.000726165306216754,-0.0873019145867247
0.432003676837237,0.0878216958881676,0.667969380151782,0.321088954277372,1,0.604464474731025,0.440375095945313,0.467607392487415,0.541582586797915,0.341580624970313,0.226078582218221,0.275170016120249,0.0694879566581768,0.0493336639905835,0.172587134786548,-0.141851129115539,-0.0589195517167479,-0.0343007545336574,0.3429154292122,0.108240877787158,-0.0092572826649547,0.0385159496401816,0.15758301881468,0.20458795047705,0.250675196390148,-0.0828565326364623,0.0131369723202215,0.0460860841774456,0.131184895550689,0.0103179556525658,-0.00814461609390818,0.115381253077061,0.110950081372921,-0.0264477038156112,0.3184519994785,0.28059398962353,0.0393266166481125,0.0141596475259322,-0.101310255837571,-0.200531205954309,0.045657020061558,-0.140836551937539,-0.125940412636943,-0.0813920833024367,-0.169931826547942,-0.120183725695733,-0.0897096979447549,-0.221585723746037,-0.00858340703173961,-0.0356330117834709,0.0490003419966276,-0.0531909421634449,0.0823774202415783,0.059642529367249,-0.11075719962231,-0.315497253032061,0.142053532994142,-0.0173789921983675,0.440267195979319,0.171888508882529,0.730588103729847,0.449908813809332,0.11629922437372,0.247275539732455,0.223230515767002,0.279851120391797,-0.00857465697745227,-0.104255587945601,-0.147159195427777,-0.34923306651816,-0.00770224928160723,0.141879698907937,0.287162450166826,0.026279056750746,-0.0648479564767656,-0.0711468376304855,0.175762386968942,0.218124560259003,0.0566939449795198,0.00884423500017052,-0.0538057073160273,-0.0277749215366834,-0.062415033864065,-0.0347609900970234,0.0293362554644654,-0.0223303462301424,-0.164560060124426,-0.13737681770107,0.131592003861418,0.0145308594417558,-0.0644923399714935,0.204110519132835,0.25011420519862,0.24628930627716,-0.149731066931284,-0.0501063144325346,-0.192333595767403,-0.137904108287455,0.0378577531150136,0.0953467939365032,0.16666801093776,0.336620361407972,-0.24607112611359,-0.0558113263995893,-0.155070784309423,-0.121511872244898,-0.00902715843524602,0.018987530779242,-0.0348208378123032,-0.0640427916701374,-0.127690746998891,0.0702850615150053,-0.00907020981834381,0.0114256360901495,-0.00165623586502485,-0.118019696257819
0.295645241603381,0.131149275461546,0.379672144845815,0.557444988501699,0.604464474731025,1,0.236892069558948,0.524897226478288,0.293699019108708,0.377125845410647,0.0640965150096405,0.317444560730155,0.160372856336652,0.245425755492497,0.0513322660179736,-0.130460990061521,-0.120605403675629,-0.151741712689193,0.0625968938370481,0.0799818390736361,-0.061445150646038,-0.0245318693375067,-0.0384229269028267,0.123605082782258,-0.0554250623606768,-0.0387231841030475,0.0302279295565509,-0.0198980842422972,0.0622586814469583,0.129198670610647,-0.0736452125155283,-0.0518139991037641,0.185077278596376,0.173419716447761,0.300158011608699,0.438495628752511,-0.0240162286499898,0.0744319870227444,-0.109014823465054,-0.175422398585611,0.143130896695613,-0.139852608314368,-0.0581277071930082,0.026617252247029,-0.0208797837742326,0.136434006982253,-0.0387181306127754,-0.0533357916965239,0.169390202124244,0.300753116592741,0.372299846500284,0.356167423886554,0.14669429897919,0.136235180821643,0.0733938311307643,-0.0432767556714695,0.168418204089023,0.121471971237734,0.440973435330222,0.414487482541865,0.475835048896182,0.50149896735985,0.109421802520952,0.364847973303847,0.133078441949441,0.343835926016904,0.136168807435869,0.313553305731799,-0.117124620068318,-0.127527029970419,-0.0157754276868561,-0.012993976094052,0.122345318355696,-0.0508164836975471,0.0595716324871251,-0.0515127528849258,0.174132850118749,0.143215732110118,0.0984762037309867,0.0654235486313616,-0.0529698351085901,0.00118115535630165,-0.0198438646412538,0.00354369397301651,-0.025181971107519,0.0887130300065115,-0.183527328808578,-0.155142177719289,0.0721308044151307,0.0859255582225373,-0.0286870424251224,0.0467098099243876,0.271481741897131,0.0204159729979246,-0.257108593737852,-0.106293346159418,-0.139844591140187,-0.118894529386513,0.0932938017896525,0.129170092118773,0.284778907758633,0.0764112226994161,-0.0861703029481969,-0.149037125167432,-0.167264650249849,-0.240944948383823,0.0321984698639996,-0.0101337444563911,-0.0386251296961205,-0.196353950188449,-0.131800091980016,-0.110252363942138,-0.0147594722815689,-0.0275465119069132,-0.0059719774554711,-0.0473339396777798
0.610182139598679,0.355754939596493,0.327601002193577,0.0374704269980396,0.440375095945313,0.236892069558948,1,0.567932693909276,0.669301433452442,0.352841859669497,0.525755781387914,0.198139420097902,0.448452217454831,0.349627469353814,0.610749675938509,0.226750631817395,-0.00472894532530852,-0.0486564897135211,0.240214977580997,0.048872239519467,0.138837928237688,0.0531009292699253,0.0209103356255712,0.227004304291572,0.0733320164596896,-0.142883437431234,-0.320643880046623,-0.258835831701923,-0.065084689414375,0.0727429678359005,-0.129499648761934,-0.251518136791085,0.482445533780697,0.285641766425579,0.146620606134672,0.201263506273431,-0.0249347312945733,-0.210099859798915,-0.120104427386585,-0.227818020388136,0.14224951489186,-0.00396145779681095,0.140094713497306,0.212458863677059,0.145084820200962,0.213932010945945,0.0806278955950608,-0.0280001992496698,0.312787452600441,0.114484103109758,0.0925065301652069,-0.0276389402844609,0.0374223365499126,-0.0991458114714884,-0.199650183306116,-0.322913672972173,0.370088668336367,0.235605982349345,0.18384531575586,-0.101775944291597,0.404672320281207,0.117190985330159,0.371842721142593,0.160581883832753,-0.0618570365821571,-0.0612386800719931,-0.12144201682412,-0.146500990462614,0.0111049160622357,-0.0590897711004638,-0.0754575151710398,0.0811929312365386,0.346906962980083,0.137481023889439,-0.0868550523598443,-0.0846190774439165,0.156726089515781,0.173004721631943,0.308415042842287,0.27921824559484,0.12901906026685,0.0836535738664998,0.032093107308186,-0.0834386535882468,0.0177670939564741,-0.170422566607545,-0.189638877752659,-0.171999821045261,-0.110872247650305,-0.0673636285517539,-0.48544046889127,-0.243923737582892,-0.153360210002124,0.0891320303558168,-0.22176996738226,-0.196830917484593,-0.37572250064621,-0.355157863793965,-0.347076379788451,-0.144626338589393,-0.105002830235195,0.252986789351252,-0.23649742619347,0.0375772425391622,-0.208235971392164,-0.128985282437909,-0.0406625335307718,-0.0410955858643573,-0.153839605967611,-0.0881068550227717,-0.31634062651174,-0.315282753885472,-0.218303992829912,-0.228576733573687,-0.0822598418453419,0.0156638999136459
0.655628172700209,0.285195165575906,0.380175082677107,0.223694163581314,0.467607392487415,0.524897226478288,0.567932693909276,1,0.505175453319259,0.567069816611215,0.234204192841942,0.168681550624764,0.324308124729585,0.284329237451326,0.362212994771204,0.0556486795673727,-0.0354449358275605,-0.0161494667365002,0.181800067919869,0.11345428654135,0.0739324072353917,-0.0115880425351699,0.130326046325857,0.0874485391471087,-0.088894734943632,-0.0962105542524254,-0.409623662971513,-0.376309532626605,-0.0646033118605939,-0.02197002411303,-0.153311320508541,-0.132147166906303,0.362104075567254,0.227677758917093,0.121408501073782,0.198841019155446,0.152750976430096,0.0880450631841518,-0.074682385354649,-0.108092643144567,0.179943719300598,-0.17649308769644,0.0166410839559528,0.13469560985587,0.0615659760326919,0.228101986863064,-0.0128593166870397,-0.0610798173003634,0.278804062343211,0.244319371486378,0.22032033607052,0.0995848902705743,0.100469788585389,-0.0456336661570056,-0.107878958050558,-0.22214383273225,0.510332297057759,0.432207001301382,0.44723929304008,0.309677590871661,0.510781358934135,0.319358638361982,0.272084820362165,0.265149895524369,0.145646480826134,0.169410192789713,-0.0255014727682999,0.100041653067101,-0.124428417259264,-0.123215652908773,-0.0443651522508838,0.0122205067025856,0.248396837272551,0.0728018557515386,-0.0940561513133296,-0.059875933823408,0.194036768093112,0.133909153084526,0.145166019555468,0.152437015188208,0.0358139059497506,0.106525588811301,0.149040642605394,0.00774947621341863,0.124029236270554,0.058954712784741,-0.0960718719446755,0.015825155255217,0.0139965272672038,0.123352622837655,-0.321090162276175,-0.187464463316954,-0.0355319793522855,0.0753588286580649,-0.31212341534218,-0.207813712857756,-0.373075707899952,-0.273380492627975,-0.141778487299254,-0.0183804933409739,0.121825468218279,0.169000833442423,-0.120211908018242,-0.0148824670200599,-0.207782231502583,-0.170156146814775,-0.0282797834150905,-0.0477667547226456,-0.174583922594094,-0.24537234015293,-0.297252914015343,-0.158944082068863,0.0361379089594023,-0.146530913302988,-0.112845592473768,0.0421620089823539
0.514707324423456,0.278857460631535,0.306582893764325,0.0147823489157318,0.541582586797916,0.293699019108708,0.669301433452442,0.505175453319259,1,0.619692801581825,0.55145736349956,0.440169861637117,0.299548944346952,0.232009069686817,0.482730893627153,0.188932525560774,-0.0127788495747831,-0.210571200319732,0.408723100547332,0.247340596089225,0.12975747682781,-0.0387521526803889,0.229228089764144,0.200477065710467,0.0357398148980584,0.029720728965477,-0.225669008065902,-0.0420557566303616,0.0911443170453776,0.185796306524774,0.163186982071285,0.169713831771491,0.310266432252008,0.104302557868743,0.188387778809578,0.166178490310953,0.199954581138543,0.0662606231001069,0.0726686511940728,0.00420640392293207,0.182322775627028,0.0726346254124832,-0.0605750769352031,0.0213382100773699,-0.187287327949889,-0.0803868779871494,-0.0746913864532344,-0.205526983233829,-0.0102574003118342,-0.149839097213372,0.0145141824047009,-0.0712566089394877,0.190355039936965,0.0495398522860929,-0.0851391326288787,-0.29871112180437,0.187738822296259,0.109095673594478,0.137071218664277,-0.0399628890398629,0.504088630203442,0.237945535838756,0.227608109142708,0.176145804089468,0.270659225590639,0.236989868022651,-0.19062519860619,-0.234961962924584,-0.0342407604210871,-0.182355273314682,-0.0802706368211875,0.0145685861518327,0.24748745398225,0.0873330886893584,-0.14574979205445,-0.0561254826206717,0.207689024782045,0.200580412537306,0.318774201921123,0.223779248112228,0.24435674233816,0.253534533401287,0.128906266786355,0.189800880316443,0.262828407716219,0.0735398847314103,-0.0368003483180446,0.0293210891155128,0.122984794038961,-0.00156917902832688,-0.347598819448724,-0.12181469233097,0.0236358460046313,0.166610588727165,-0.143054137107343,-0.122545406414007,-0.327894765468734,-0.30441456276742,-0.27148764334641,-0.193934129013071,0.00534484233573437,0.213927427650248,-0.353559003195362,-0.180328841466238,-0.235303220258523,-0.153430336890654,0.06411755403951,-0.098763317667512,-0.100946600150159,-0.0519475415659402,-0.266359727330934,-0.186491863289553,-0.219973396671735,-0.280611630092324,-0.0738765495082231,0.0705499813740751
0.371378031902229,0.214962544935798,0.235707586322688,0.0228079573867142,0.341580624970313,0.377125845410647,0.352841859669497,0.567069816611215,0.619692801581825,1,0.353809556612715,0.523624748222856,0.329100064025151,0.307807406734762,0.209392783337224,0.128320495529181,0.133935941795539,-0.250435398451488,0.348557010111448,0.469122248580936,0.0244499938351901,-0.0737496023760287,0.201577392733415,-0.0147710799351819,-0.163916291851333,0.0629442888836819,-0.29695831383405,-0.0821768685451868,0.190043557643024,0.234499181290691,0.216275805652882,0.343563951916991,0.311003074387065,0.225377517017433,0.283656257597466,0.181216221672485,0.360135644380821,0.327064549787436,0.144995595451822,0.208867414676618,0.251469374567177,0.00669445238136837,-0.112328638426078,-0.00570038383068616,-0.208898488550156,-0.0588512411743369,-0.033010475319631,-0.104419073319957,0.00330012090053934,-0.0604438973590322,0.130993746870004,0.207137097260735,0.240966746593149,0.134824686158956,0.176591402166919,-0.000461380752661458,0.219821742517057,0.270329227592502,0.160123194928021,0.120434061714526,0.373770293760523,0.202871214518687,0.376764790083725,0.497852043116487,0.512653872119057,0.432849007381411,0.00335853424216101,0.0794264110151624,0.0476245452531195,-0.0535179533639172,-0.181483456248666,-0.162609079513421,0.105435040329824,-0.00186310288300246,-0.0610146864243465,-0.108063199842845,0.141934228870022,0.118480050063413,0.320875709985736,0.27112893361231,0.357493408559557,0.469727522964479,0.410291722090446,0.445641300530577,0.455126790741701,0.476273260274309,0.212082018733485,0.263026387519727,0.268438671163682,0.138850809979516,-0.236145168692383,-0.122624716213957,0.0414922036007183,0.0301435298344957,-0.21239146665311,-0.131148644095929,-0.170175422300391,-0.209594601702821,-0.0594746207091706,-0.166079905247391,0.128271941650905,-0.00659625790424853,-0.305529700546485,-0.241935730399923,-0.0754090871494646,-0.135046812384533,0.1614273001427,-0.111197794602262,0.0153411399388545,-0.0609203023245372,-0.157678928543157,-0.0856223366039704,-0.150049066076189,-0.245453643979435,-0.0682355247257993,0.0134828851759025
0.254545255320559,0.257687615374463,0.110668238688606,-0.0835073580764419,0.226078582218221,0.0640965150096405,0.525755781387914,0.234204192841942,0.55145736349956,0.353809556612715,1,0.454262886664037,0.237863316429042,0.245198433119843,0.422234102909809,0.15280391530463,0.170499854817208,0.0521105810249742,0.32830676356656,0.126988594451247,0.147866918634742,0.156003832489106,0.251432836855652,0.267768770896796,0.0350982160016384,0.106791030757076,-0.173662718599511,0.0272990372631238,0.281979849520745,0.401671641569386,0.337254147787277,0.152146441502526,0.323476403775528,0.165861808398227,0.160289109137879,0.151079575029779,0.160290046507645,-0.0594586273064134,0.0075092787459854,-0.0275204495678118,0.00423024844480546,0.0514413561793302,0.137457153776811,0.180855452176933,0.121668230684051,0.196237355909882,0.175542531697039,0.128148742727763,0.111649735856198,-0.00112119261061869,-0.139723214301175,-0.123986404631774,0.011170462753649,-0.0485386469689512,-0.0509337381812345,-0.0781868027586146,0.067625330388641,0.105642537980187,-0.0999078312131389,-0.167293257406905,0.207066256059443,0.0217826553070831,0.3477433438684,0.126216160352746,0.118382079057193,0.00302054190365047,-0.0719535391344836,-0.13523533052361,-0.233152968760515,-0.18650435543128,-0.134531651741468,0.0256792961554215,0.178190096025896,0.0769380460439784,-0.0384678958173578,0.0431890078534089,0.161714938990915,0.168281870422422,0.293735571355269,0.230646335921511,0.240875488160083,0.218651681287617,0.273219459569364,0.257020120346046,0.26048363884458,0.035080244467795,0.0799381616582773,0.0687817401009629,0.147574131944498,0.0693169645071703,-0.0883449695970339,0.140017995115457,0.0573524744207668,0.306621981501197,-0.122773855927503,-0.166997480143659,-0.0629091101345255,-0.156992623577344,-0.0361830986631504,0.00206491689942352,-0.074487468546222,0.333740196166246,-0.0604589740192884,-0.0144976676696025,-0.0780766995568908,-0.0783323361307315,0.16920179692309,0.0116362254854273,-0.15002178132997,-0.106047931938545,-0.104156156929165,-0.00919419557575388,-0.0802598134042729,-0.161061333975684,-0.0981390538783225,0.196741095556217
0.0942701465140609,0.00994443209721876,-0.000763350127403675,0.0755207176199525,0.275170016120249,0.317444560730155,0.198139420097902,0.168681550624764,0.440169861637117,0.523624748222856,0.454262886664037,1,0.212139965430608,0.211273396086217,0.165511363659396,0.197330569348387,0.0381062708701459,-0.190100448350607,0.0915540908573249,0.206147351990612,0.0183702291385431,0.0914374100866987,0.0181111832338339,0.125545916648923,0.0962132995952648,0.184836275843641,0.0440432050592667,0.243422171441512,0.250048760815034,0.466094011420043,0.182048183338623,0.247840033004524,0.330417927512128,0.29413778557801,0.21648092925954,0.240200631821214,-0.0424019597358708,-0.0232520128896195,0.121418892191248,0.106765218502085,0.124669703443862,0.0899262196329825,-0.103535250185774,-0.0106278201777774,-0.158945424585613,-0.0909199089871634,-0.0269268309053044,-0.0683211825146335,-0.0560873844453079,-0.118134116584239,-0.0100189461413975,-0.0115291397705951,0.0689348593158759,0.0195581759233336,0.0383127991599928,-0.0579175535198277,-0.0914325285085053,-0.104706170637844,-0.0357539811055118,-0.0338788367050795,0.242401927955739,0.127370567466546,0.326580005920864,0.384347874378143,0.080917026841008,0.104840891837549,-0.160181781130251,-0.127292640513232,0.0677141388973158,0.0359636417328932,-0.124466159818811,-0.0103251652879119,0.227687537893361,0.134324027906439,0.133258408793802,0.168645343282566,0.271213826953506,0.299794313924767,0.35683418482973,0.265133504342755,0.236008740099546,0.204461184638621,0.268360824746987,0.330296253718821,0.084487068763239,0.150858914643169,-0.0294283939066253,-0.0338958471669615,0.0884045175880749,0.130604793938128,-0.0858907052644764,-0.068115092101649,0.0535238124049558,-0.0814894752543924,-0.0245776784150059,0.0218909227863153,-0.0544713180864412,-0.131880248815794,-0.0587291644167212,-0.163056398167022,0.111837393086402,-0.0332965789485331,-0.089867119916481,-0.133069838633824,-0.0352380875420379,-0.17249784050857,0.209119248769662,-0.0174057356152647,0.0541271741134615,-0.0026095165997493,0.0491706814201899,0.056006302001045,-0.138152442390137,-0.127502673913089,-0.0889981528569241,0.122599828139605
0.424021881899828,0.289315533294523,-0.0719911622701316,-0.0526575877650142,0.0694879566581769,0.160372856336652,0.448452217454831,0.324308124729585,0.299548944346952,0.329100064025151,0.237863316429042,0.212139965430608,1,0.758713795654563,0.460517291938661,0.228508378015138,0.0642194454965908,-0.0859503449223264,-0.0524114226280545,-0.0513231933620633,0.220395811060608,0.200134030295831,-0.0632242079960839,0.0811515962418776,-0.0193755269561933,-0.213055573338627,-0.196236211227666,-0.233057401671897,-0.0258916499306275,0.272556151471207,-0.221075978524814,-0.300460891814898,0.71678774157486,0.742567040433951,0.195584928668188,0.362015502052763,0.0955317911321163,-0.127305980718095,-0.0206366586460948,-0.0605170788984627,0.312496416090765,0.068719741005572,0.31133120673997,0.318065979925746,0.281772689874781,0.287728791441284,0.282909250145788,0.130652484064524,0.328936604440377,0.0490425391892752,0.10139033649256,0.200551101103327,0.0676681804125293,0.0212231724974236,0.0893757303173951,-0.0400632403129217,0.352212482704925,0.155633322530379,-0.11662980219808,-0.239619577010077,-0.0632658216292221,-0.176714756980682,0.444186342067057,0.137021564717176,-0.0806337360925793,-0.158650890680391,0.0836302310206328,0.123108083542252,0.0969644641174247,0.0295118032020918,-0.121464875386871,-0.0941382445111452,0.328130158468795,0.274894087374173,0.143866174551918,0.0380544083720084,0.115459529478919,0.0545179179318556,0.634907358413632,0.675217984732902,0.487129863406177,0.464842493095116,0.224866322945678,0.193330687553581,0.0106236467965203,-0.0214449929485218,-0.026926301238679,-0.120114011980496,-0.0660166495224314,-0.0571667384089988,-0.286181143937988,-0.177524178210912,-0.158125006827169,-0.0330353474255695,-0.330878265565179,-0.248117510989243,-0.0193871124648141,-0.126656093525411,-0.0801317625552081,-0.0596930620682928,-0.0593580622038488,0.119332973107055,-0.0436689136136886,0.131962314206423,-0.0224720738702478,-0.0509036749797873,0.242318867828192,0.112017827078712,-0.155284395498884,-0.185644159896943,-0.0878378785077318,-0.157465327040068,-0.142245547776009,-0.176221947390841,-0.0950218808051039,0.16441410590889
0.337774623333353,0.464611508899458,-0.0869557372223837,-0.0103804920197387,0.0493336639905835,0.245425755492498,0.349627469353814,0.284329237451326,0.232009069686817,0.307807406734762,0.245198433119843,0.211273396086217,0.758713795654563,1,0.339190317322859,0.205256328560619,0.11606667099192,-0.0726681853692821,0.0575007206137525,0.0429187538001724,0.259707007715309,0.134843012810212,0.0198334131806065,0.0212920896216376,-0.0980410308813177,-0.17695781991285,-0.0748374288617752,-0.14341703166294,0.0658932127617187,0.405813167890537,-0.0724575708386651,-0.249040002483448,0.571454743016854,0.750536256286335,0.207917484503044,0.333333742370738,0.157582910285262,-0.0202592980332102,-0.0908247208449439,-0.070834968833652,0.239669266555983,0.146719920957353,0.341285123945085,0.375609592654397,0.288382035121399,0.359868809180419,0.34811578094933,0.291600915170139,0.306588686056218,0.0428950825534357,0.131783392351862,0.379761860938914,0.131764655066313,0.106915752041512,0.169106827684384,0.0524867082457319,0.393408783783135,0.247896271989957,-0.204942682989424,-0.23787242559438,-0.104383312426904,-0.251846247768638,0.500289224401507,0.228106082005751,0.036621986695541,-0.0944317939695905,0.177050380295515,0.145776159295342,-0.0220110561521822,0.0226495873496117,0.0446401344541388,-0.00679414462375662,0.24336782531864,0.239444370831452,0.111543754503015,-0.0333026148583537,0.0972899316065372,0.0774333922342758,0.597040239650647,0.680991309967355,0.52204320196063,0.582775390977249,0.17489067648703,0.242313921771046,0.176058207967079,0.150715504558305,-0.00703062486637092,-0.0936500790553021,0.0827415384698394,-0.145879428135151,-0.196113048780723,-0.0672007429553137,0.0332767828500094,0.112679240238913,-0.402257123031446,-0.319373697304112,0.0866100308288412,-0.102463486378869,0.107807008999702,0.0391053710519633,-0.024319539772541,0.14713311266927,-0.021797554724967,0.0376411388049089,-0.0929778767676608,-0.112450599844936,0.22963856081529,0.0320088224816104,-0.114800852228549,-0.17162534995431,-0.124690063764388,-0.149467610558348,-0.114292968659527,-0.194345020271586,-0.0334553938411399,0.268106688322641
0.613363540749987,0.454328226323882,0.182250769266712,0.064801389056009,0.172587134786548,0.0513322660179736,0.610749675938509,0.362212994771204,0.482730893627153,0.209392783337224,0.422234102909809,0.165511363659396,0.460517291938661,0.339190317322859,1,0.572922660858965,-0.0879632076588901,-0.11566040316351,0.292373716054825,0.023169698145336,0.22862298671171,0.109418273343661,-0.050015963240098,0.0449708514553388,0.0242840717600473,-0.212693630259863,-0.245524912979764,-0.178569490509708,-0.0408305396609786,0.128337655961416,-0.0298099867355953,-0.209914511878337,0.381243315930382,0.34855131315582,0.297972386973842,0.347301454558412,-0.0328575210104752,-0.223631828010749,-0.07383237715554,-0.147390753728503,0.150164851917078,0.0950038833349739,0.126496484003124,0.187996175209618,0.126874043313509,0.244026863606196,0.0467166570373758,0.0311845930294659,0.290365035544122,0.0554341457580728,-0.110059920390242,-0.189305712393391,-0.14699843707894,-0.210645990231566,-0.196967458269385,-0.328831856100628,0.283780351313071,0.130552740629275,0.082463776017279,-0.132985896967191,0.228127659320157,0.0795348793452928,0.170515710914316,-0.0235023591863218,-0.097105730569818,-0.0499514177515778,-0.0273896002935907,-0.121854440143924,0.108349497388531,-0.0281356235529423,-0.0590939953500814,-0.000957926271264572,0.381713401853022,0.335942479727223,-0.0534275757980676,0.0843330507796176,0.114574632527378,0.140838058547609,0.198473684001328,0.250820623236977,0.060568232861737,0.0304902887959541,0.00186364664808771,0.0454931622760514,-0.103244157890367,-0.317089682470116,-0.139555170221743,-0.139653996005859,-0.141830131172762,-0.22226316681535,-0.32256960167822,-0.152562211230612,-0.160558218927494,0.0334777148693594,-0.14297158649789,-0.21717218650717,-0.151827249707335,-0.201666789625413,-0.148012212964875,-0.105580667916072,-0.23824146100905,0.045042745262356,-0.128701466108058,-0.0666977622354192,-0.214248921595294,-0.161216659278779,0.0317945503012062,-0.176576033899471,-0.0838051338084203,-0.0987468778051493,-0.179952844954605,-0.0969532610583613,-0.0647324748828008,-0.199148096032911,-0.0578669800245703,0.115997744017196
0.18458762138495,0.476987164170382,-0.19029645209807,0.0770128712502992,-0.141851129115539,-0.130460990061521,0.226750631817395,0.0556486795673727,0.188932525560774,0.128320495529181,0.15280391530463,0.197330569348387,0.228508378015138,0.205256328560619,0.572922660858965,1,-0.0367884782566026,-0.124401361061282,0.109437408908934,0.0155430108418452,0.164626095668986,0.086423468572911,-0.049924410411572,0.111521142728779,0.14007811029249,0.0761146291231375,0.0320172209519783,0.10862292513739,0.0674171512207347,0.217261243417402,-0.0154112862887866,-0.0716463274652109,0.177949046637892,0.214574733839949,0.29845892025889,0.27367192616505,-0.0817600388014008,-0.256284852023584,-0.119153711433862,-0.0737504770964331,0.070889109216145,0.106731612411309,0.0351897012883179,0.0677819407096285,0.0379998615750016,0.0446228519695786,-0.109361653795066,0.0163983586195298,0.0177583067759434,-0.120517912416206,-0.208113406311204,-0.167941272556181,-0.15575164089058,-0.160495097387507,-0.188805513029769,-0.190274700394322,-0.0216349992785469,0.00761571015946045,-0.183690064708665,-0.249832628486935,-0.0606932343980287,-0.105642562712873,0.151562300884995,0.0915139197588689,-0.11648617425804,-0.0514751540021705,0.00639158680141484,-0.0792338274419561,0.537422070602538,0.419160048259471,-0.00847173040854861,-0.0935161583396368,0.119919452409825,0.210525858530606,0.0835959668046697,0.0839012114394775,0.077761943813449,0.166257835139842,0.179343996388219,0.179003507586375,0.0494020823750875,0.0594087945032018,-0.10721797616455,-0.0380391474712366,-0.211622782435014,-0.238696308046034,-0.261812204978895,-0.288320937615504,-0.153447688884348,-0.208785093604568,-0.150850515947998,-0.280139435477788,-0.163088389273566,-0.100514885822925,0.0100849182851279,-0.102752413084837,-0.0217540730917956,-0.0774810429447946,-0.214680650993328,-0.379415757327119,-0.301337482906185,-0.0916274896562172,-0.144581873004148,-0.147735731305446,-0.0740027219054397,-0.101589677772357,0.0836493507411807,-0.136773386137243,-0.0353376559155611,0.0536280764184332,0.068242723658173,-0.115509202362421,-0.0791636240077543,-0.208816116508174,-0.0507277010160936,0.173347200283204
-0.0594496595791681,-0.00796585478810781,0.0275931398413505,-0.117842686486502,-0.0589195517167479,-0.120605403675629,-0.00472894532530852,-0.0354449358275605,-0.0127788495747831,0.133935941795539,0.170499854817208,0.0381062708701459,0.0642194454965908,0.11606667099192,-0.0879632076588901,-0.0367884782566026,1,0.24930897072636,0.346898489627968,0.357571287057657,0.458193576571569,0.376706910870592,0.623533443499925,0.259330333287362,-0.0171729249224231,0.254030412762622,0.0883844393956606,0.207213504849481,0.395885095525804,0.20608938866401,0.257511957917176,0.192961768698845,0.0205423113649046,-0.0139327265462854,0.286391973106088,0.132140336266477,0.449065927163975,0.357627100252532,0.29567297934841,0.379921420451995,0.243583105413358,0.32016961920682,0.0607928086869407,0.0557019401184733,0.00475254222437668,0.00888919943070357,0.138805226117422,0.129999208449109,-0.00656134166597417,0.00936935144859693,-0.0906019844937057,0.0956544117900973,0.0488819481020955,0.04106265581417,0.241036190037361,0.175536172721957,-0.0455036752312609,-0.0537427129496506,-0.167072510402441,-0.0446420571825663,-0.0572182113936322,-0.0953918158666746,0.273982302616055,0.0172487143594789,0.297695245552793,0.16268997775197,0.0978888837772185,0.0571465523684243,-0.0649240573624193,-0.109035101081471,0.121454249223194,0.0317687919098358,0.0785039872148999,0.137370137210665,-0.00573250787903365,0.168640443305779,-0.106766211887242,-0.101790261158906,0.28396671836674,0.135082437310654,0.297981187942689,0.306860487241838,0.391597063910753,0.285831239055441,0.311155620279482,0.263763218373813,0.314146371740124,0.286097357094279,0.372413380636591,0.152024969511713,0.126036409760433,0.163716770506246,0.136118390696761,0.186830204691245,-0.0566629112602499,0.0177109862894946,0.312391251706367,0.243474716462953,0.131300272502938,0.154934685139539,-0.208227791844399,0.104900295749238,-0.076630867837263,0.0854540360666049,-0.142112062799964,-0.0641402051402679,0.00340198755236607,0.0867549347052717,-0.00389642960490543,0.276012832628422,0.223814135061209,0.215216599155644,0.0235378076829427,-0.15302466930963,-0.124746181698734,-0.0476077647180214
-0.138901914091071,-0.0864670236732243,-0.0396188609036403,-0.150066949490718,-0.0343007545336574,-0.151741712689193,-0.0486564897135211,-0.0161494667365001,-0.210571200319732,-0.250435398451488,0.0521105810249742,-0.190100448350607,-0.0859503449223264,-0.0726681853692821,-0.11566040316351,-0.124401361061282,0.24930897072636,1,-0.0928984713290947,-0.187531928338886,0.0565895561246082,0.126211249679987,0.182972684067137,0.15109200531277,0.208773528641161,0.126628531925256,0.117581880115737,0.032115981760599,0.166665606275705,0.0149329275373391,-0.0243931231937215,-0.104954950511445,0.0298198201303375,-0.0116970454397567,-0.00358406955498196,-0.0122198006898572,-0.0395249783765597,-0.0927043035514721,0.0331930730590023,-0.0766638131438437,-0.0004870342501036,0.0701796981104973,-0.056180619078673,-0.126792901539882,-0.0392576447236371,-0.114772083228967,-0.034382671943276,-0.0573663327476144,-0.137464519117642,-0.0887594874310262,-0.168175965147431,-0.196870531688663,-0.0470159563820245,0.0575721035568372,-0.191401363402628,-0.12195737342693,-0.121344753926243,-0.0877395800171464,-0.0878850329008058,-0.0516620868734886,-0.0835080407693431,-0.148306480192565,0.0896475506282008,-0.121169934910709,-0.127210742141431,-0.269974879701897,-0.120725431660423,-0.1724360868897,-0.136675430412145,-0.233014875688345,0.226202262837726,0.262156249902428,0.187379714913362,0.235322082792955,-0.0673532665723536,0.0623548589398489,-0.117346713726856,-0.0893085239439118,-0.0761816187861373,0.00162453662196616,0.0442485998689609,0.0338094528591433,0.180158013859172,0.0459222153275053,0.0139435294044016,-0.045657582584205,0.0210787803274375,0.00442220541123581,0.035242777186223,0.11374112776002,0.196528100857239,0.155758555129225,0.0365267844862071,0.0827791173372247,0.131573813756978,0.11907293416125,0.0531054813266338,0.0962196220625008,0.116252375650245,0.099753575433253,-0.0459465951869335,0.203120985020871,0.118737279540913,0.216479250473645,-0.0467688164850988,0.00260728411672792,-0.016605761835334,0.211397694131254,0.0622323399178151,0.12204772798743,-0.0588334615678138,0.0591081536939373,0.0501391535291898,0.0561367164144456,-0.00981433698183293,0.00306797492190151
