1,0.577360252903933,0.347444876380299,0.250689938416543,0.255138525283372,0.143120143223443,0.300780187342483,-0.051530910256708,-0.00599321593383552,-0.0908736217885791,0.182705697992179,0.173845042460119,0.49994919570144,0.436567669923724,0.503569080147417,0.627734269989551,0.190128189352743,0.215882162918233,0.160561126537723,0.229857305297083,0.0212265461016201,0.0249156850070901,0.354601827777328,0.271216229963969,0.297239338911296,0.271445619259755,0.306232249204067,0.187775782254536,0.198822809225883,0.356339063686257,0.25893367173242,0.168923971979717,0.183458531117028,0.230439378383058,0.415386677497272,0.476645491861098,0.0356632244442208,-0.233315990218251,0.0811200867449585,0.107401738210468,0.164597175828231,0.160409936198982,0.0955257859306136,0.211098346902198,0.388707336917013,0.385889232661263,0.140121266835929,0.0609615046178539,0.377489434113733,0.403103235289177,0.314012241392816,0.0991530858463037,0.129817299074189,0.0970323986485402,0.151786164425902,0.155404484056742,0.715620722412638,0.568554283945194,0.384911006144791,0.0607001922809558,0.268588908400799,0.163588365162514,0.327667126205048,0.145507320571249,0.0656464836488629,-0.0688573893598821,0.191443313445546,0.142568963898803,0.486215123867629,0.339504852799063,0.0806724057827632,0.0524472794592102,0.202898619479393,0.19183687809751,0.0988030823093751,0.0431178254139945,0.0126581698679795,-0.044662230380456,0.281236563552846,0.360278630637133,0.501972330195032,0.38375079158195,0.3913699792883,0.163889727422481,0.391493872373862,0.261513999398675,0.121218589267039,0.124360204573679,0.173920700442174,0.212545402439493,-0.217830812338978,-0.0713842640708001,-0.195688101212478,-0.0217848269812081,-0.0327343673457583,0.00138766272112409,-0.146627507969446,0.100063646378873,-0.156890076357919,-0.0424701246690512,-0.0859674586727806,0.00678901347811625,0.0930208080645516,0.0924492823268683,-0.140489413155672,0.00208172395652857,0.00323055610077299,0.121198416469883,0.0622186990913538,-0.139888048748531,-0.244894729530997,-0.114950332478407,-0.119740128608405,-0.220666041004064,-0.0313690428569361,0.113656080673367
0.577360252903933,1,0.373214514853454,0.585487422205821,0.421868225117714,0.442393583057746,0.143736931295156,0.164382532763174,0.0130459334603565,0.0443569912532469,-0.0111039350535644,0.287571314116637,0.331650970137168,0.3503327752461,0.263623551792294,0.330866077699905,0.21893436264115,0.173976888005212,0.212445395907443,0.313539166391536,0.102114250913731,0.101516994991792,0.272580364662495,0.248927883690532,0.207429002455631,0.332472140596047,0.274791591030469,0.223715227200872,0.111897204637989,0.226148285174047,0.188412808220707,0.309569770589614,0.143784814675702,0.254463424979662,0.382563224912847,0.399193072670986,0.0216310075850597,-0.171679303724787,0.0159241425890307,0.0421443870851752,0.0683099499217324,-0.03238015434216,0.0119637957024669,0.0976617168999144,0.194509059470817,0.272991788601911,0.0235850216726628,-0.0574320368354623,0.234434129556035,0.323337870769899,0.20438052249482,-0.0149775808759578,0.16084847447304,0.209786340323664,0.0659889168999471,0.0505620523250603,0.656391032041139,0.645604437036139,0.210441041243062,0.158700830717582,0.277624818498548,0.229983802828332,0.202912341763943,0.199747619497975,0.0956899113526297,0.0577586005537682,0.187447759078356,0.0874949265951058,0.173039698861015,0.00463779910323673,0.0294277662131699,0.0637491529994771,0.137530317078249,0.15858709424139,0.150115837969548,0.338558710718233,-0.168751445316891,-0.2688303461775,0.175846414046219,0.258950353852544,0.382814613829144,0.19066373732497,0.263032896926819,0.163526636432579,0.245334263760223,0.221047391314635,0.217498138814078,0.128337364501825,0.283353090325396,0.192156878185388,-0.191785459765185,-0.0197951728141639,-0.0530481466196114,0.0850082120923305,-0.0748342368274042,-0.0507708253634775,-0.204430813637378,-0.0863228649145991,-0.138672304430276,-0.155803838378978,-0.0184064115741117,0.0421059894813228,0.0920088289082585,-0.0118943468439579,-0.131443852389293,-0.0744152544125327,0.0950579454778217,0.163174566250995,-0.00436292644123637,-0.123170677634205,-0.290873393818463,-0.190264196320477,-0.055122072473075,-0.18558901304298,-0.12430792344051,-0.00771733030868402
0.347444876380299,0.373214514853454,1,0.670289828187641,0.580563480022941,0.339025290127152,-0.0843867651050789,-0.0153269769534791,-0.0141554224051721,-0.054976861269929,0.195226183339846,0.166030476931253,0.0390303984272317,-0.00388278673247148,0.55493616429845,0.416300568581333,-0.0370566479229934,0.137404723474624,0.721821692225511,0.506110308272649,0.448579267746171,0.339974014374467,0.00139463041436355,-0.0731301308233567,0.0541181193787332,-0.105795125724106,0.127374779787496,-0.0162319806275914,0.374301480897027,0.12897265394271,-0.0389940267698837,0.239472875740519,0.0414284779371806,0.109547699285983,0.565828090705845,0.438262958404133,0.166306417592585,-0.017262948464993,-0.0805179663092133,-0.134311792264634,-0.068380802159375,-0.253481587798904,0.132004403981109,0.210759326421231,0.371753495461914,0.169745388374951,0.0109761220713556,0.0717292400515336,0.0902483499006839,0.176522610988065,0.16357236287679,0.116893194228611,-0.148120283009486,0.118280512836374,-0.0791432146002393,-0.0888611511238567,0.149838585918372,0.203473680397387,0.361462778924584,0.175767319290196,0.270077556128527,0.186486438430324,-0.133675293659832,-0.00316769147802699,0.435536282213811,0.27778082703441,0.567044634120879,0.422436932780702,0.320695808491597,0.215470193507989,0.298668771689998,0.298044521491964,0.0609128109744513,-0.0522887902858803,0.314471495278029,0.0899054744383994,-0.092308222869823,-0.169869303188894,-0.221241120684922,0.0880699636875373,0.125419377553831,-0.00194740703626992,0.117930243066402,-0.139542795314132,0.190869982300903,0.145862487035567,-0.161552581575652,-0.197687051981196,-0.00108020799059172,-0.0397396495553771,-0.106066311946131,0.221746650492316,0.015458336169402,0.246060061861621,-0.0952403844185796,-0.0211149380522327,-0.217716898744611,-0.075308011198318,-0.188738752994395,-0.0916263576246028,0.0280359843167926,0.33081767241939,0.152497037667236,-0.023517433291258,0.227729945907765,0.23000437298581,0.164482825331304,0.0889492238311555,-0.0331164721544481,-0.171742708398345,-0.354121485305672,-0.126164758356138,-0.040822802868435,0.0673927255350081,0.157193959486734,-0.170698622619196
0.250689938416543,0.585487422205821,0.670289828187641,1,0.621706032104667,0.598242321136123,-0.0945041344591681,0.203213115521203,-0.00384252794478106,0.200089765456027,-0.00267124284783344,0.230282210072397,-0.0630114013019046,-0.0439969600130769,0.401495026833487,0.308972997775934,0.105453321488871,0.11262382752647,0.506202138636803,0.611957602252365,0.272073146258293,0.31569167136124,0.133061928363124,0.0697989366791253,0.115944193885347,0.0630336134171813,0.107235817013144,0.160797647372072,0.270315079605436,0.18913728614867,0.157759310564013,0.340117242210521,-0.103256683696491,0.052771438294342,0.318037595222976,0.305501257459872,0.115042432918386,0.0533451637408506,-0.0818724603859764,-0.0331391640073509,-0.0388360579191346,-0.233300314444831,0.0398771758163428,0.11056980449782,0.121179594535531,0.0980526626608572,-0.0812424691005793,-0.0368181831379535,0.0246412653200624,0.0273173735220363,0.130805262625447,0.0570626011522722,-0.145853594465177,0.0336794185216526,-0.105039596488384,-0.117265631777635,0.173595191661816,0.304372252432876,0.328805160796283,0.366131306676273,0.365057976797537,0.384208451868936,-0.109574484874925,0.11074654245033,0.29821631239986,0.407413851090616,0.408925461343146,0.335901332137681,0.170611731984428,-0.0243108726183899,0.0312809479082891,0.124143742307065,0.0463982939557069,0.000139984365762827,0.191305477604425,0.211957645733135,-0.233701116388475,-0.259819121505341,-0.23963002227318,0.0101677833783306,0.0501638461952612,-0.0746828507418394,-0.00349383243606688,-0.036183535315509,0.178855737517312,0.22650361607225,-0.0400463605483982,0.021150986458129,0.133038198809498,-0.044249574604104,-0.0825610603643116,0.0282792326410897,0.120167170941485,0.173117162849407,-0.160737197880156,0.0079428319443518,-0.246721343069996,-0.195287049692523,-0.174299453091924,-0.185323992464346,0.191319356336697,0.269305618157941,0.163915782810313,-0.0943889528427125,0.211252370759148,0.147572700626375,0.209529850752629,0.115047060668583,-0.0827245186193722,-0.212971776142599,-0.30395704039656,-0.214944922777341,-0.0501085701765815,0.0855744690731443,0.0278994562173687,-0.079326630517203
0.255138525283372,0.421868225117714,0.580563480022941,0.621706032104667,1,0.700012902500871,0.160463747008091,0.407224243850841,0.345369317988416,0.30858128738673,0.0840869321743972,0.300477641557342,0.0140662872885558,0.0172991624726715,0.277121051753652,0.153315210202577,0.0650994216341044,-0.01492004299411,0.255426614188773,0.328856866453372,-0.0141310842086416,0.00809724012472875,-0.0503300776067942,-0.0665843412562955,-0.0885932445120112,-0.00569211706980202,0.0807141886382246,0.237157552066396,0.219571149531141,0.0968167626529483,0.182913479591366,0.269539937720296,0.0438790057702274,0.0665634240916467,0.198384636319083,0.108810872416945,-0.00985540676149906,0.0896425727350941,-0.141615159856151,-0.0543765824341753,-0.0573410210691749,-0.186582494920545,-0.125968368396161,0.0403448144748852,0.0325434204825887,-0.0373515145754676,-0.25891736533954,-0.205678908012312,-0.0633246005845581,0.100739233873767,0.192546899799637,0.224240210355233,-0.300304086313556,-0.188852742639719,-0.123954537505612,-0.19620943312075,0.129243411986926,0.213644164733722,0.473197628499125,0.467418745251635,0.589521723915172,0.499409150507163,-0.106590579950106,0.296669907176866,0.139832786485848,0.404150293562822,0.454947744022633,0.301048760028051,0.0674310997302865,-0.0132232546147834,-0.120729183341911,0.0107334318040625,0.0864271342967419,0.0424856895843184,0.34026947877863,0.124106549545391,-0.0751332059716191,-0.149781827035708,-0.123365076135449,0.11594348265109,0.00394008447801699,0.0531157050567324,0.0373353299328479,-0.0483852796653189,0.193174748069612,0.184169304953972,-0.10350260466285,-0.0253177618456063,0.0283340611652971,-0.156166808159457,-0.0777805481001062,-0.0926837934265309,0.0208767002413015,0.171174506273373,-0.0767640834907548,-0.120183165877495,-0.27063308816319,-0.306113471611278,-0.252466282448431,-0.243928822166835,0.121254294327486,0.301257581414222,0.10757243479102,-0.148742258648732,0.219443353731216,0.189981725443344,0.0498610806755067,0.041905881702486,-0.0244779994028539,-0.126051828867808,-0.359344610934896,-0.281803527599075,-0.251654535125939,-0.00534447514225757,0.128563822624533,-0.0116126282946995
0.143120143223443,0.442393583057746,0.339025290127152,0.598242321136122,0.700012902500871,1,0.0604843147033475,0.607919500146931,0.236190099766773,0.497976964961446,-0.0756181314685118,0.421588361615393,-0.00420545150777824,0.0492140776405941,0.199620617579929,0.125827630548244,0.0500222648496786,-0.0385009903453148,0.080369955487566,0.40177818660957,-0.238201850374163,-0.100710513194155,-0.0399740337210004,0.0510213087934405,0.000357927540826353,0.10853352955314,0.131475762726982,0.314520549805049,-0.0185313467378661,0.115566594055135,0.139633486973352,0.312717980420818,0.0280060667411179,0.154217398907418,0.100432308771185,0.139953434613746,-0.186514199535465,0.0086430368562104,-0.131276550594959,-0.0736518400862022,-0.0427133252409621,-0.127425768983824,-0.136546332859808,0.0460189399464714,-0.103330392475759,0.0402632035018742,-0.185894531392063,-0.16363327083968,-0.124190346686135,0.178113529375038,0.122784013358654,0.100634203421505,-0.227868857112139,-0.310524082606909,-0.167539809627454,-0.254165745562776,0.0879092130363334,0.244725305773441,0.41406121445705,0.604686515455172,0.463248170854978,0.711292994792245,-0.00310180311601912,0.489025477478369,-0.11600861777964,0.371560066044563,0.200831270594202,0.15220447834386,0.0105749572905707,-0.034275402578672,-0.249243219177717,-0.0848070213846993,-0.0329798380890416,0.14842590425561,0.151232421091475,0.12026327148364,-0.13240955333836,-0.161065603134903,-0.0627278668377416,0.0906441831695514,0.0969297445953276,0.0860268498829146,-0.0267467085441898,0.0571449418847151,0.145336736856839,0.272122172673461,-0.047519236316333,0.11931901215169,-0.018100117374066,-0.158620107763115,0.0275729798882793,-0.177210945851792,0.0460154096976073,0.0355698180226014,-0.0964690582144636,-0.114172920907868,-0.183229603165942,-0.329395280747757,-0.111512629790353,-0.266139932642589,0.0656710586330603,0.173654440617455,0.0575841596059236,-0.0522713850335671,0.0847856356215704,-0.008559739311578,0.0115126303302486,0.117669995421786,-0.111232320524963,-0.0824843695770204,-0.195379987794267,-0.238683517142132,-0.173842952979608,-0.0624176716155267,-0.0544536607194639,0.00695628483267343
0.300780187342483,0.143736931295156,-0.0843867651050789,-0.0945041344591681,0.160463747008091,0.0604843147033475,1,0.27961372503711,0.43999812881769,0.140117798915226,0.227700684870781,0.255959616766704,0.393014158236291,0.327386637027366,0.0500684863100077,0.032833661761049,0.0816141769911678,0.0867045274837044,-0.281802071391565,-0.0693727845284259,-0.294275415213859,-0.321812022067279,0.0889823341226977,0.169155787584599,-0.0508871169611515,0.18995994210297,0.226695794633411,0.278366825598797,0.109917489992648,0.0813964662681696,0.147554692582595,0.253501817330192,0.360250276981094,0.296993910917601,-0.0509234188644731,-0.0107398894019153,-0.0144132496430073,0.0701637821945636,0.0180858477251301,0.0688492641198071,0.216683503128147,0.385310994688432,0.0746351990868457,0.0494138290879302,-0.0490536893355393,0.0791707323110031,0.111677638181083,0.12712413593961,0.283315477562434,0.210182437271401,0.263969557910547,0.0752186618213336,0.23972313101891,0.0269790893576188,0.217982269680875,0.213609784718243,0.378560526364548,0.214297207179382,0.227693866332926,0.25036816423013,0.14598034752046,0.0198648449127277,0.463134480962376,0.329191464258793,-0.267277522844955,-0.105864237985735,-0.0393661335183484,-0.00105156329293145,-0.0487410808475405,0.000901118129223902,-0.0998211247971843,-0.156798313862034,0.096041969091012,0.205264368772471,0.0915245897091948,0.0619086809342706,0.205689900242742,0.0904517887360324,0.36385120727396,0.41112200797033,0.285568983116619,0.340307347319023,0.291602522195182,0.156471783505239,0.32008947496986,0.207471450602801,0.231828635154884,0.119584026231496,0.21529108865101,0.252788301116076,0.0133305145931856,-0.143217338979814,-0.141352875154021,-0.152901634325053,0.0587732458157644,-0.17751909093236,-0.0290792689885499,-0.0118168836083336,-0.0360208805092733,0.0107087996257746,0.0319656478184849,-0.164728214708535,0.0069591984179572,0.00894049926650433,-0.153377294563686,-0.241809186742185,-0.0305623100602754,0.00837760665521611,-0.10284514869704,-0.0568151210054049,-0.0206417393687675,-0.0702481697222526,-0.145439243998971,-0.152690637746718,-0.147180263358324,0.0732271235114936
-0.051530910256708,0.164382532763174,-0.0153269769534791,0.203213115521203,0.407224243850841,0.607919500146931,0.27961372503711,1,0.405361067269031,0.580260829534142,0.0269620094250625,0.469060858589213,-0.0601248788182739,0.140589130492143,0.0276780600331198,-0.0369104793267131,0.185403683778414,-0.105624233732842,-0.196997933056537,0.0532669926078993,-0.437158327581151,-0.319222936339937,-0.0640008291678547,0.0716565833259021,-0.0628677845738345,0.0978773564870521,0.147517392011309,0.234560877198119,0.106847618536602,0.161953213897395,0.119663162833752,0.316264144226205,0.0519600396441178,0.126964471536911,-0.0428880807280362,0.0286431433112329,-0.236086548992478,0.0411801996128001,-0.212263314072631,-0.135894131950198,0.157883997297307,0.0331492904910023,-0.181468433256903,-0.168624171309776,-0.284490852972417,-0.0369071308498177,-0.218408949993854,-0.165474744470609,-0.149920686798697,0.0835100675988443,-0.00413218743017462,0.0029074811211085,-0.0830861158464278,-0.26644762180212,-0.0719485125936784,-0.149811389839793,0.0371404832390627,0.241201120879806,0.15618041491234,0.370700915018998,0.387396441194058,0.412184651891155,0.190735579470623,0.635057349983941,-0.31582542722602,0.113143452537893,0.00266686541855565,0.0467724899232949,-0.0900672204472206,-0.0785418916557785,-0.321834520969309,-0.111168648293426,-0.0781556397862456,0.106807985138936,0.0995774688207002,0.115208010297072,-0.13908742927549,-0.10156342600352,0.0577922289781139,0.0555577055907006,0.0462398184245506,0.176933262611463,0.0478996150149023,0.0984724007985421,0.130414034727344,0.234370166246333,0.0342883300593557,0.0738269981380177,-0.0539735804255273,-0.0199437979580359,-0.00645734918719534,-0.252051743032881,0.0607093040837757,-0.00203322391833736,0.0697806409272177,-0.00243528375301568,-0.105803102668075,-0.376306846844385,-0.0130431649956766,-0.250089202648137,0.00174371845954781,-0.0650029555489733,-0.149567728229056,-0.240000325076653,-0.0474814864204485,-0.155900322208474,-0.253271283293866,-0.0427559847290469,-0.091101254515359,0.0173464158862053,-0.0626336620940042,-0.117479455835018,-0.135755201422946,-0.164956791527785,-0.211863420535615,0.0392962958243198
-0.00599321593383552,0.0130459334603565,-0.0141554224051721,-0.00384252794478106,0.345369317988416,0.236190099766773,0.43999812881769,0.405361067269031,1,0.440524046647169,0.153516203197541,0.374755750021764,0.00519740753765758,0.137564481725267,-0.00130810636781833,-0.114527061282672,-0.0135085635466841,-0.0316773077347106,0.00670572579043821,0.18810992698288,-0.197469244085162,-0.299502677066621,-0.120209716997435,-0.169957916342399,-0.223043994232343,-0.1063234854381,-0.113706356972068,-0.0053418335482451,0.101535300668247,0.170785396580688,0.145698686620658,0.227475147809039,0.207746471631477,0.174941067385066,-0.146541964738762,-0.203238419024644,0.264328293927937,0.132226615599891,-0.114428913790708,-0.0357962433396809,0.125739317269612,0.141115311952995,-0.12372695726659,-0.0728593823380747,-0.183631116341915,-0.134237605828354,-0.270369303428503,-0.214026736229615,-0.0389539078011661,0.130838464139186,-0.0231770036355843,-0.0736135689729775,-0.0756585255446497,-0.0602591675181706,-0.065558233760382,-0.0940853598211982,0.0649398046180594,0.135489519699538,0.0795185241131107,0.190286182545771,0.398490393694073,0.17860339284867,0.0992259009368989,0.255092750775782,0.0811518331993304,0.314278862038315,0.0418255355449397,-0.0152221294527788,-0.133222075548012,-0.147628373698769,-0.214042236849798,-0.0754984188237876,0.213973073032374,0.183352520095946,0.119163844882322,0.109410904479379,0.224264864346827,0.0583516477118148,0.206000980300596,0.198140100759857,0.00223357917716302,0.21890908160387,0.0414249787349682,0.0899626469718926,0.303438676944161,0.388849341146873,0.216835027108032,-0.0179964619333012,0.136281638844617,0.0751533499114972,-0.237224215150556,-0.290416351647512,-0.165161260121589,-0.115336701929424,-0.12062434299584,-0.219058858077681,-0.302595060198072,-0.377794876737366,-0.297660311920074,-0.344257937298853,-0.0384942654965463,-0.138770140608354,-0.102754732640857,-0.258836178749518,0.0876452970802856,0.00262401807628644,0.0733183477389448,-0.0453486978834443,-0.305676177594793,-0.22640230592958,-0.285152972386345,-0.250502055999612,-0.154426296481896,-0.179969104693054,0.0296062944046258,0.160796719131238
-0.0908736217885791,0.0443569912532469,-0.054976861269929,0.200089765456027,0.30858128738673,0.497976964961446,0.140117798915226,0.580260829534142,0.440524046647169,1,-0.0668265125320393,0.4297192122158,-0.151403254287146,0.065623152955618,0.0491283579958496,-0.0733918096069125,0.0468353609450431,-0.00420203967136877,0.0112524263930497,0.259836255624565,-0.156564008862248,-0.105390939571373,-0.140296551542985,-0.120625338662148,-0.135112577758446,-0.216597382334862,-0.185808248491346,-0.00720114445215766,-0.135155592254023,0.233232358947977,0.0505518498431323,0.16882743351169,0.000933068819176777,0.115092906749688,-0.152981952800753,-0.154859642375607,0.114550264259397,0.198377919716047,0.0573695527574865,0.119109239521329,0.0103784457876424,0.0167709762482499,-0.34321615824459,-0.0853202760694091,-0.235216840589395,-0.0797449144831767,-0.303158032985276,-0.266537256207711,-0.166322767838207,0.108493399539314,0.100688418066213,0.107078654266435,-0.220999738736341,-0.289654062765629,-0.0295922998457896,-0.0499257007679955,-0.136046862912959,0.122621000304596,0.0371464262129692,0.343621433338715,0.259824449390003,0.35126402269821,-0.175633380450147,0.241408112383527,-0.0529756056873684,0.445638351346591,0.0609440703263561,0.0591351307307542,-0.128371951064168,-0.106391429386587,-0.260637619511863,-0.0778017323408152,0.0801893553622722,0.220132898845348,-0.0773346355224735,0.0893040850106542,-0.0580259491193863,0.110618751606101,-0.00662362904412053,0.108070652784673,-0.143451429278308,0.177573731054012,-0.071794033527869,0.157563084346075,0.151035330907327,0.290115359957225,0.0932156209015453,0.00814045924553393,-0.128589584625918,-0.168435899059986,-0.169257125103921,-0.402530936355129,-0.032032372130795,-0.0623220903258334,0.0399370803986343,-0.110188383224455,-0.0191169448738584,-0.300866342397992,-0.0490923842914979,-0.191840533338719,-0.0841240522463294,-0.111803683540061,-0.267838145825361,-0.374851287677725,0.00346578402550154,-0.0587606481352994,-0.04245545177282,-0.0387311191172447,-0.123567220672942,0.0796240880581842,0.00336144961330384,-0.00515788088822771,0.162306952887309,-0.157143734005585,-0.0482550192955786,0.157485664951979
0.182705697992179,-0.0111039350535644,0.195226183339846,-0.00267124284783344,0.0840869321743972,-0.0756181314685118,0.227700684870781,0.0269620094250625,0.153516203197541,-0.0668265125320393,1,0.271406126339847,0.223796861233574,0.145852788156325,0.214341471504868,0.288594746742815,-0.119208709047508,0.150310215557212,0.036286418806094,-0.0707983982407899,0.0473366103972246,-0.101216317811097,-0.0947865687993313,0.00713464867143266,-0.0742972297114306,0.109870754042189,0.123406286894295,-0.0523720855009246,0.200615728213367,0.165196632219506,-0.0390043247963332,0.0342898434236271,0.542577531658527,0.442235474879516,0.229933746214478,0.18462438201631,-0.0467148999726181,-0.0701028418599392,-0.0833052926825146,-0.0811098345138942,0.0964881301181208,0.159684706843693,0.0390511422519719,0.00365231179890608,0.181356209985073,0.100775805431434,0.118117913695328,0.18185725694002,0.108289118408436,0.104513119330453,0.0793759811105583,-0.00721413821553194,0.22967067966544,0.258964959468789,0.146037193938969,0.0682646310946694,0.128669504011814,-0.0806118870006571,0.122929724455812,-0.135533817435484,-0.132166593799214,-0.202561580207362,0.31116229485708,0.107646621586108,-0.0987355629133935,-0.22044140089697,0.0686111686363309,0.0733048362278328,0.108227221444729,0.150079263706238,0.233253913911592,0.263753731216652,0.431799804205453,0.162677879027847,0.22588072702034,0.166300010934481,0.313909531187048,0.192934424763549,0.112402977769429,0.103287131472481,0.27478595920596,0.293625016641365,0.269253199585167,0.0458464777577949,0.0816243138092837,0.0504509895372717,-0.0328488826764052,-0.0776459743949291,-0.0120640273273459,0.0719535411874727,0.0643846986121984,0.13077739008392,-0.153076670593911,-0.00137741913667148,0.0688799302095139,0.0259610843536217,0.0736460025024306,0.0456000166398195,0.0355705374034648,0.08011770785225,-0.0409342391537778,-0.0812285716097553,0.0361992550746938,0.0474639508976313,-0.103871793053908,0.000492836013588115,-0.0860569335172682,0.0915868034917484,0.0344746718664784,0.00254071554460929,0.01660742923585,0.00622233894169382,-0.0467882967381257,-0.023773595304136,0.016932696263944,-0.23975858273607
0.173845042460119,0.287571314116637,0.166030476931253,0.230282210072397,0.300477641557342,0.421588361615393,0.255959616766704,0.469060858589213,0.374755750021764,0.4297192122158,0.271406126339847,1,0.0951699943495267,0.210448471230467,0.144188301750054,0.187246211700309,0.112392860766852,0.101380499908675,0.00445635513266406,0.124714429572967,-0.188429836403822,-0.126193196302486,-0.131204072212129,-0.0781708653497108,-0.0497752198648418,0.105212838006443,0.163442883204906,0.110960330695503,0.201605152675434,0.337981600573452,0.0101279657551263,0.529608802265013,0.332679020895767,0.515479218742364,0.16980258041564,0.240657002864008,-0.0743604686278568,-0.0886357951647286,-0.164967882838686,-0.130944729911299,0.0381665720872058,0.119413593454296,-0.0949565553524283,-0.0538772357597923,0.0975936305990876,0.252788815803431,-0.0488328905656801,-0.0914985663357631,0.159864499861467,0.32261175305171,0.0671296972736099,-0.177820648639382,0.0418521443490652,-0.0802438967086068,0.0210273822785751,-0.0237756672205276,0.149430886648539,0.229214961384121,0.0713594884287095,0.0911464654424126,0.229221341199092,0.341442643770611,0.232327325705706,0.433937720859547,-0.137402418946572,0.0827289740218743,0.00318966299222579,-0.0726804293315165,-0.0246983240862577,0.0264129197851419,0.0903877182829187,0.0912488010179544,0.264976734533271,0.287544362589595,0.165230063275077,0.275690281539386,-0.107224091879031,-0.214141791615685,0.123327298560636,0.17034433401571,0.263827756992335,0.383301722822703,0.370182270119485,0.178017618733769,0.230098532820537,0.341447849263844,0.0252084642963803,0.0266560743154365,0.0224383396814562,0.0533464082295689,0.0242354655247557,-0.104155244806645,-0.164753457119138,-0.116858106538727,0.0181107857282002,-0.109340363408013,-0.0559899175941221,-0.272305630704181,0.0362125318139151,-0.125678922244857,-0.199898628001258,-0.062855714864698,-0.157255914747129,-0.135204959217763,-0.200532139122887,-0.199838113917263,-0.15435907954816,0.00211783655982243,-0.0835512990402243,0.106655352382052,-0.0883425041108409,0.0155492208977743,0.00165786375492405,-0.142497810497488,-0.0179294729771237,-0.0385990969060574
0.49994919570144,0.331650970137168,0.0390303984272317,-0.0630114013019046,0.0140662872885558,-0.00420545150777824,0.393014158236291,-0.0601248788182739,0.00519740753765758,-0.151403254287146,0.223796861233574,0.0951699943495267,1,0.671997090305015,0.0111748268512277,0.213817254425539,0.207944986514833,0.176006680428718,-0.0481875516328088,-0.0110981218235803,0.048566733105562,-0.0512231656633081,0.275171291926584,0.265724198026231,0.179613117908651,0.295144360068976,0.235580153779708,0.263658667170783,0.0807946965887083,0.2127127227387,0.23981354380762,0.151391379967574,0.594852149630624,0.516226646635212,0.290064310607164,0.289729280979321,0.117419432711419,0.0374677858063144,0.107360178379523,0.240827430199731,0.161047211168411,0.379869993622338,0.145887723847162,0.235231627047976,0.351421401467441,0.395293620968869,0.267297878545075,0.251076880106157,0.422597964251467,0.371746658602713,0.309766144132828,0.0768353510132644,0.415933324800895,0.219107747221007,0.289056633541319,0.244764719236168,0.649695447783481,0.305662005387388,0.207334213913489,-0.021609074607666,0.0122329432772485,-0.0967016335119449,0.488514990749847,0.30778524181416,0.0578431892277443,-0.0803276141720043,0.0609181791392839,0.0717591354919207,0.255997945863378,0.207370673517802,0.0445425851342377,-0.0511401710008906,0.198395219390747,0.381550600871963,0.0677586817198424,0.257112899928962,0.284326488546509,0.0745263680984071,0.573765850273232,0.609865209767871,0.713596361691332,0.613623389617959,0.421232728962451,0.319893393131205,0.501234396107726,0.346956349374095,0.354023173471415,0.252865474623847,0.371556708787128,0.297438189060354,0.0450651964149577,-0.0423741846388886,-0.184376679722721,0.022941308827663,0.145035644234172,0.0335175688139712,-0.0610540465300795,0.17747760120671,-0.10907404555036,0.00120161550651311,-0.100294521767497,-0.161503383645472,0.0749060218152867,0.169413467097436,-0.150378073324288,-0.1647974325897,-0.0114549887893439,0.149955905070205,0.0632519294380071,-0.0105136316101479,-0.200452662361708,-0.171406844988293,-0.166181264980535,-0.210209982341253,-0.0284379361126136,0.0945209830846134
0.436567669923724,0.3503327752461,-0.00388278673247148,-0.0439969600130769,0.0172991624726715,0.0492140776405941,0.327386637027366,0.140589130492143,0.137564481725267,0.065623152955618,0.145852788156325,0.210448471230467,0.671997090305015,1,0.0727903500567621,0.262986151947506,0.289397985231613,0.245582604635947,-0.0118091040404479,0.0993894099282111,-0.0588655649905511,-0.149043314397426,0.301539947099852,0.252970494170802,0.181596350623589,0.297592139299267,0.255471777715565,0.170548644164302,0.114309623080732,0.392899237906604,0.257396102385532,0.213280983333886,0.425453863206421,0.573405719209422,0.301432464879207,0.313487242942138,0.180111739885822,-0.105306165417476,0.165036722896698,0.246642015563141,0.169340584549931,0.430091820359913,-0.0594466855064784,0.0557264719050266,0.320438254111589,0.414662240928689,0.111246774343999,0.0578944337924194,0.365876972164037,0.464624804510503,0.193268468288796,0.00225805626647055,0.32834530980411,0.117173545076738,0.198948415541552,0.188784346245285,0.635868896464363,0.535254519621172,0.0886504369632368,-0.0503340009569402,0.0729630960659289,-0.00740613730578867,0.464013312009968,0.433395065104218,0.0110732941734052,-0.110622057580527,-0.0431892428142443,-0.112110657869507,0.236766737633683,0.232820777315288,0.0568823125763193,0.0169267317530122,0.20820581056076,0.510081979502479,0.00418900129475227,0.249095210111603,0.164478822777611,0.068960951430987,0.474912201797125,0.653902075676342,0.639717441433668,0.710086373986675,0.451817391493261,0.461134483376196,0.561141040509609,0.375360339573185,0.44212979422436,0.323239823853133,0.337920948309954,0.345359156038079,-0.151044927409578,-0.179362805182289,-0.183564612425291,-0.0187618715878689,0.128981539655249,0.078841061800795,-0.0599216686649497,0.00288009722595307,-0.169559457840325,-0.147680168107679,-0.163661859281535,-0.21496537414253,-0.0144383950175438,0.126234985582288,-0.170518138482093,-0.156741220497258,-0.103797870471713,-0.0164538130190238,-0.0203565437935723,0.063945653002653,-0.289154861212116,-0.219351020379387,-0.0559414557308961,-0.17542495339613,-0.0206026267541288,0.179517639949193
0.503569080147417,0.263623551792294,0.55493616429845,0.401495026833487,0.277121051753652,0.199620617579929,0.0500684863100077,0.0276780600331198,-0.00130810636781833,0.0491283579958496,0.214341471504868,0.144188301750054,0.0111748268512277,0.0727903500567621,1,0.830547410614537,0.0367497934569883,0.160814161987313,0.430621754386055,0.459552581790849,0.0529330399709645,-0.0518301931612426,0.173616311948713,0.108429057745896,0.204715822249404,0.0743430619562538,0.184128341456695,0.00419535268475631,0.261316602594286,0.192819367998497,0.0791798490701044,0.141722511793409,0.0432645280335879,0.115316108682345,0.455105079722,0.397321934041572,-0.0721702757485624,-0.290844936739509,0.0165487579013658,-0.100208709237647,0.0732529299150793,0.0595557689904827,0.0534974055160219,0.0799290527369409,0.129406703875993,0.153445968993573,0.0257518471143713,0.0035900134493267,0.114604715492783,0.173748192701727,0.084542241620367,-0.0356296931497184,-0.0747140422670342,-0.00964738998154383,0.045951505007085,-0.0062700614926511,0.172557021303982,0.364089896439467,0.168662814653321,0.0208091293883197,0.214938360442754,0.207385557737954,0.0722496622248569,0.0506851815138161,0.0779106511351021,-0.0231971103837283,0.21788597032107,0.128759501748807,0.536499073775423,0.374022968495045,0.0983070783681895,0.181587168046898,0.00353964364512579,-0.0241531222436656,0.0896038519678111,-0.0137086400016568,-0.160552916233325,-0.0373948909674727,-0.107559492169573,0.060872411997125,0.151965396190849,0.0443699711220654,0.307867335469743,0.0423996656970784,0.14651201542043,0.0754436211523216,-0.0904176497865307,-0.13562368317295,-0.118836668885678,-0.0183825259167264,-0.191553484289606,-0.0664355955608133,-0.0859002729326264,-0.0741947839318313,-0.0443362327373004,0.0326334963899411,0.069944292310092,0.0542348110002458,0.0916587150602928,0.0397300612558409,-0.077800189216663,0.0334573223400966,-0.0335932726576396,-0.0992009203762855,-0.103178198527784,-0.0420198237077233,0.10817954098433,-0.00410889643667774,0.0212730062073118,-0.0501582682699871,-0.0699773382578247,0.109356325481187,0.0537469958810574,-0.230345234580841,-0.143297343912303,-0.0804287921997163
0.627734269989551,0.330866077699905,0.416300568581333,0.308972997775934,0.153315210202577,0.125827630548244,0.032833661761049,-0.0369104793267131,-0.114527061282672,-0.0733918096069125,0.288594746742815,0.187246211700309,0.213817254425539,0.262986151947506,0.830547410614537,1,0.152269801833058,0.211267506713913,0.257358946542646,0.351999606552822,-0.0385669139542957,-0.0603449668578156,0.272202020221981,0.253316345842194,0.328525012452308,0.268333629077791,0.274821783416067,0.0925211364067757,0.183453303733105,0.310061810229706,0.108809769084364,0.19369201785839,0.15067795632381,0.274956933297772,0.511039313623752,0.510586332950846,-0.142179855062989,-0.387350798395158,0.000572256072855524,-0.00759244613281974,0.0422875311486215,0.157455019500388,0.0936281318667613,0.0849194266890435,0.286082278387132,0.3652539866572,0.158365942589942,0.0645976838018017,0.247514063809128,0.226424981605193,0.108413022921904,-0.0875995266835142,0.116629140885016,0.0433736216962075,0.130884604782118,0.0395803241659467,0.360123499077543,0.426675078515715,0.191601514572892,-0.126709285148202,0.118605695050653,0.143903137872977,0.277908809475344,0.118479856062655,-0.0447943515119247,-0.231433619443142,0.114078020089419,0.0247579268159332,0.682051228413884,0.54543047686692,0.130524731543564,0.20710883560579,0.0877049862388179,0.132744354350625,0.0454889794790888,0.0447976222486695,-0.133577033229615,-0.0223480279092513,0.109427751869783,0.184512513474328,0.374120676982802,0.224300401939215,0.349586152559662,0.142455299988284,0.217387499643707,0.119383385528044,0.0198015250749842,0.0001169831418308,-0.013024985847065,0.0670880220705423,-0.157071545331364,-0.0219201466181101,-0.199256463536218,-0.14773208183505,-0.0311624950877723,0.116596570691322,0.0746233510754487,0.107424278247447,0.0784119222182785,0.0624344370271526,-0.11709088224259,-0.0660059677946788,-0.0292653483047851,0.0692988338514588,-0.188375750195245,-0.101526969198891,-0.0079878518169082,0.00595279933507153,0.0193029890359534,-0.0769785918283065,-0.117976309642693,0.00271968897467051,0.0175395091531069,-0.205519175099012,-0.113985627498559,-0.0271554058292073
0.190128189352743,0.21893436264115,-0.0370566479229934,0.105453321488871,0.0650994216341044,0.0500222648496786,0.0816141769911679,0.185403683778414,-0.0135085635466841,0.0468353609450431,-0.119208709047508,0.112392860766852,0.207944986514833,0.289397985231613,0.0367497934569883,0.152269801833058,1,0.165513515377617,-0.0559080651236849,0.154832967959156,-0.0706493932388147,0.175848882841314,0.691027819249668,0.614310507216216,0.586738069072642,0.503848166364353,0.424944057077231,0.447931632920125,0.366783702627829,0.384853323209701,0.499367361720768,0.149170574949668,-0.0977038479059334,0.0443566362647738,0.109936326611524,0.154488320551233,0.138366775380003,-0.0665508595988707,0.344652468579199,0.347003424925887,0.137723605159541,0.189386437960116,0.0188955888780085,0.101259568860374,0.122988023010854,0.264027714945173,0.108663172530726,0.0680636632262086,0.344308098991976,0.188705224819909,0.130699497127726,-0.0788227680542224,0.259378159023101,0.107335900086063,0.287940210019074,0.350444657409769,0.2896741733056,0.372515942794172,-0.0284722274975419,-0.0986850452103308,0.139556332550397,0.0932269255246143,0.162824183940152,0.156245404066845,0.0550957197107763,-0.0167976652673147,-0.0900458373699309,-0.121087195887841,0.1783150793839,-0.0433615732759182,0.0608354235211514,-0.0529425961446135,-0.139874973603667,0.000476376290969212,-0.00586978410598651,0.123637636321732,-0.234718886335165,-0.0995856080473496,0.212781744426747,0.181544885587178,0.346651101053063,0.215351514592774,0.341044457066056,0.466015267711635,0.385993486796719,0.355887525242966,0.472409009392698,0.573687751651307,0.298722557675759,0.318828095694201,-0.0161518730023543,0.00960831994398969,0.11743930827618,0.130847896116718,0.228811334872822,0.152868774119626,0.00941295516122866,-0.125662166159527,-0.130016063781773,-0.0796982001164321,0.0726059165132987,0.0586404813348114,0.0107785280074903,0.0493745363494472,0.00442313240577825,-0.186687751087947,-0.0747899952960492,-0.110945014467601,0.122568633501633,0.21946396038269,-0.118017569739238,-0.126691466948668,-0.101351320987418,-0.162597947552387,-0.1400877424908,0.0923545528639666
0.215882162918233,0.173976888005212,0.137404723474624,0.11262382752647,-0.01492004299411,-0.0385009903453148,0.0867045274837044,-0.105624233732842,-0.0316773077347106,-0.00420203967136877,0.150310215557212,0.101380499908675,0.176006680428718,0.245582604635947,0.160814161987313,0.211267506713913,0.165513515377617,1,0.158626935947898,0.179094812444849,0.199877438364062,0.337361383682957,0.269131307430125,0.216654347092686,0.265084106629178,0.157037992535469,0.264698947243061,0.0412205390935455,0.211543146075422,0.198314189831595,0.106167573887775,0.207622817675867,0.179442906983428,0.271250915825054,0.159475850794148,0.243115857005091,0.115553482184769,-0.0658313808572625,0.019265743237735,0.0190174642706402,0.00653266115690025,0.0465376504700792,0.133245860592058,0.203675729504958,0.204695303284444,0.236107193211226,0.17336982766617,0.174778832345035,0.300141261508046,0.192260780271008,0.152719213731686,-0.0309723446729835,0.208833036579758,0.14946494591127,0.135229492386584,0.191529965108347,0.183490913036174,0.103976635609146,-0.0102034187667098,-0.118289587060742,-0.240743714052192,-0.148613572805942,0.129194969563524,-0.0573186503350931,0.0555217723037029,-0.0254816398529904,-0.10634266198082,-0.0641783302587225,0.192040565674937,0.154708684923012,0.22751706647583,0.195649832504581,0.161055245599331,0.0652971872032874,0.0701619543740799,0.0687396602544574,0.0920066369945399,0.124834267226606,0.10691521598861,0.0715085285813416,0.23458089019337,0.29235915369719,0.185260837206525,0.189287122866206,0.138293920611448,0.2687179975294,0.126334319563015,0.0833852705189557,0.0560380178386068,0.0613902673229435,-0.172812103405818,-0.0417454399448766,-0.162783936301854,-0.0495692866765051,0.0774179526268831,-0.15462228992726,-0.0135856718492215,0.0228910806728555,-0.143253871047189,-0.00207565060071666,-0.0994608024543352,-0.127666426762833,-0.0424595950588896,0.00529366204257988,-0.137875662408233,-0.0837910420013539,-0.0198416112716487,0.00538995001976655,-0.0685448837668573,-0.0330646002745511,-0.0421314813085625,-0.0922052188401404,0.00937513678790388,0.0256942331107956,0.05199216468529,0.1201229822366
