1,0.575796659144955,0.24623556451541,0.107224862281298,0.232184482881738,0.202210264295697,0.349027683034999,0.0555421213924698,0.247344077874764,-0.088745067253692,-0.0172594917181366,-0.264556454104371,0.124242899490392,-0.0558620437539777,0.485242624438424,0.415721985642726,0.128079356000839,0.224232061024833,0.0891179017241571,-0.113431265217967,0.131926707755635,-0.0453491211872435,0.0260964120249865,0.0712970004804043,0.0993022477189846,0.0187051377134459,0.0370847860831197,-0.232443527404058,0.174857867117104,0.0215824077354131,0.11015335025938,-0.0405226733326142,0.207884807893129,0.0469323195730721,-0.0261806216015135,-0.0575151401946494,-0.172018576460176,-0.382209415185307,-0.12702727602082,0.00325187236116604,0.0376894608851213,0.11126570559292,0.0439858527963378,0.362162414552157,0.133233328466185,0.0276423339910357,0.249205002547294,0.113701408392746,0.177869799822759,0.068647096200046,-0.0325460549490619,-0.171388783926718,0.113604690663824,0.0186732888514356,0.123808080844715,0.272049189980262,0.593146846036546,0.464959453396453,0.416852795191687,0.0862450392098207,0.401054915873056,0.0625727339096236,-0.0246798263931207,0.0535086608540137,-0.203782252632156,-0.357274561618573,-0.0406784584517433,-0.322276443467495,0.313895200739775,0.0943101227594567,0.134793876191866,0.414534047509862,0.186057255872236,0.022620331186909,0.101241734556992,0.158321886004912,0.197850748227494,0.0985266089835936,-0.0999654350804073,0.084269992580604,0.177893409949176,0.12950115081801,0.0684485134894492,0.105852955074221,0.028134976521927,-0.180858439018047,-0.250284002406215,-0.0782882826225271,0.111732028533745,0.0652285575752313,0.0654776794617266,0.174183799057855,-0.00140536458689616,0.0942649799963485,0.14209087276038,0.0221244924938535,0.11885216970161,0.176311596957423,0.188364960429749,0.30219243508165,0.0301093274648219,0.220666877344542,0.150228153219631,0.264653336972642,0.0535625691401378,0.131196248491756,-0.199539645719689,-0.114057760430845,-0.0653467055767822,-0.113066575468526,0.0813798065976017,0.215988730993888,0.0260595355917852,0.0767790174314043,-0.00333437472918832,0.0817365089231313
0.575796659144955,1,0.290745449532876,0.385171690662026,0.105352840820118,0.190196461474325,0.133075201681914,0.194727387576836,0.0829767843858698,0.0877520452654214,-0.116076955782094,-0.235726139012802,-0.125593123707874,-0.243409806461969,0.665773794125458,0.487439674878123,0.00672885475321562,0.181993646892206,0.214374490987444,0.0620071450970975,0.0772182690556523,-0.0149760210819768,-0.075448173953782,-0.129628789215467,-0.10844394206799,-0.222433305126514,-0.131309589124674,-0.231748293929334,-0.149638591253571,0.11856612346288,-0.0526363730405064,0.0826421864999011,-0.105264702877875,-0.000271702805449127,0.140040062093851,0.109378155340221,-0.221409394690523,-0.193220616331879,-0.136094256819282,-0.123174471140141,-0.0035837714525668,0.124474449892394,-0.169621930405732,0.0871339517605562,-0.0946508261950437,-0.00247546672840751,0.0426659287522728,-0.255233414900139,-0.08618187145289,-0.0245089443956371,-0.0751338571757986,-0.0719329265722293,-0.287797164619537,-0.215267320036297,-0.212799219763085,-0.047003249291475,0.572605341574999,0.704598069034689,0.151646461304233,0.14153445574087,0.122194124342627,0.133991443055428,-0.17683371780821,-0.00557627622796902,-0.214840819491424,-0.0814168614572225,-0.0262337170633532,-0.105797055791265,0.612112902820376,0.305756382392707,0.285943351483699,0.107419165944892,-0.0265167173657806,-0.0273513601284355,0.0589000700863103,-0.0489118632403529,-0.0179658854518841,-0.113541807438461,-0.0504752775958198,0.0835809838494351,0.0316431095698957,0.0013256747378796,-0.0332950850076799,-0.0184923719581338,-0.0367041667615616,-0.0153868118165554,-0.215329430743683,-0.0575308754421534,-0.13823990934324,-0.199458346581158,-0.115897545506588,-0.0776773754353304,-0.0536380174085612,-0.127894038405832,-0.022191670691298,-0.213358332765977,-0.142144372150562,0.00748625230493581,-0.108152421260758,-0.00712969170140355,0.0269420930006913,0.0684247829040306,0.158921703693588,0.179415580127624,0.232428716018101,0.240584267915817,-0.0861548604548309,-0.00984371793424574,-0.116936105015493,-0.0188007288997607,-0.00284076882893876,-0.0512493522443752,-0.0990183793696528,0.0480158637827627,-0.0356557479999183,0.0053913974337513
0.24623556451541,0.290745449532876,1,0.483533895835269,0.415669033470467,0.0761957641262336,-0.0286139272240476,-0.161478083459641,0.0718555435038999,-0.135527398712471,-0.017028928298101,-0.182607106232427,-0.197680584200359,-0.0778085384527843,0.388753805770975,0.292593493916846,0.062782615779978,0.241446352103819,0.69673049669466,0.386843170232463,0.540509984665334,0.272733251661464,0.310536276537071,0.0486970379934534,0.120145746910143,-0.0770216898402943,0.066052496312099,-0.171826080268041,0.138709945543304,0.0893696704867754,0.166129134309199,0.0456396364287319,-0.0984091669806756,-0.0512639688129149,0.364567311692684,0.326525656641104,0.257248919587004,-0.0719398051259174,-0.0755576439743322,0.00780211398298515,-0.211617268145587,0.055977338353104,-0.116509326193904,0.0437705189559693,0.193754365496994,0.116627723122973,-0.00648996925313636,-0.070793306836016,0.235467290822165,0.212317927182584,0.257581940472331,-0.132396327339225,-0.0938261832075801,-0.134021336428256,-0.0603249354745691,-0.00289965263478881,0.35047150440211,0.379315063784894,0.342070509972585,-0.0206065614925382,0.133869213907914,-0.0868478804999776,-0.359148098924514,-0.334194007259472,0.253980456478452,0.121954352687733,0.425283883666603,0.118668258567494,0.327521390104968,0.137795698678819,0.197604195633123,0.307895331692205,0.0606185610609852,-0.104832492790657,0.151205379237689,0.0826725552239773,0.183507532950622,0.207649227642267,-0.0691717411382776,0.325574720922685,-0.072022251012094,0.0750206259952134,-0.143706794745573,-0.071961860141791,0.108345624005544,-0.0196270664110747,-0.0511587500307068,0.0120353611562737,-0.0394507849142447,-0.179567150227412,-0.0345937228187559,0.160928621777589,-0.073583578492083,0.0677572571996274,0.222373253413891,0.123254127166063,0.0229403381981911,0.146573058603579,-0.0696139829548331,-0.0098310553846138,-0.015222539907252,0.0877021258912349,0.0852485606251864,0.223025565666486,0.226388937529114,0.259592087206122,-0.217896152391701,-0.284908789127997,-0.0671768631987992,0.0768487078836499,-0.0900720458966328,-0.00115468426968662,-0.156381356082174,0.133544905295084,-0.0819233336724291,-0.010998549591319
0.107224862281298,0.385171690662026,0.483533895835269,1,-0.0757701891358242,0.433801218333042,-0.206410421451034,0.154202562958776,-0.177635818705254,0.038547757781619,-0.211866931834406,-0.118069646734387,-0.14781946237942,-0.3369200386551,0.485634716026551,0.332670774437438,-0.101305444290043,0.0831057364620141,0.660320923417266,0.705251714517452,0.230472839505116,0.228584633575831,0.0849075539174639,-0.0716748636859942,-0.138817882810005,-0.0990425458394423,-0.0128409365912151,-0.00358717815443887,-0.116855755877648,0.296658770379833,0.0410388655616109,0.269176471822107,-0.308971615978187,-0.0755943951050376,0.111849796439842,0.415256244569662,0.158917896091371,0.149919688170592,-0.280895932002045,-0.148514077800049,-0.319283522892738,-0.047036038734914,-0.31811309035096,-0.243323155710786,-0.0799372298452145,0.00858278212348404,-0.254168380190716,-0.39296040057761,-0.221965648827758,-0.0243538023345287,0.0471812168284523,0.158386076110373,-0.139893235086849,-0.309717710804789,-0.355252896264123,-0.171769859024548,0.156459735866512,0.316837223336006,-0.0873279708971679,0.255157719795131,-0.051109698098004,0.272026723433962,-0.284265530730908,-0.278136754546481,0.198527791237874,0.569064372486925,0.0211930082174854,0.347927550723338,0.366661782079408,0.195380676340034,0.193476533735816,-0.000671731510173449,-0.00581781657652094,-0.0284773370100674,-0.0193872421182959,0.0146288141041542,0.0748759858579547,0.134354004869905,0.00993049885796608,0.311204745441814,-0.10710375265729,-0.153633027784913,-0.32503285630158,-0.0887210358083971,0.000868283156596583,0.169957042432673,-0.131943080291227,0.081305152747807,-0.216927483059095,-0.20251434956364,-0.0503410508686822,-0.249504222147629,0.161841311850876,-0.200697221761556,0.231717042119747,0.144034743867646,-0.114865205653228,0.0681622900297317,-0.193909120706872,-0.213984454164894,0.0748558408134723,-0.214044738654089,0.060585515651644,-0.00377496148487952,0.158752199677506,0.140068853792224,-0.0947511547577579,-0.177172083913748,-0.243516327070368,-0.14082220088655,-0.214204899244345,-0.0769591756502015,-0.260971255189462,-0.0567248836377609,-0.136161166267105,-0.0147041724641062
0.232184482881738,0.105352840820118,0.415669033470467,-0.0757701891358242,1,0.330721349458523,0.474477964309644,0.189136742654066,0.615637905803462,0.176029619651505,0.311625080265075,0.0389270973227043,0.112578815655711,0.148693479969401,0.159902352310716,0.153838955343858,0.0934619856789685,0.194420504637541,0.153290425176506,-0.158201423217397,0.0268623104127272,-0.145616081770032,0.0237681634072119,0.103168806342759,0.207149687749757,0.17156530230787,0.189831994146208,0.0475014158943381,0.211081496782652,0.00619145866805205,0.319404845055974,-0.0625452572183798,0.414068899506502,0.161648889045058,0.371918002797001,0.174549806723208,-0.0669616565892257,-0.365414080060231,-0.00753628060954308,0.0779586287792673,-0.00913659802343043,-0.122412314282512,-0.0390682227553463,0.0619207860280598,0.100234942426835,-0.00721268406498118,0.116626504489368,0.0787427873416814,0.208507383930513,0.248247904043564,0.0743511964573863,-0.115171593136126,0.103961571936387,0.0591367042168057,0.157704137950663,0.253816299716272,0.130182260792052,0.178770246968206,0.527387003823408,0.0670358713884614,0.511755744426605,0.230274740677295,0.110677304534393,0.294745417708988,0.344085664661381,-0.124823459861445,0.248902955414442,-0.112333121488098,0.0352166735567334,0.0134894544894633,0.1278632845406,0.151510893592609,0.0847730564794118,-0.0745490248343189,0.0540178142697117,-0.0655174837990416,0.0926968021356382,0.0189441727497005,-0.0959382488942412,0.0267217232197676,0.08439571293532,0.0676816264597146,0.183511919774725,0.0751325997525705,-0.0109982154870014,-0.160124752049696,-0.223594358429672,-0.282897222779846,0.18110273366832,0.210298192264864,0.131871647193027,0.453706569374458,-0.0303200484560393,0.206492736108631,0.0754833057755581,0.0379616670812841,0.121835304281624,0.080061568314921,0.132604991783824,0.164435503253328,-0.0640729977413879,0.188767398591375,-0.0223659928239755,0.0621712574102373,-0.0967572938177381,-0.0383904990149802,-0.124700929582513,-0.200514081944136,0.109914801035953,0.0838117988281928,-0.0114357152081767,0.139508984884055,-0.0375369852745838,-0.0605426931910903,-0.227694971231432,0.193267341937843
0.202210264295697,0.190196461474325,0.0761957641262336,0.433801218333042,0.330721349458523,1,0.120836568964177,0.469878211528084,0.275337551972641,0.220648780361919,-0.142469551464145,-0.192517572150613,0.00820523782375536,-0.233502986297718,0.103755524384433,0.0633213312047563,-0.129847449232797,0.0351265458000595,0.149884451959253,0.0622847898215308,-0.118884125848596,-0.100004872532194,-0.226858089751527,-0.0106261412716556,-0.0636620997394824,0.113515315549404,0.0309589438051647,0.226312141952289,-0.0914641044874459,0.106001966491792,0.0971422530529064,0.0366713226735047,0.0412179910291433,-0.00562073180551246,0.017384859343721,0.220687241669226,-0.0857187036970625,-0.108717624813454,-0.13803753659142,-0.0928539672988572,-0.407240862060334,-0.267792127941182,-0.141708794010816,-0.195139007893062,-0.11230637288685,-0.10686981744435,-0.128750671664016,-0.318619176450065,-0.309583246726571,-0.0547225987532256,-0.102251170967724,-0.00229033156704631,-0.0180259217341891,-0.172114787262146,-0.1704693439239,0.0703530417685388,-0.0536430141455331,0.091780396740473,0.175750218573018,0.424010083144188,0.378132107400503,0.57573617729717,-0.0925022775038683,0.0618334566666054,0.283915791749444,0.246290891135039,-0.129065001546309,0.130945420229816,0.0189697372961014,-0.0370018920518604,0.1597387225363,-0.039178004866929,-0.0246538299412942,-0.0310468858866783,-0.00385204829699239,-0.050406777306735,0.14937239840438,0.161305713783296,-0.150350159158933,-0.0508348291047124,-0.0858348021171157,-0.229576576988834,-0.262100452312479,-0.137758376492769,-0.225747246236524,-0.226694423304883,-0.411486117858841,-0.354040901152175,0.132929569637262,0.0608707026440982,0.195562315257886,0.199398874786266,0.334531533161381,0.0872915684112034,0.271671752169183,0.169782012538599,0.00252850663536814,0.145370229761434,0.073529436056605,0.0416381992832194,0.171870144798001,-0.0600264763719243,0.0468927857229679,0.0743771541352335,-0.022712951625222,-0.0433753536134351,-0.142364924752779,-0.20201310094397,-0.171839978708917,-0.162282705054225,-0.0497609519587851,0.187776882161614,-0.029768303768538,-0.0586155026413442,-0.17135183777421,0.0114231529337956
0.349027683034999,0.133075201681914,-0.0286139272240476,-0.206410421451034,0.474477964309644,0.120836568964177,1,0.307406877613127,0.571860019764406,0.258184747534647,0.419275181096247,0.0800951678393893,0.189939580967477,0.187442661173231,0.139236095314483,0.0690672759892588,0.0822611363681786,0.0089412484003164,-0.0966530131590967,-0.19688482754746,-0.147484228173187,-0.21626942281893,-0.0673703189170768,0.0832370349606149,0.152160807127149,0.13045953628926,0.0882008454549562,-0.0403331255055843,0.120257700460497,-0.0472508611731145,0.32796329175311,0.140669710429025,0.394085761597094,0.151203731442829,0.126017096700329,0.0360261811586961,-0.290488132728442,-0.363338069703786,-0.118582499686492,-0.00481496893428516,0.100878713939586,0.0210234962987156,0.047593323154263,0.158859076599216,-0.0434737033699412,0.013798497862207,0.25696536572873,0.168664071873656,0.162510436748578,0.260749750061551,-0.176282410538522,-0.104453176636552,0.128866310343689,0.239566428567496,0.33121313575165,0.43085553048836,0.232501221263507,0.135561198408888,0.442557890953175,0.243226478722562,0.647319045964503,0.373501985851453,0.336161970411779,0.399553732698634,0.0113214204204001,-0.194082579178855,-0.108950378933219,-0.371159397018953,-0.00210896911437365,-0.0226040067145183,-0.0195018890542606,0.109080808305728,0.0748518255423526,0.0307853831339893,0.134516516422911,0.098157177719349,0.0655418972232424,-0.0851526650521436,-0.0978865654260693,-0.0816352291973378,0.199813268605321,0.144227703870164,0.252708198680551,0.163688244206602,0.0226952330297359,-0.0554871975899474,-0.177774488437755,-0.223884613926539,0.303417191952486,0.432145471527033,0.155193607072218,0.29038124311675,0.0492429662583258,0.0967662347377955,-0.00236527223394257,0.0195033240686322,0.121366335202156,0.115514013085854,0.0566605445574871,0.2202666487901,-0.164138514403709,0.176859865736398,0.031686136905536,0.0335361795906916,-0.12923915948292,-0.106972706213708,-0.0694493890759849,-0.0369058183958494,0.139312505991171,0.0616021164204473,0.0538967932482949,0.151907002524917,0.0127181156057135,-0.184085352883799,0.0176409767925593,0.176595591943699
0.0555421213924698,0.194727387576836,-0.161478083459641,0.154202562958776,0.189136742654066,0.469878211528084,0.307406877613127,1,0.54090155420101,0.714766540820214,0.307627271796312,0.304886982579846,0.0130111947828133,0.091317371474808,0.00597350051457683,-0.11500858771062,-0.172305043030196,-0.10340612216112,0.0146787881453979,-0.0099758112136728,-0.269931230389743,-0.207171929071515,-0.11933023305974,-0.0551504252178137,-0.0970534195119033,0.0266603978611471,0.094414700777438,0.130067980778273,-0.0752027728182919,0.136248711954934,0.126321191808072,0.353955755331145,-0.0153276321695938,0.146592079602025,-0.0611451432097148,0.0405359965414694,-0.142728734995812,0.0352783110541248,-0.190812305364217,-0.0855756129742088,-0.106904282030027,0.00337212355886158,-0.187063111785223,-0.327633810251113,-0.241108246524534,-0.288699966847327,-0.148350462799837,-0.205778495332866,-0.251839056204145,-0.0169911548266336,-0.0678518740101509,0.166705602221659,0.0342011213445953,-0.237452083221304,-0.00238912136408893,0.00595924987679442,-0.161667270908776,0.0568714313018381,0.209382728015882,0.365607589196601,0.440535909519001,0.57573810538066,0.0244301597603828,0.282104595955056,0.288104465188815,0.298532234205932,-0.252388313473095,-0.0623185244882197,-0.0188079708094248,-0.204930983133979,-0.0961238970571521,-0.272071178746009,-0.113788116091156,-0.0207677634062471,0.0687351146695907,-0.151281495719616,-0.0358839974458967,-0.056027200584937,-0.00694741276015193,-0.144445658790812,-0.0136912136858216,-0.134272914559378,0.00204217767716628,0.00393547267436025,-0.139335687803035,0.0138396985939771,-0.0859264552723216,-0.0647302812270288,0.195001749303631,0.0950794478876055,0.16707850549317,0.0796030963213978,0.362722051094094,0.133154962028183,-0.0736597826101442,-0.0869589542558016,-0.0259662826629822,-0.049875535535483,0.0654910205472503,0.0114772683437477,0.183646632706623,-0.0435008711603532,0.251470001323859,0.0780093270516242,0.11140190154001,0.0614133675265074,-0.0211416831541161,-0.0250924520245564,-0.067536719261933,-0.106716748801176,0.00485831662484248,-0.0352661088591846,0.082383311125253,-0.0666575756751326,-0.010376119029203,0.109507818714594
0.247344077874764,0.0829767843858698,0.0718555435038999,-0.177635818705254,0.615637905803462,0.275337551972641,0.571860019764406,0.54090155420101,1,0.480114199944307,0.477288628533285,0.237922093903441,0.0424966108432789,0.116897148176064,-0.0774286239080157,-0.0651234086433374,0.0705350209080731,0.130214703209777,-0.0268610632379227,-0.273595552879517,-0.158629141803242,-0.182334105018333,0.0628208903053466,0.161423054300143,0.168170945446903,0.145001900723986,0.196073252635708,0.180607698460351,0.196677448405045,0.0833333478357086,0.427205351127456,0.151830812565036,0.23605075835397,0.0714589411033803,0.100299226766389,-0.0408754194349719,-0.0225132507352526,-0.165253986801229,0.0136512141307308,0.0633637565343132,0.0170529407264523,-0.111149216512529,-0.0266638848163271,0.00988784322008221,0.0575504100681164,-0.0956799978553912,0.156703185389967,0.145077505711055,0.111752255185817,0.289589237089097,0.112247501620517,0.0632921951126759,0.115439460480856,0.0486107356664133,0.313359296906219,0.318750037878193,-0.0248036820083282,0.0195660181539727,0.63347279524031,0.271819242852014,0.680010583709638,0.345116695655655,0.0196618448509424,0.211221006134336,0.318912604195578,-0.0906131508281455,0.0875456984869628,-0.155636241462926,-0.0530483696627442,-0.214366632196202,-0.0527503791310021,-0.0216939690098281,0.0394849649006704,-0.103590672085128,0.102832720282808,-0.0668851833258243,0.0338853301634052,-0.0376866359750873,-0.139803167577783,-0.14195026844843,0.0247437343725438,-0.0544611784682227,0.20282133988759,0.0400288611019764,-0.0279893674609162,-0.104783853607876,-0.0984448902751427,-0.263535910646237,0.355576045427251,0.347831074512025,0.256418106002518,0.386841213045919,0.214646728921249,0.353674976054509,0.0842980921781712,0.0623662670106202,0.183152851550641,0.114968234754484,0.271444540078969,0.231638071312675,-0.00483974278494236,0.169404991730959,0.124099282448414,0.127765208194942,-0.0327847828625966,-0.0211135938688572,-0.0286411860737925,-0.146531801488943,0.130362136975393,-0.00234097139296862,0.0229545721097309,0.168799984801827,0.166703853340477,-0.0406929108284673,-0.104140681722261,0.159022040016914
-0.088745067253692,0.0877520452654214,-0.135527398712471,0.038547757781619,0.176029619651505,0.220648780361919,0.258184747534647,0.714766540820214,0.480114199944307,1,0.409959968290833,0.3948005279487,0.0654788512430248,0.144174534329124,0.00281070027289456,-0.0801325025797275,0.0313694026836576,0.0456673660848427,-0.052448495375826,-0.00897572146120397,-0.0666046023433418,-0.0754990128008202,0.035683309586878,0.0521304090303368,-0.0404798272434667,0.0363398320495614,0.133639765305219,0.0448513915513108,0.0358548085705528,0.294870134859282,0.227456490861256,0.243037916553415,0.059003165756903,0.0708486817385946,0.191846416089032,0.224494929481762,0.0336483128070765,0.243561195794681,-0.0304513832022462,0.00639199894994527,0.125532043864747,-0.0273965518998869,-0.181481992067986,-0.217788151712596,-0.112424100483934,-0.07824073565973,-0.115459609346447,-0.0555678305022192,-0.140367010335503,0.135513406876405,-0.00793519697140948,0.155240061135187,0.0725383219756187,-0.14789011958887,0.119270896296606,0.0450991744898022,-0.137628725322319,0.072932715933353,0.121988907257307,0.270416384753026,0.256565935099311,0.350171064673306,0.138868780269583,0.269023536244665,0.280929885531967,0.270303473068916,-0.0375643777675471,0.115269673557612,-0.0194687120392822,-0.116183183584819,-0.0669624221960289,-0.317801262051371,0.0321804048360275,0.0240833026335671,0.0287059193787193,-0.0420860125871909,0.0610098230450494,0.0523334958815841,-0.00272818242931486,-0.238658162189114,0.125067296356925,-0.079801854005361,0.185512491580989,0.0201592892906862,0.0911380541662926,0.180374219809496,0.0582314944094966,0.0711741496996114,0.0154255016177523,0.0358373870494166,0.0702379123196892,-0.0294519104621001,0.284382740770207,0.0672364813921537,-0.093626813003946,-0.0444321318107515,0.0300722060140368,-0.0494128370681954,0.0909645679323959,-0.0578339115361213,0.100230698773375,-0.0702645983386367,0.136012410362704,0.0120407281892026,0.0791029213643056,0.0226317878291025,0.119491225576848,0.0644994385951579,-0.0132114495416906,-0.0747594495253896,-0.0668492094861151,-0.0768250191581549,0.0619619792159281,0.0161608990505504,0.113651111873872,0.278049550098882
-0.0172594917181366,-0.116076955782094,-0.017028928298101,-0.211866931834406,0.311625080265075,-0.142469551464145,0.419275181096247,0.307627271796311,0.477288628533285,0.409959968290833,1,0.625237849441235,0.220703571920365,0.388658384994725,0.0500935460096359,0.102238248955993,-0.0517012376311115,0.00956893419202976,0.0189699006956097,0.00343210985758596,-0.0425787012490847,-0.0635730288745036,0.122530297795048,-0.00308443032226159,0.175204095879131,0.161570082086102,0.237387728317176,0.0825996219473231,0.211770329746964,0.228111908661341,0.368165300053879,0.36788511097141,0.393065115862606,0.341708193105279,0.15615233422169,0.0309694956183232,-0.115834309789206,0.0606616060979163,-0.088184633847343,0.0619315332613637,0.263033113111659,0.146498783239544,-0.0991392100599605,0.0484146871760469,-0.00792922334951083,-0.0326747758851619,-0.0670662509555875,0.240984801924958,0.212181526055301,0.220765144083163,-0.0381789410260214,0.0951599874596687,0.208726120370821,0.201601985388559,0.303118815301834,0.247891826932007,0.0451291716831383,0.0333898960704002,0.153706986461394,0.0565247283952045,0.299836994092349,0.111515119118347,0.416915027494081,0.313850402116158,0.254851369837803,0.100747779589957,-0.157319670890854,-0.236938836859838,-0.0760235644451727,-0.001770233492522,-0.228387461213174,-0.0707419127558047,0.243247590046927,0.146083728277619,0.194774608320053,0.0623804765103213,0.0597479793064062,0.102535726142286,0.0588934409541948,0.0207666150051986,0.329828922977441,0.165628657864917,0.476062813906812,0.327005652038041,0.390636966147739,0.431170859185212,0.384922325448788,0.290883201471597,0.0648404061120095,0.243302782357346,0.222376373362471,0.179488478854183,0.168964231677721,0.147828372696295,-0.0188618470282136,0.137517646341472,0.149314690162735,0.11373164670521,0.118528861169575,0.0759981456810407,-0.0609098934082308,0.061634200153456,0.126765124619809,0.0269129158103528,0.035814736531126,-0.0343926310567214,0.0397882332332621,-0.0236275870517745,0.136078157049363,-0.0394205393727005,-0.0847522609709592,0.0407532586502181,-0.00591109299105334,-0.0175812488567315,0.112121649600128,0.276264926656341
-0.264556454104371,-0.235726139012802,-0.182607106232427,-0.118069646734387,0.0389270973227043,-0.192517572150613,0.0800951678393893,0.304886982579846,0.237922093903441,0.3948005279487,0.625237849441235,1,0.174474122291689,0.364282808288086,-0.193002498830518,-0.100123987418475,-0.177342019534741,-0.152957628099122,-0.0263759540248938,0.0827990289152954,-0.124049639565411,-0.0224683480198316,0.0561847182431192,-0.0743569816493831,0.0736650010317222,0.0555293200552541,0.226529462750084,0.132611252251834,0.0552332310410659,0.166806824616038,0.208667020495276,0.484940140505815,0.144361085252834,0.295976327296967,-0.13437148060094,-0.115072226995735,-0.0439381754845862,0.199666373132692,-0.139987474666588,-0.0745953507689645,0.134967428995207,-0.0111964619875576,-0.202578419948338,-0.0558637282194242,-0.0858131146630457,0.00288753282692568,-0.250429706627076,0.123340425506557,0.100081658064986,0.210121827745897,0.0657276172144296,0.325158097162068,0.118268540031144,0.0516106527047444,0.0915994006891599,-0.0465280733571513,-0.171084048405176,-0.196741837294895,-0.064798449550328,-0.0273839614483694,0.0348382738385305,0.0499851357459057,0.270040956028527,0.183563195141476,0.307024356653178,0.350558309281458,-0.287881185248685,-0.103723440719959,-0.152133394203816,-0.129810655052462,-0.285915252859694,-0.252406160981045,0.0515667137929007,0.110675134205447,0.0842315719120588,-0.0506098225658433,0.0284921450020817,0.071119350159221,0.209749211649714,0.152593674838145,0.236273420426572,0.177127473282976,0.258036562907482,0.304815778104832,0.262264624330954,0.421440382653305,0.438480798038124,0.281723240751876,-0.0646041696929716,0.0428518042237339,0.147315368957207,0.0523488641908536,0.206648244056669,0.124130242806578,-0.0746940818852836,0.054050539880912,0.0930469207862732,-0.0252145042399828,0.108972574431573,-0.00988185701814237,-0.00473148654128168,-0.0534144699824106,0.129683862369129,-0.00409391183361298,0.116217038176397,0.107260045220814,0.170180215950822,0.129257066417308,0.0154080455165686,-0.101586568186725,-0.00204682239207884,0.0178069909639038,0.149071243746036,-0.000423296962281441,0.109522480111085,0.23646498274988
0.124242899490392,-0.125593123707874,-0.197680584200359,-0.14781946237942,0.112578815655711,0.00820523782375536,0.189939580967477,0.0130111947828133,0.0424966108432789,0.0654788512430248,0.220703571920365,0.174474122291689,1,0.609402536054404,0.115101432111867,0.167451335343831,-0.0263711414026278,0.0702190974945507,-0.125824626058081,-0.0443873786521911,-0.121100439033909,-0.124162295252193,-0.0732153695535134,-0.040683520842803,0.0464156101297115,0.204431454412167,0.0652401792300471,0.2031628065316,0.152038712819699,0.0911843706843852,0.0374332730659829,0.0408327830462898,0.561211645254935,0.461189272445633,0.0814905729079383,0.11410174695785,-0.151925638492946,-0.000817046899231564,0.0547460078838291,0.0931991139794045,0.0979767816931191,-0.107232235958455,0.195405649135859,0.0278495962565005,-0.0182450850121739,-0.0390064844253182,0.152560792090818,0.127364189620619,0.108199094748465,0.0694815635538762,-0.275063973168096,-0.134618333927222,0.12331302981275,0.210460997119081,0.172861098238513,0.0868392713086031,0.133721220921366,-0.0494322310069473,-0.0289758484929527,-0.0659084925990745,0.0418730149190896,0.113975537667997,0.514170440882906,0.484510933329162,0.0199361402949328,-0.0352234874482944,-0.277407854738753,-0.16547632730692,-0.155419123235365,-0.089062359947538,-0.197764459247859,0.0202252592516662,0.145920370556634,0.394147814668665,-0.00529193202208491,0.0898089555830209,0.185600443727502,0.0696423263546444,0.244281752237657,0.13336525134421,0.452145196163042,0.426228550230075,0.421359614664735,0.483526925644747,0.184782123738823,0.0496225972202166,0.0972350066480487,0.0477825540630497,-0.00035233077945123,0.189871901342431,0.0892749897987724,0.0613306437879997,-0.022558914241092,-0.101151293714494,0.0431517791457123,-0.0494565994355062,0.0847947079386682,0.0933492454504418,0.192017902098222,0.249675702395739,-0.170579614918002,-0.13245725330655,-0.0255876612775328,-0.0252139353302176,-0.153956614147221,-0.177419458603516,-0.125594525419999,-0.0581643725044914,-0.119656415196852,-0.18286314751674,0.056516223589566,0.21120188894833,-0.0735235164861067,0.00746536624656362,0.0289993414881159,0.0922403827391689
-0.0558620437539777,-0.243409806461969,-0.0778085384527843,-0.3369200386551,0.148693479969401,-0.233502986297718,0.187442661173231,0.091317371474808,0.116897148176064,0.144174534329124,0.388658384994725,0.364282808288086,0.609402536054404,1,-0.0534268247016495,0.0309444567063895,0.0107640582049416,0.0650438104227658,-0.0820299319715219,-0.0936108744293355,0.088078606550807,0.0468513546473332,0.0710193600744929,-0.0177906585580069,0.19266403092515,0.185111911555675,0.235415099528235,0.162273741515058,0.214259958375747,-0.0179200757998931,0.16805071902712,0.0206115276708557,0.446795402088275,0.407247498126783,0.106723186692626,0.0749287477560488,0.0130759161863796,0.0922349793048354,0.0678769945739118,0.108128971157429,0.0871369588293348,0.0424179426078145,0.152297092751291,-0.029354812163088,0.17276355695354,0.100739683444676,0.0643880533214959,0.218474269250325,0.277540430974242,0.146604043612486,-0.125977231903158,-0.0762603367378751,0.194929447805499,0.197584025160092,0.270058261481108,0.0722908045282297,0.153562097853735,-0.0291427585371743,0.0726672915088935,-0.102246117899716,0.0126625757624274,-0.0431852014022644,0.410037393239119,0.432516027781159,0.106172019473024,-0.114296514275918,0.00389801123934253,-0.0910960210410166,-0.203357433097907,-0.0583236523698909,-0.20675193386412,0.044696577580859,0.14203215962005,0.252364419787611,0.00844439741456903,-0.0551891712096815,0.171862968404568,0.0905685044516791,0.156947639335492,0.18380974636274,0.434700619664108,0.484553746603205,0.356512626702036,0.446962574839055,0.239108009259236,0.0882171120133083,0.243207477274825,0.137819862684427,0.0606336279616423,0.110944547232681,0.0556795900682624,0.0510522905995163,-0.0446268885160045,-0.027281962704708,-0.0381295018113716,-0.0400722421807763,0.122315840568377,0.0529767393175415,0.119533582626267,0.242740409519477,-0.138891722273503,-0.0134047474949853,0.102205282052484,0.0653155787382218,0.0661254191831079,0.0396762967966442,-0.185088166528629,-0.00415822273372102,-0.0781211017281181,-0.159798879340528,0.0972084344363989,0.0817632248329756,-0.045534675183505,0.00818259983348352,0.132445745996098,-0.00209086681369289
0.485242624438424,0.665773794125458,0.388753805770975,0.485634716026551,0.159902352310716,0.103755524384433,0.139236095314483,0.00597350051457683,-0.0774286239080157,0.00281070027289456,0.0500935460096359,-0.193002498830518,0.115101432111867,-0.0534268247016495,1,0.75965313533077,0.0406790090679348,0.333427353643016,0.458237576362336,0.403549030599684,0.258706642573797,0.0967891509723664,0.148497866139736,-0.0301655371823146,0.0454382554926221,-0.0318778072567116,0.0303497174829944,-0.204209934098074,0.0699376986225696,0.274236218915326,0.0874549997273465,0.101199847614102,0.194333586299557,0.251792217019134,0.377886169195999,0.417830168992419,-0.194559595747327,-0.153869213099869,-0.177046618906015,-0.0616141870815046,0.0916179885827777,0.202286691037639,-0.187296628619364,0.040426497022667,-0.0245819461601286,0.0230209933655472,0.00313613572835631,-0.199809699416068,0.053653748652122,0.00980146830838281,-0.153730435357004,-0.147901283670865,-0.154521772027314,-0.163354917658824,-0.196381310773496,-0.00210701545812816,0.587428165585741,0.654087644458091,0.0433619046916318,0.0596386828593949,0.0632352333229818,0.118483285037263,0.110595998646102,0.136073244262769,-0.145136204713292,-0.0227453885681961,-0.0133567009090942,-0.0616670207275207,0.674796763304271,0.432635946169374,0.297839649010357,0.270395613345298,0.185135973493718,0.183192838114548,0.0769345178632689,0.103447166837828,0.0586840110019162,-0.0175146425676371,0.0687048175124687,0.244490937106883,0.244917222325881,0.181788644372963,0.131175735017046,0.242242681159545,0.110780663389973,0.0783991996499227,-0.0948274783140281,0.135979671101744,-0.2765634956459,-0.217483652455299,-0.263078611232685,-0.235475294619822,-0.280444306704744,-0.420730792193454,0.0150145019609604,-0.107404693547189,-0.158946271896067,0.0471359134516806,-0.228020769951126,-0.124714675187163,-0.184120312257318,-0.141376915391831,8.85164973988699e-05,-0.0819327648318836,0.0922644408772766,0.0506014649263584,-0.190784478312882,-0.0753917123867284,-0.125301097827006,0.00476279109414348,-0.142111550502076,-0.0720200452650535,-0.289082598004903,-0.0296067601295236,-0.0441814631350116,0.0426268297879984
0.415721985642726,0.487439674878123,0.292593493916846,0.332670774437438,0.153838955343858,0.0633213312047563,0.0690672759892588,-0.11500858771062,-0.0651234086433374,-0.0801325025797275,0.102238248955993,-0.100123987418475,0.167451335343831,0.0309444567063895,0.75965313533077,1,0.0940380610120428,0.312768848319454,0.357945184244404,0.275873755454289,0.205784605006259,0.101448072548736,0.12566389953768,-0.0200233274329053,0.123557890904993,0.0378405075970163,0.0587996704318997,-0.0619960325931984,0.102361550450055,0.184656396697263,0.142714758754283,0.0590849681654963,0.278949545948885,0.344953014691381,0.296874046436728,0.360452102981859,-0.107747055002603,-0.0236871065509346,-0.0377346332299495,0.000907513052398777,0.180524237187871,0.234284376655786,-0.0910374490415381,0.120322451415141,0.0563357701333909,0.0660286483469024,-0.0386293980739964,-0.0660578768767923,0.0778088070193603,-0.0404742263330993,-0.197696735409254,-0.265149073477566,-0.0494156653524497,-0.0403375497955014,-0.116364507107278,0.0368052878073021,0.39486797013491,0.480155308291067,-0.0517548667707602,-0.0755750293085545,0.0188278714861618,-0.0399037635949305,0.16699071236702,0.181067217526994,-0.165432788416449,-0.112237087099674,-0.0574111365032232,-0.0821663675951048,0.591819144590703,0.49770789583778,0.22030777910342,0.337076820242321,0.293278896996756,0.16481571449613,-0.03051101509096,0.176628493615125,0.117227579091499,0.0982760962395745,0.0270031448704971,0.335780497766602,0.244554352238033,0.222378967113861,0.161585417783515,0.316077372860254,0.1691075188191,0.0665008648816846,-0.0698970236798232,0.198139515221195,-0.201300487796184,-0.133099777480891,-0.123290198714162,-0.14294530376252,-0.18701480782302,-0.274377818172994,0.110706897374374,0.116840105315707,-0.0185343647643328,0.140418693400375,-0.139565543851718,-0.0284665751918913,-0.149919704780256,0.0325721585809996,0.0372465964785373,-0.00541204677650792,0.105919548081693,0.106196614895638,-0.114914763364967,-0.127756403989378,-0.182166915132609,-0.10807844170827,-0.125316411808179,-0.0607449684052462,-0.2325287847855,0.120617130868793,0.0599204999774091,0.00922731179337525
0.128079356000839,0.00672885475321562,0.062782615779978,-0.101305444290043,0.0934619856789685,-0.129847449232797,0.0822611363681786,-0.172305043030196,0.0705350209080731,0.0313694026836576,-0.0517012376311115,-0.177342019534741,-0.0263711414026277,0.0107640582049416,0.0406790090679348,0.0940380610120428,1,0.540418364082185,0.107487618727559,0.0618497596087016,0.177358135703677,0.105674557255328,0.531811772260811,0.566991192412973,0.540328991978539,0.394926290339406,0.348397965418055,0.150569301720675,0.56372500475067,0.214489623062002,0.256395357618023,-0.050981376826608,0.066527848846118,-0.344375286320986,0.245641043515988,0.160437662743577,0.0602596959771858,0.070107664726363,0.0865890953492549,-0.0100484992510187,0.220242091975002,-0.0251953780747787,-0.0433482317514058,0.00856564957279299,0.157281788093526,0.149774712168208,0.217476117217147,0.109222887038966,0.17592336212604,0.0458831718103515,0.149334075670192,-0.0110612457346366,-0.0603939409968892,0.13890451245547,0.13312342237905,0.0881044330231302,0.0655164932158268,0.0781166428068495,0.143378496935757,0.00156921069327458,-0.0340222705224358,-0.128721805644958,0.0294426657080179,-0.0478945020847978,-0.0903599947920518,-0.16242727863883,0.272267789665372,0.0795214793436267,-0.0430000237170422,0.113251006999654,0.253972273693041,0.246088615057,0.188174519846848,-0.286991031640277,0.0778325064914578,0.0417379849960196,-0.152803547403562,-0.064964032927618,-0.212975139532504,-0.271750262688962,-0.0830236275355445,-0.0627386613975758,0.306031115827767,-0.094521402803787,-0.0201987476818372,0.0315333845700049,-0.0155185513921405,-0.0968150698604473,-0.137630923164386,-0.0442177489777582,-0.038727747152152,-0.0749018411232807,-0.0474687317169691,-0.0570377101586678,0.130772885816964,-0.0185433689125639,0.00865632855346554,0.00977338050295088,0.0551137221428352,0.0491667228813405,-0.00768335833306487,0.0679083607835493,0.0560495613374236,0.0637055164732313,0.0560803448527661,-0.0739830565203077,-0.148420253791006,-0.0505581891537178,0.321694706447028,0.155475693763448,-0.0412700876799002,0.105307142521817,0.135260549655629,-0.0076787330053596,-0.178728542174508,0.0203039100924979
0.224232061024833,0.181993646892206,0.241446352103819,0.0831057364620141,0.194420504637541,0.0351265458000595,0.0089412484003164,-0.10340612216112,0.130214703209777,0.0456673660848427,0.00956893419202976,-0.152957628099122,0.0702190974945507,0.0650438104227658,0.333427353643016,0.312768848319454,0.540418364082185,1,0.288289796947413,0.164566813427082,0.43554760998129,0.308536311832463,0.534384497267391,0.475714460537493,0.415341368132253,0.233536928942678,0.358875013991877,0.0497085328820099,0.488128266423386,0.275948219295101,0.301394138963677,-0.0675218483920553,0.210588440577916,-0.0313882229175456,0.336787291399372,0.307604181771919,0.0667154204721065,0.0410631045424422,0.0940976145508369,0.0671373770337931,0.0451969064969344,0.0782627410273398,-0.159941607076797,-0.0528467645129789,0.26028245140526,0.158130202593209,0.166962538329804,0.0970272507339957,0.263186421858973,0.148626280079815,0.170697369089483,0.0258225109562431,-0.122275897764356,-0.0516076794735026,0.0501370741378158,0.0486223876031612,0.198363725997317,0.275075914149836,0.136954344051154,-0.0192789880559554,-0.0435036909738821,-0.0556278097920322,0.00599363797160066,0.0557221428328699,-0.00690687944790959,-0.161520156008172,0.223990724153511,0.0783216607658155,0.188747489909995,0.187656959140708,0.456523005308817,0.453778508438229,0.419166560607145,0.0153622978668499,0.181240014753998,0.0644183435101156,0.0938882791506546,0.158790495991879,0.00569855941469181,0.0677928362377733,0.164310810491302,0.164529994006857,0.170029162716373,0.0586434346608901,0.171163874995583,-0.0120886119517486,0.0393001916659393,-0.0972530630354116,-0.225283371520943,-0.151380058068917,-0.0717998130496676,-0.037077745526936,-0.00091167581497823,-0.0850805062028726,0.205094214027581,0.107918602685558,0.0827183365553071,0.223995115572422,0.0575895732710447,0.0347867457336633,0.0832690151218561,0.0619077708498491,0.238396427000565,0.165357259765364,0.179256030150948,0.0993431918051107,-0.293616237144646,-0.0980643326840854,0.0918218144688143,0.0773121053791677,-0.0346709625131433,0.0833700002337062,0.00169720329389058,0.157942931572798,0.0327756545147908,-0.00397435664396029
