1,0.583611435356498,0.370995567496913,0.206869967856101,0.452435288961101,0.303330851039975,0.372359347956802,0.282661037209471,0.332861220183761,0.372700778741958,0.158241821664003,-0.0179766479751604,0.139891287318304,0.348276786028621,0.388920501574859,0.328930851028229,-0.169852098523863,0.168828251713708,0.0794063068018687,-0.030710856239533,-0.039304946321709,-0.0363774279337913,-0.159120383374866,-0.134511986541829,-0.105186421509365,0.0494552568794307,-0.041071316186403,0.129952087834338,-0.0555791243227253,0.159762824495743,-0.0539122268126653,0.217739808238844,-0.00781453688833456,0.0964455640179534,0.262044587614456,0.171225036839047,-0.259511013764004,-0.311036182310906,0.150738628589629,0.163657367125581,-0.00218323031549128,0.348264536599501,0.317726320873486,0.287503074723424,0.222703337912284,0.136258767102164,0.126476459052493,0.161084375915315,0.250431789566065,0.180508187037469,0.252397654864211,0.262047334608602,0.28800044400379,0.32958939321131,0.160843918265784,0.2153006857959,0.631810843271077,0.410599537796414,0.180391309878721,0.336644512275895,0.341115798773245,0.121773709280603,0.247491262207135,0.0919242932245182,-0.0883094617430817,-0.0711433752519522,-0.127842018959827,-0.148980551853919,0.198345947114479,0.0999712573538324,-0.185900939200098,-0.0767466701327637,0.0949449422779033,0.21136488237765,0.0451824039969204,0.114530793026957,-0.19195434371897,-0.403371611012342,0.0268757963636729,0.151231426253262,0.183088810132331,0.216180744334197,0.0953636640044494,0.366218766176634,0.247399824491132,0.196949489625267,0.0965034871129975,0.0516141043748002,0.190499552200627,0.279589065852459,-0.159691378555148,-0.0189648722222235,-0.16889728552952,0.149291525665891,0.109839197413612,0.237373529087818,0.0363001433721879,0.114772820985094,0.0287096657394883,0.109084924418456,-0.129744111646746,0.0831669482259446,-0.0618395075946843,0.163030139287844,-0.0152501356025009,0.0709162576468727,0.0920955016671768,0.13099549112071,-0.0761037589291921,-0.11879839776801,-0.0746061043759507,-0.032010555150466,-0.137014267726617,-0.05733312486108,0.0646416200084533,-0.243032224242557
0.583611435356499,1,0.0355654541607009,-0.0134762567375237,-0.0388758836978949,-0.00709626296951309,0.0964750429277804,0.161626479886632,0.161889934718416,0.221660291827648,0.076044097208888,0.0117050680197464,0.318262697002422,0.627290385144296,0.385848169498228,0.485234376161904,0.0206466184990574,0.147093353253482,0.00196194365857153,0.0843171576084093,-0.0200490878150976,-0.0606790383722492,0.0114434978974297,0.0371600136246487,0.133271743721449,0.107957321327448,0.0834392833657314,-0.0211923079997739,0.161162304902822,0.138684407204515,0.143164960950792,0.00346878004730487,0.0752570641045027,0.237301808068757,0.18899945435415,-0.0456358216919966,-0.254591901873184,-0.234758975472284,0.336122252608128,0.257671113160639,0.291753703271651,0.31857825090467,0.43355759871039,0.453790021110208,0.347218383280766,0.253966397503734,0.43445510179823,0.450536714510865,0.459533728708824,0.382826130237933,0.479434913671528,0.430851484725559,0.498499646106064,0.502590480039948,0.46840076060114,0.524231403553285,0.781222612375042,0.82353755650803,0.189083946076227,0.312196663581983,0.0989372502701494,-0.119565846006461,0.257111075418181,0.0623013314520358,-0.117464923189327,-0.243165849443591,-0.0340050709689204,-0.00133525787807949,0.493257120192301,0.48458678717479,-0.107199475253025,-0.197887954422726,0.152545738899369,0.314204141443989,0.12832372242078,0.153793062388361,-0.371736670039829,-0.569855760211312,0.248065761215949,0.260374306585496,0.46709231041421,0.488185602488433,0.32276270761675,0.386194302926183,0.462919909296726,0.448688355104315,0.197801166376116,0.122471062865549,0.277596555436704,0.421069253069717,-0.293278872298599,-0.308525871447396,-0.231622439424164,0.0384133479373178,0.0832978379135643,0.237462113988067,0.299296960555152,0.282457540910652,0.264583026419522,0.183357186926471,-0.109785485852121,-0.103025692707908,0.0406902670574812,0.0984899309715777,-0.0492862693102977,-0.0808067803423314,0.201601828410099,0.220519868667302,-0.275177723623366,-0.110861063969357,0.0458778076249947,0.119214973906052,-0.0692632443336421,-0.018335527778667,0.121771328000314,-0.0671277114292274
0.370995567496913,0.0355654541607009,1,0.620311440809279,0.766987545964073,0.323691745151778,0.358757707334989,-0.110045970101697,0.346675866853873,-0.0724927891918652,0.190205233752339,0.0021092445004885,0.0220361433007065,0.03856422333074,0.393068837847319,0.272885866442964,-0.177252211491088,-0.00936298215012765,0.66398385982551,0.495773122002291,0.0849043689690009,-0.0669042279363224,-0.175004609398208,-0.213866158693727,-0.228252153688199,-0.2145526406252,-0.193568345777741,0.0160134707031504,-0.249531259192752,0.0542946197186972,-0.17738828693783,0.297065519056267,-0.111814592160289,-0.136485895946769,0.36246032371672,0.195968117297071,-0.00053752545362198,0.0739405911717774,0.104731100478038,-0.0630749685413999,-0.0988276372900101,0.0740277407850119,0.171020892529953,0.141138851295386,0.207829549250059,0.14023507391969,0.0474934815337959,0.0856099911114432,0.12127754408245,0.0936222204441125,0.124416361335944,0.0694650503164506,-0.0250491308086538,0.0549304141786031,0.0618095975896458,0.00534852784480666,0.100919841263035,-0.0755096652795481,-0.0105627941993679,-0.00496843985415814,0.105998852040667,0.0651065491846444,-0.12758852605152,-0.11820656600437,0.243660174615093,0.171787087698769,0.224429795830277,0.0131172581439806,0.12396295728688,0.122280463155926,0.00883850025754419,0.0226004606396868,-0.0251510557458307,-0.0448185431937265,-0.0965737767347701,0.045066361802326,-0.127763050586198,-0.0554390901720514,0.0680305811981308,-0.11105591829183,-0.0293586665549426,0.00260479950506248,-0.0382373585050811,0.153552116856445,0.144691789301013,0.122317645789278,0.097585901133929,-0.0958732347456961,0.0399963348239634,-0.0137955906282958,-0.0167642249624805,0.153557884389035,0.105592038004891,0.313418003155498,-0.131965780303601,-0.0603133133380552,-0.165358804782825,-0.170519680250683,-0.211702891705641,-0.234630864155357,0.0166673654198115,0.135482956407272,-0.0824112758682062,-0.139669669019221,0.0331564471810657,0.23104869064364,-0.0649508464792443,0.0126163607548435,-0.111807545359739,-0.0346505355033511,-0.0147313133819863,-0.0829773742206979,-0.107212987961465,-0.0113993671283172,-0.0609529131312985,-0.106950079893162
0.2068699678561,-0.0134762567375237,0.620311440809279,1,0.601195075292456,0.647153087488437,0.181404496027916,0.0629928085466136,0.172946289652187,0.0562724162296276,-0.060069977628217,0.0474808942800986,-0.15524534067613,-0.0508061414910436,0.174961769620756,0.27111474974416,-0.285817656758348,-0.111170596739936,0.36407740651931,0.448111729416262,-0.00539957015009928,-0.0822794924613745,-0.230685279976681,-0.110618272470463,-0.319282416091416,-0.110335118688375,-0.271905542674425,0.193127871587592,-0.306821726409662,0.171744103163615,-0.272035362511996,0.326745028384926,-0.224699226685058,-0.15319854576902,0.246920025349557,0.346315646594811,-0.0156633386555599,0.0992993673375803,0.0924168120039947,0.0851811017620834,-0.195144719364131,-0.0336508911381661,0.0270100747219382,-0.0511207030668438,0.0260915381149975,0.129767311831851,-0.107624345947701,-0.137506863229152,-0.0935002582512157,0.0182546772848247,-0.00990967571523482,-0.0722779100044861,-0.1468449529474,-0.155484818770796,-0.05335634126254,-0.130500141479437,-0.0639554548999147,-0.146583037348888,0.0476495264836773,0.271314642356512,0.214892498707231,0.439598717688897,-0.118179025633402,0.0611490248154869,0.178612256658661,0.465278603746841,0.169691885344112,0.262792761834551,-0.118205920955331,-0.0649149941116541,-0.115180518150139,-0.102267870376612,-0.0869973797948441,-0.0498222018382777,-0.157040202915651,0.110874731491898,-0.177223814430731,0.0136113163180407,0.0764472202277072,-0.273960166171452,-0.0220933246571273,-0.065083544411377,-0.0976654662149024,0.108012733499406,0.0211623432409812,0.17075116931256,0.0960109210918915,-0.0703525311917579,0.0598526237851061,-0.0395819620147344,0.132083543865718,-0.0748847982312803,0.281734203559649,0.0822253591952266,-0.0466174264960328,0.030902937725743,-0.181337676901463,-0.163639480162434,-0.241966215446704,-0.390158749306195,0.245894589709922,0.150415234231453,0.118008514985152,-0.0624082185848154,0.146356227753715,0.180163382045839,-0.104810351306069,0.00424581265770884,-0.00237993609915244,-0.00296585488542139,-0.165807515018886,-0.0654963948349093,-0.0430659115857547,-0.054394358909274,0.0374442159954877,-0.0725624784969958
0.452435288961101,-0.0388758836978949,0.766987545964073,0.601195075292456,1,0.595892875765105,0.469901963945193,0.0739806839218518,0.421878965398012,0.0498692306183267,0.285317379972497,-0.097583618217077,-0.0435331416912454,-0.153633234394796,0.0892745417784886,-0.0180896900702614,-0.151345366035852,0.0718657188804249,0.35450559163711,0.150439389195387,0.110967481070779,0.0553918749500883,-0.172063018198411,-0.161924909808211,-0.28940315074624,-0.100681380570917,-0.147831191990034,0.251560463670698,-0.349448466996483,0.0447849555014206,-0.207503172255397,0.314041651028967,-0.00908313590572188,-0.316480786163179,0.255165699504403,0.259163056420948,0.0435803870831977,0.0341638314011536,-0.0591654199281094,-0.178980957876181,-0.188817863298068,-0.00295843276736933,-0.000872870039553439,-0.0631978062674768,0.0345897914636827,-0.0470021466517214,-0.243573482640117,-0.209911392541493,-0.141352501873099,-0.112629792200092,-0.16375275703665,-0.160226630899547,-0.209013510455099,-0.146430206729855,-0.204687575308345,-0.24668194979401,-0.0263490312195572,-0.168580415431457,0.096157274762078,0.0693165399496054,0.431231793878401,0.331073848670265,0.0203883973291524,0.050500046604284,0.244675755812982,0.295233986220354,0.102765848733288,-0.0720241467500031,-0.20115468078514,-0.196579648921516,-0.0597515014232674,0.0711394124066206,0.00535398249034505,-0.0397463583901278,-0.172971990493726,0.0356286722823519,-0.00178125310627511,0.0567983565285879,-0.100358314154225,-0.296332298795573,-0.123690780763241,-0.12635182564905,-0.138013815491205,0.0242919047793957,0.0458573657251964,0.0123763393578319,0.0524387985103132,-0.15860784733176,-0.0206353159683205,-0.0437869087480316,0.121521022514651,0.23931552426334,0.159187762332318,0.287065009709811,-0.0691070439804469,-0.0686909796401161,-0.335799000334788,-0.316042883833656,-0.273268651383537,-0.31736444747772,0.102168056102402,0.302543616393743,-0.0630748377002613,-0.0354466983386887,0.007227768302819,0.180095234426351,-0.152981271892963,0.080510917600847,-0.0926331076055565,-0.0963584878502441,-0.240438944526485,-0.240326100715082,-0.231286792587863,0.00188124987566308,0.0239306254914653,-0.213395052618653
0.303330851039975,-0.00709626296951309,0.323691745151778,0.647153087488437,0.595892875765105,1,0.152347196680858,0.467189258566549,0.223773342724147,0.410650896053122,-0.036806063609589,0.164773165037977,-0.182920681921413,-0.127424531846972,-0.0565888480636273,0.0154301454361489,-0.153241956841829,0.0626662723519465,0.0265906212677683,-0.0467486555846382,-0.0662166744852272,0.018123921042494,-0.0527753044903366,0.118699543591321,-0.20791484302726,0.255603076463346,0.0227250662266882,0.411609692248959,-0.206011232473851,0.215081984974226,-0.0363374830818474,0.217386108393893,-0.12453103454001,-0.065313613961686,0.201725660391318,0.431916009953009,-0.0324327719066771,-0.0598928118454172,0.0784402625827677,0.0426524290957797,-0.184949053386439,0.00990606130546074,-0.121416282872025,-0.149437900524632,-0.0516670933353527,0.0781490014619957,-0.321044866854028,-0.323348103154976,-0.144286464474769,-0.0208231739272255,-0.129306007888856,-0.0856518235852519,-0.205381896907808,-0.200429628205808,-0.206513643192184,-0.190066878270541,-0.050968198923999,-0.131114963077493,0.314415295311057,0.377243112392051,0.608981648083631,0.727994302539124,0.163090365009135,0.363476609969003,0.055948097596307,0.467930056242106,0.00337953471729235,0.0920964705136845,-0.366154981059895,-0.254029323696694,-0.114245582081312,-0.00622924210985501,-0.0638112857374236,0.0553650892768495,-0.157998303533368,0.092403078705854,0.0127115368631769,-0.01606535340432,-0.0456278731566849,-0.228244468999388,-0.0395915290902634,-0.0862345188457053,-0.131953477441385,0.146422451659591,-0.020782728326076,0.150315928077974,-0.101097762929672,0.0381981945508909,0.123908387569972,0.0972023952933542,0.193346612926733,-0.140347929625216,0.279991989273841,-0.00354074178077444,0.000184323669745316,0.14410101401611,-0.304676768054103,-0.335123261180771,-0.319371234245512,-0.449691212941414,0.188260129590169,0.159385736131925,0.0772662525577462,-0.0182259717060894,0.00530725195593346,-0.0445136140819125,0.0213372807317546,0.0733641117935822,-0.0313430770842685,-0.00337544347877741,-0.403502212480373,-0.322086985385486,-0.233190189568549,-0.0148927237366962,0.183242050637459,-0.151841072604717
0.372359347956802,0.0964750429277804,0.358757707334989,0.181404496027916,0.469901963945193,0.152347196680858,1,0.165853913875777,0.682973694768734,0.0134046470011974,0.150953033086304,0.0895433009826824,0.336531179510976,0.0440697259789805,0.204600061713926,0.138796741879006,-0.379288061989378,-0.163548293440407,0.142120398449472,0.0126392750371143,-0.131043122576239,-0.170636356924954,-0.159208790803519,-0.224175853944393,-0.275857997509046,-0.16915181407396,-0.256268574972975,-0.116971438631946,-0.27222951613071,0.0103122649629126,-0.150062998786463,0.20490821432415,0.150817663300186,-0.1289116545152,-0.0976662692731395,-0.122034084905219,-0.0444517464530909,0.0254725061556205,-0.0814636849606549,-0.074476478012934,0.0267945350632135,0.0419650048870919,0.0895386632356182,-0.00723812788583555,0.046751137897197,-0.143489010260438,-0.018309610639935,-0.112250538912353,0.0572710975959206,-0.0650839222571803,-0.0643363813710318,-0.106301668293701,-0.0933170447600243,0.00166340526330014,-0.0593219571402936,-0.0985224023330198,0.162205889179155,0.0365513419690161,-0.0121089449085194,0.0131964285025428,0.272137685604514,0.142271236537977,0.304181338646139,0.166927133207373,0.208964172100264,0.10882524820114,-0.082890252904076,-0.198152175055731,-0.04197819093774,-0.00191708991083689,-0.153982927622436,-0.185093425029915,-0.0682190678362261,-0.101358195533196,-0.290736349323313,-0.151397799496105,-0.011739754178793,-0.156944955307987,0.0554241609009555,-0.13088843426997,0.0485369637828245,0.042532023415942,0.113298065862836,0.0693144911506392,0.135284218720761,0.0518879515105861,0.0912894446114717,-0.0806593787239817,0.00244909947316359,-0.0546661881846499,0.0439655034460789,0.198060983474677,-0.0176561233767052,0.265709492526038,0.0412001930647136,-0.0557710201038059,-0.152975671657699,-0.193050005944839,-0.157173133716923,-0.155451443836608,-0.0981181502741382,0.192410049291866,-0.0644790439674746,0.0559118584722245,0.055735313929497,0.158834062713473,-0.201401177005819,0.0965611841996177,-0.00232876154870134,-0.0175811063253447,-0.0695339317151028,-0.198346002643575,-0.214364503257114,-0.15329241396241,-0.0557873234271439,-0.229819360505974
0.282661037209471,0.161626479886632,-0.110045970101697,0.0629928085466136,0.0739806839218518,0.467189258566549,0.165853913875777,1,0.376090439724913,0.695049406838337,-0.0636219624612612,0.196166697841528,-0.0461275338838015,0.1585299863527,0.118318048056838,0.178127049442017,-0.184711390833448,-0.0163613794453937,-0.23196243169554,-0.256883239153158,-0.211021851105807,-0.0864581687329851,0.0425482292043685,0.0300868700470722,0.0188707231861403,0.130396613833738,0.0626668757546869,0.0499595849994534,0.00551037013833395,0.0856066955496137,0.0385095022227513,0.0588866083693941,-0.0394419417127418,0.181731457074132,0.0193260741102313,0.163888465606594,-0.0853827613329629,-0.0631615256056669,-0.000371435362826972,0.00317884862316986,-0.063230109546313,-0.00375987975138645,-0.104943784841838,-0.108934281942303,-0.131443392738416,-0.124282792530237,-0.163711002580788,-0.177240095406497,-0.0859887216255723,-0.0987002241184983,-0.118050973564893,-0.0472411313440937,-0.104443114824545,0.0207825177482648,-0.160193230890947,-0.124492924972184,0.166660453587284,0.178170925084651,0.31592909980915,0.262592391277971,0.554503957854545,0.488973889449166,0.467374366636936,0.594632214302138,0.0111402661265542,0.157761398943422,-0.107304805546767,-0.0288095118741641,-0.123065655382803,-0.140720509594047,-0.21710388306178,-0.206798344040428,-0.166319930624014,-0.151284008555303,-0.0600546318711194,-0.138169733547912,0.106114707346164,-0.13756544098437,0.00884409128908459,0.0889904879423367,0.036130960151932,0.0953041506717688,0.0609963233463376,0.219786505356671,-0.00199354542822224,0.157028411468667,-0.0892678683806145,0.135763934773287,0.000573276432822875,0.082506366529355,0.171153274759902,-0.113978306718791,-0.0150656548951179,-0.114964328978804,0.0608350790362576,0.157193196537511,0.0315191250471459,-0.111472610213304,-0.0374895393610984,-0.136111517185546,-0.0526920154777635,-0.0346145430890914,0.0610544470130774,0.0605675487781245,-0.164187494381148,-0.184444462331944,0.170805837961089,0.00645249482111073,-0.00347046810644144,-0.0684134882144212,-0.0985158036838355,-0.181429127578833,-0.210510623146258,-0.12787599237259,0.241051211454762,-0.0178269151191078
0.332861220183761,0.161889934718416,0.346675866853873,0.172946289652187,0.421878965398012,0.223773342724147,0.682973694768734,0.376090439724913,1,0.126269642694438,0.163568127770982,0.111947775256797,0.199482625484583,0.0753990809488558,0.189387376279265,0.181122858672683,-0.26494025789885,-0.134656372911947,0.0518572695209329,-0.0378645254499874,-0.155117488059749,-0.0670185034682599,-0.18276330435379,-0.238057379950549,-0.252542976262917,-0.236660356064616,-0.202907324674234,0.0495082434186773,-0.302467898634695,-0.0161177528680379,-0.0890762509080985,0.245169433044858,0.0728230711605819,-0.130986885577625,-0.0777255174153254,-0.147190472481214,-0.0954647263129138,0.105106445141682,-0.112078135151845,-0.18066385812027,-0.0602817507243705,-0.00299951954520032,0.0719614416697764,0.103053134749843,0.0330067457758171,-0.100283314009134,-0.0855602447015549,-0.0275843171224449,-0.0155067701251022,-0.0847560594490187,-0.11994875782917,-0.160363027899317,-0.103192529264098,0.00417098196696045,-0.124049436118369,-0.156751699561158,0.144322346173985,0.0347347328004276,0.0794830504628456,0.00228474292955657,0.444693957719336,0.155002266069079,0.20675603850705,0.175366775179002,0.180540779277865,0.139021667530061,-0.0767525143938123,-0.147265429178864,0.0334256223442076,0.045391688717518,-0.153539004543325,-0.0953396195332839,-0.0219133540538901,-0.135623469993453,-0.239540337347461,-0.187802339209789,0.0944662897943299,-0.0925315310694444,0.0968456233890908,-0.0498502011069189,0.0160813943671265,0.0669418577133462,0.0178024984047476,0.124764738791569,0.10276175900316,0.108203202764038,0.0688201463351933,-0.146127773622283,-0.0383357579105631,-0.0873360914449961,0.0130216520193156,0.0940022493224918,-0.0538492575361331,0.183366489592532,-0.0388598647283687,-0.143943735240585,-0.129619092801114,-0.18220102182326,-0.182689263909782,-0.260306332381601,-0.159070429253566,0.208807309727666,-0.135368982537076,0.0161137500288687,-0.0957842372130452,0.0992452013454297,0.0272850446835616,0.0536450674650498,-0.1180958778918,-0.142211445906005,-0.0563652131993848,-0.150608682815507,-0.213051189645666,-0.103696287866309,0.0917115839330193,-0.0819521930479776
0.372700778741958,0.221660291827648,-0.0724927891918652,0.0562724162296276,0.0498692306183267,0.410650896053122,0.0134046470011974,0.695049406838337,0.126269642694438,1,-0.107571613582275,0.435925578406932,-0.115791550618138,0.266328932892834,0.1107572393167,0.163554740488677,-0.15160626694951,-0.0465213888971583,-0.0280576774072352,-0.141394883032514,-0.174515508815517,-0.141248804180038,-0.0122324920592682,0.0184909998926353,-0.0365670517474861,0.149162512063221,0.052330098585704,0.101474924681066,0.0208497054082755,0.287343118378139,0.0505871848597648,0.145049814903646,-0.271324163676623,0.318799537193193,0.282739705953647,0.349437105922132,-0.0631622203865785,-0.115407698938184,0.29492148977842,0.293663796402849,0.00266891358854813,0.208142631926653,0.111522520626982,0.0680366142907389,0.0585207961530272,0.00354346962476546,-0.0770860153048072,-0.00822037822799986,0.0560893455233478,0.0258413566671993,0.0707708398942183,0.128080786044085,0.0610839352710504,0.140139762199708,0.0311476876474908,0.0922435083797538,0.284478124097282,0.17436850504305,0.162935884037076,0.153531122295633,0.366959513897808,0.220629084798793,0.325612188043701,0.265048345227976,0.0105317400833577,0.0612118432386953,-0.0885483140475102,0.00629674849833087,-0.046160846877405,-0.0551343611482644,-0.193494122056248,-0.0958164710009184,-0.218760914774829,0.00688291165640643,-0.1086821709327,0.0278154576466311,0.0539902724722884,-0.202565506877398,0.129022211040331,0.289650702757207,0.20661022443874,0.270444696670419,0.111559198388637,0.449670572997681,0.106219730505598,0.258240605217345,-0.0404550060404969,0.253349232258058,0.184544872149222,0.311921733378083,0.00365350075060354,-0.112960660735334,-0.0335665814621439,-0.012642520693969,0.13895695422148,0.386117403875419,0.0497173681427892,0.0836489008355055,-0.134523127008534,-0.030738277536317,-0.132885844823591,-0.0275302732491524,-0.0499275056408811,-0.0385760036243973,-0.104504576410128,-0.0870216693008646,0.195200256520734,0.0600113228013304,0.0819756336486783,-0.00209578327773549,-0.102707467121046,-0.147501485653894,-0.185118549802663,-0.0123154583207036,0.341971738861199,-0.0514926747724983
0.158241821664003,0.076044097208888,0.190205233752339,-0.060069977628217,0.285317379972497,-0.036806063609589,0.150953033086304,-0.0636219624612612,0.163568127770982,-0.107571613582275,1,-0.471067078092933,0.233213177415817,-0.00511272810692629,0.131472520058547,0.00809594462448219,0.305567524489413,0.423768732693,0.123593794994341,0.0546118838300182,0.628691212634791,0.68569646565424,0.047315943567926,0.00962043888846502,0.00733237349151702,-0.0390183912379691,0.121812751798802,0.373392272783642,0.0668737148556057,0.0501884767256508,0.207494536121656,0.0768627873145061,0.564383563530918,-0.187436779532181,-0.0457057553092554,-0.102783160969609,-0.00292748588058951,-0.0950774966371307,0.00551196843631832,-0.0577099801940805,0.0692408440664174,0.0338763429477128,0.241095712129997,0.182893952640638,0.165542966833546,0.0115881798738942,0.0872327556269425,0.123192308722746,0.141236371683888,-0.0329610686785309,0.0882379127975845,0.0410074139474333,0.17629946749389,0.24661301598788,0.0427924146257374,0.0677360330421283,0.090323860763879,0.105027846233447,0.00536754209558986,-0.0748374887388945,0.0191257521569127,-0.0934314793931507,0.0593370826249831,-0.00850971219122397,0.150727162524033,-0.125408446560928,0.0775211205104832,-0.160555407644824,0.0692676992697446,-0.0115788177046964,0.161723793402093,0.400013506414148,0.481319674371662,0.136980463180905,0.39470487888609,0.0665284226154285,0.122678523369362,0.0835863376962234,0.0859633754528301,-0.0784013293086614,0.305658311910136,0.0792473163056959,0.202890212320541,-0.0773661101479153,0.360441260930739,0.0697936843431649,0.0179636846862675,0.0588131228355991,0.0784322180002663,0.165496374836576,0.117956705615056,0.157789436706372,-0.105983323988991,0.270610939868285,0.067877921579703,-0.0771562838121454,-0.0923202929959912,0.0349062897419991,0.0938980577731654,0.0120532062796573,-0.0571034626112343,0.106876963197604,-0.162039924507952,0.0438129169186579,-0.215169376207562,-0.111106378640845,0.0678158743699999,0.00216504806649426,-0.115800722866129,-0.0223743290485897,-0.0570595812983806,-0.00339651632370813,-0.127842200875064,-0.143270157691136,-0.0175752835734372,-0.0347261349864428
-0.0179766479751604,0.0117050680197464,0.0021092445004885,0.0474808942800986,-0.097583618217077,0.164773165037977,0.0895433009826823,0.196166697841528,0.111947775256797,0.435925578406932,-0.471067078092933,1,-0.113407682833896,0.208876878499206,0.0806108456779393,0.145413079264634,-0.313362827514675,-0.348563917629144,0.2362706979158,0.141935356400441,-0.433574742248186,-0.474805601473464,-0.066950182089711,-0.0575857645741078,-0.0679286052445271,0.0630778140946157,-0.111946830118352,-0.0511385897419823,0.00263800249653452,0.33647758079033,0.0117805881028241,0.237869463120898,-0.518535354145015,0.441142287362521,0.235295271451819,0.228460980544147,-0.00204468177579851,0.0656588230494993,0.164638085173965,0.190940792937999,-0.114018882183657,0.0834164382711229,0.00248473692863847,0.0297476532133061,0.0011525129320672,0.0834189553586167,-0.0137202547027867,-0.00906811737621764,0.0563237008336798,0.0996343657920145,0.0948936928998733,0.118397478521754,0.00908900094295578,-0.0591207955537605,0.125184043946651,0.167711174882314,0.0479219535687692,-0.0454559814268311,-0.0258223738579184,0.00316089631082117,0.0631699356669448,-0.00243382059177865,0.0407670587045775,-0.0506982738886381,0.0906362285198038,0.151930940328553,-0.0425951160346037,0.0748586141478619,0.0616991359029853,0.141494632164867,-0.290197645959684,-0.232006833154295,-0.386454467293344,0.061910418994819,-0.432889361814112,-0.0472773704202498,-0.0864629886542875,-0.16600745668266,0.104311539635459,0.297683058886105,-0.0204634628789672,0.113484379339341,-0.022867677062576,0.339640811895053,-0.00886197278423006,0.163313987669899,0.00802806696948505,0.046383246355638,0.173767332435955,0.0669679772952079,-0.143809015479941,-0.103100540091541,0.127358040181123,0.03326783811116,0.0874742543615052,0.148106631195278,0.11988101719585,0.112931067562978,-0.185366408918136,-0.0709047430119246,-0.0437607699571018,-0.0149143113872232,0.033187934645149,-0.0560085577695861,0.139645916865129,0.117731667834751,0.157648191322688,-0.0127913951070671,0.0448052170880714,-0.0151595298808452,0.103046157621938,-0.0547165199444872,0.027973243937645,0.114442696595535,0.0829958828097296,-0.0619129508412087
0.139891287318304,0.318262697002422,0.0220361433007065,-0.15524534067613,-0.0435331416912453,-0.182920681921413,0.336531179510976,-0.0461275338838015,0.199482625484583,-0.115791550618138,0.233213177415817,-0.113407682833896,1,0.363724192098454,0.217311718269911,0.163008493708806,0.0225244856676661,0.0437511288855871,0.109774503324184,0.135771755728604,0.14964877274615,0.0963402785303803,0.0570946291504827,-0.0159344162681131,0.063573443076204,-0.0915203470421186,0.000739164983734809,-0.230761972659735,0.135230129724733,0.114246186945791,0.148234099717473,-0.0276660433069529,0.56843840665359,0.103129274163339,0.129826391063886,0.0558447322575762,-0.0833942570227437,-0.0114600476328976,0.0970506848823852,-0.0035120838712103,0.312195204718981,0.287920942100813,0.32398803378993,0.361282460282842,0.31932222052659,0.199657877087099,0.397851603442668,0.38174475182221,0.351375351992341,0.15764887639193,0.308630471468563,0.170404565450717,0.278408385437255,0.389629506469289,0.320679885532823,0.306415997489019,0.537523909051453,0.354663473973102,-0.087951011170231,-0.078274834856621,-0.124253539580611,-0.198409649574327,0.203795007306227,0.135986990072506,0.132533269627024,-0.0187341525909545,0.185163554583558,0.160733618947491,0.403697366446658,0.306946720283382,0.136834322454185,0.00251787116282657,0.298503366811189,0.284834617288077,0.106698795876438,0.227964058892187,-0.352435479338501,-0.256885894785531,0.367311806705779,0.201620531211359,0.604849563845674,0.49039464501751,0.404127695106264,0.15118926463041,0.526524571159801,0.389316883315838,0.122937033610127,0.216131763949497,0.0127116969969432,0.194320783632357,-0.137577878141266,-0.178727117127098,-0.245058542080968,-0.0671063540027338,0.00250743745890152,-0.233974648518003,0.12938994687531,0.0478621944268231,0.175101894694992,0.0738153955497523,-0.239590149687264,-0.244882894475315,-0.219224342490267,-0.147394437149368,-0.0714236382579138,-0.0944358714857536,-0.0684770663640773,0.0129903152898878,-0.202214008002406,0.0847431958990107,0.104698589025213,0.0549195162995143,-0.0747939950831824,-0.119294853541737,-0.0977589389391738,-0.0677272918354509
0.348276786028621,0.627290385144296,0.03856422333074,-0.0508061414910436,-0.153633234394796,-0.127424531846972,0.0440697259789805,0.1585299863527,0.0753990809488558,0.266328932892834,-0.00511272810692629,0.208876878499206,0.363724192098454,1,0.320046632841211,0.390202791186671,-0.0869731175238454,-0.101229720743303,0.16279909757705,0.223022445210664,-0.180917654516299,-0.159887463085498,0.00480152390950539,-0.0303234010502678,0.143711819873473,-0.0636840372337824,0.0597603881773291,-0.196370893570977,0.218000560364071,0.131808564855184,0.0452984553726149,0.0468469037560118,-0.00924923008525427,0.536240046088708,0.324047635153962,0.0764408662457494,-0.165918738728486,-0.0913457364135998,0.41074583461577,0.292344842389068,0.308222733930522,0.42407477080588,0.353744280455963,0.386521482849902,0.384102441657391,0.383418660163966,0.480498827937469,0.437048588414969,0.482948707011096,0.444163504419067,0.489541978355723,0.44492520262996,0.445238467751066,0.468890843047346,0.489055716773333,0.592979557924459,0.740926858813993,0.642866406788444,-0.067804704707078,0.134347236092069,-0.132262975606064,-0.162718558549181,0.156775418992772,0.0545066394219424,-0.186855224704337,-0.168655039105648,-0.0161081146426169,0.159123883352564,0.551643584886928,0.541439912738795,-0.18861291240561,-0.219162060436889,0.0422265353264403,0.164453982872851,-0.00126825400335713,0.0407621453777514,-0.318769248054815,-0.438418851425369,0.464086189070327,0.578997221227858,0.583550561950897,0.726259731689414,0.336458890129469,0.499087028688774,0.434042599787187,0.513627214247579,0.0455577204149535,0.277611097545644,0.140082868751856,0.473010995789684,-0.358367753734822,-0.367857255824294,-0.321382542980813,-0.137826892588176,0.129637160709128,0.270790872207343,0.297955253515939,0.292620669978038,0.139747458754138,0.124762716941802,-0.227848981817468,-0.32981754716307,-0.17917045245552,-0.0353359046512761,-0.0232625730368534,-0.00188838687684946,0.232427138604559,0.0452198786742573,-0.124149726441252,-0.141878033715103,0.137494631602855,0.0682409102267794,-0.0506698954720318,-0.12282195703604,0.0733771567575676,-0.14103420811493
0.388920501574859,0.385848169498228,0.393068837847319,0.174961769620756,0.0892745417784886,-0.0565888480636273,0.204600061713926,0.118318048056838,0.189387376279265,0.1107572393167,0.131472520058547,0.0806108456779393,0.217311718269911,0.320046632841211,1,0.795581235319196,-0.0712672617172206,0.0848076878290022,0.441836797402266,0.428535109663075,0.0290836327697762,-0.0405944643413391,-0.0476884428470836,-0.188877357966336,0.00397926618214135,-0.116620481606736,-0.0693963106380211,-0.152251450095063,0.0710842242165156,0.080660970208985,-0.0103833520885136,0.149415427367456,-0.0239594826649979,0.187111476974842,0.211861077941961,0.00998460375231837,-0.102621790410293,-0.0994177884843523,0.184265136620627,0.0137378319335767,0.0530605650676253,0.156198295932289,0.206280217868383,0.237328247524042,0.149805723617158,0.069049262881094,0.247214571141997,0.23960693477504,0.235726167592177,0.106769577455477,0.265237500086055,0.154613820738863,0.25727800348091,0.270545302285228,0.213065629542204,0.179608303857273,0.427652335468306,0.250849371733774,0.0548222882860164,-0.0784851721517114,0.0318542396202063,-0.189322314351682,-0.0537289513741302,-0.0588474661891553,0.137488491893259,-0.058742726030501,0.12982474815635,-0.107086427003302,0.566360664911048,0.464951573020036,0.088716746285805,0.0779363007061223,0.154974679954607,0.180789072466471,0.190516702278823,0.189714085762781,-0.186522239361125,-0.199284277053834,0.170373246732052,0.197983514393698,0.207967759409759,0.207188754367475,0.262041503537337,0.165828313582267,0.26959505744718,0.191687052020988,0.133765816348558,-0.0630293212825821,0.0870270559132289,0.0495021928396403,-0.0568471513258074,0.15029067225727,-0.0105461096275691,0.312368438055647,-0.105734366740328,-0.0209528571427369,0.152373054053891,0.066373651527213,0.0322074066121295,-0.00161090474117202,-0.04945511211864,0.037951994803161,-0.0797469008895512,-0.0649537576640898,-0.157990624592687,-0.0717593594433895,0.124424616768414,-0.0326090492313464,-0.206455186578328,0.0506988699487339,0.136619451174461,0.0921792258329118,-0.0469340204625899,-0.153327420402941,0.106878915023242,0.0931567631471165
0.328930851028229,0.485234376161904,0.272885866442964,0.27111474974416,-0.0180896900702614,0.0154301454361489,0.138796741879006,0.178127049442017,0.181122858672683,0.163554740488677,0.00809594462448219,0.145413079264634,0.163008493708806,0.390202791186671,0.795581235319196,1,-0.157537222252283,0.0031054227355525,0.275536691101939,0.427752742867097,-0.10526761468482,-0.0837437474540622,-0.150229054756499,-0.12359441192416,-0.0667241720805087,-0.0805185600440887,-0.128410562183647,-0.0701499577467652,0.032598076057523,0.113766644561206,-0.011068746157879,0.153254501815857,-0.0639266210668311,0.248758060538488,0.161878110595531,0.0794354904520846,-0.200738311328498,-0.0552527856168577,0.227513899436296,0.174964186369506,0.0902937639039047,0.169111213588665,0.182097886957282,0.227838303153012,0.15909287795458,0.182857855116694,0.243616698723985,0.258418868076218,0.265083813881251,0.187409572201384,0.298084163948133,0.19914871109267,0.261982496871758,0.288301019311784,0.298327432395759,0.29859844982185,0.450049321646043,0.423509171089727,0.0512474203304019,0.0853248309183895,0.0225688288982697,-0.0662405912424466,0.0788444501534935,0.0231224393403086,-0.00539522850782353,-0.0983384861275342,0.0532585405260434,0.00145750872464747,0.580474663145073,0.551735228571572,-0.0613501549011867,-0.0965584836347138,0.0183803455777965,0.154724912960963,0.0962018086044523,0.14527004103015,-0.295327855023918,-0.308566699312242,0.226694036941087,0.178304769691685,0.263641409257688,0.265529569790513,0.240855414668808,0.306435941771207,0.278521890267252,0.334936185430519,0.120895373687582,0.0712302985465136,0.132658050426664,0.192497501129497,-0.201058435069323,-0.178158128822739,-0.126278464376501,0.0606509186579341,-0.0319259850026655,0.106104255452898,0.198125983237496,0.186581470970507,0.0294789280798943,-0.0403135690735119,-0.0842813451170135,-0.0757939054813949,-0.0381357705210297,-0.0950402752823731,-0.211638900471265,-0.200140781387524,0.0924948974976235,-0.141008962080849,-0.184310253086794,0.0297603368637745,0.148951483484845,0.144625894354522,-0.00827118846575636,-0.150739671475577,0.145107560020659,0.165010583163856
-0.169852098523863,0.0206466184990574,-0.177252211491088,-0.285817656758349,-0.151345366035852,-0.153241956841829,-0.379288061989378,-0.184711390833448,-0.26494025789885,-0.15160626694951,0.305567524489413,-0.313362827514675,0.0225244856676661,-0.0869731175238454,-0.0712672617172206,-0.157537222252283,1,0.427558685056048,-0.0350174904675436,-0.108472474481426,0.293854520501435,0.376594806307597,0.649536506959863,0.49439316633072,0.608192689965706,0.286107798422809,0.659130046222948,0.182929386320542,0.597483224429653,-0.126200028951908,0.442383296740682,-0.532604400904294,0.308422547508612,-0.171027272704228,0.0558033708117686,-0.0260035409546389,-0.152360797999113,-0.156182755325127,0.025862786057006,-0.0920556243797525,0.348833278494175,0.0655221698202214,-0.048030135171344,0.0226573175957458,-0.0359635645715264,-0.0108438135286776,0.0245806616968212,0.128002409669299,0.0245118115700278,-0.0254171203399241,0.107160902103937,0.0797766495916028,0.237010961359007,0.268199864678012,0.0121361466095533,0.0791075973963453,0.0208498841376391,0.0480184354249579,-0.0621041180643542,-0.113583750981877,-0.162531533837231,-0.144723722447145,-0.22356309093192,-0.146319806763336,-0.196453337819096,-0.275533504451827,-0.0356682842538546,-0.112000551811437,0.134191367840564,0.0639921222349095,0.285498293666594,0.235413295733135,0.161520611546485,0.200045803514876,0.330909004523323,0.167423407323432,-0.17853555716512,-0.0376171550351513,-0.191453832401496,-0.0222287456587516,0.108292597135865,0.0377054213913404,0.22301991776862,-0.308031818758131,0.12125985792509,-0.0301229422423704,-0.15144443792543,0.0243842797313398,-0.0580872044942628,0.151880391955879,0.026493753673564,-0.0916592501974059,-0.00363054354774439,-0.00660183001696844,-0.155455683503577,-0.160019217870185,0.0992746231521652,-0.0482808258061969,0.107162602457593,0.0500779127349389,0.169412334736204,-0.0101809511749023,-0.0121503029547077,-0.0306838824327887,-0.185602809914857,-0.185854136580162,0.0280305130900131,-0.0189758523372265,-0.14369267445033,0.21272858555475,0.0240067556930526,0.0789286475438386,0.0868759853842899,0.218400639238751,0.129036434149605,0.114894322009361
0.168828251713708,0.147093353253482,-0.00936298215012765,-0.111170596739936,0.0718657188804249,0.0626662723519465,-0.163548293440407,-0.0163613794453937,-0.134656372911947,-0.0465213888971583,0.423768732693,-0.348563917629144,0.0437511288855871,-0.101229720743303,0.0848076878290022,0.0031054227355525,0.427558685056048,1,-0.0498067542747647,-0.0534374772006057,0.527482849542231,0.453671819405471,0.191610202730185,0.233389547951338,0.0819952912060143,0.326588749854819,0.167171752303101,0.366401120353667,0.117278708291796,0.240950361289983,0.0964343641050554,0.0208401392270557,0.239526635641456,-0.123779065202102,0.119284127007787,0.0579066270779893,-0.0888089946646342,-0.218769939258183,0.156857504377114,0.0995723136980528,0.049188105381525,0.115249488935125,0.200663302614283,0.189466892189398,0.227668829223714,0.118840720662421,0.0926178443288519,0.154232114954447,0.197796698935944,0.0983742827970416,0.196685538206215,0.154047545970407,0.322520280178315,0.298868726875953,0.200198188532956,0.161145229980164,0.154317270158343,0.143050629078612,0.0266831037852791,0.0113437293208373,-0.0190615214005094,-0.0429972959673479,0.0198902093434987,-0.0328072538806687,-0.0432868341835862,-0.172479725615534,0.072382444399448,-0.0933027756614555,0.13237071923828,0.00423298097809195,0.365074570898284,0.337883553459928,0.418036363317888,0.260701653234144,0.486564185647688,0.334071975925476,0.0316775367296776,-0.0387263990439411,-0.093921785753149,-0.0371441500269946,0.110190728154029,0.0524520754177373,0.0329469784559076,0.1274514513318,0.293921194244985,0.0893668272413354,0.166238515532365,0.0621303314416565,0.268946619602684,0.249849897365923,0.0852071235412073,-0.0700031870675019,-0.0306210185834404,0.00425551952034475,-0.0213293823519597,0.0256280602184321,0.0571620539956387,0.113738732363938,0.251815699917346,0.208781910896397,0.150701389211189,-0.091816315825391,-0.0314810851678238,0.0314497798030741,-0.222885401224194,-0.229656306081559,0.130931605435072,0.170651144828193,-0.202730695659226,0.186188916502819,-0.0721685464315992,0.102685931877683,0.100094037705003,0.130628662413124,0.148676242073911,-0.00378227565161084
