1,0.663089642692322,0.0886922208236637,-0.0649425712745508,0.0601512425387647,-0.122570709618359,0.266953149473963,0.125933751866961,0.103810719097325,-0.0425717913339255,-0.126136455067531,-0.32944561159992,0.179039145007762,0.186179423358219,0.484786454989907,0.309449599514554,0.13704150849685,-0.0923716808302022,0.10267399235849,0.0191295404136592,0.0520565056831129,0.027655631468722,0.117366629482752,0.0464508471645223,-0.0214840997388374,-0.111054657991354,-0.171091137385613,-0.20166122210572,-0.0476542088588706,-0.110528425678398,-0.100583335453104,-0.250007299396125,0.00140223752525222,-0.0501771826838654,0.0515254481220333,-0.0593542372455307,0.120793370773826,-0.173901272896674,0.158434118994521,0.0535023762496635,-0.116260729113757,0.171716464181151,0.287699356604961,0.492140480665221,0.430331521484996,0.490307946882314,0.429779563045764,0.524590249357564,0.553914849778794,0.548059856747743,0.50662149369195,0.506071227338747,0.425057424345224,0.298131394272656,0.243432776616046,0.150131592977877,0.582845490280468,0.617324056547928,0.529682459150807,0.485990752393222,0.164602421579149,-0.00635070444600598,-0.017963587132709,-0.119392249971412,0.0302233937873324,-0.149618414206666,0.155515490993849,0.0183511412724124,0.524962880667082,0.415052262113814,-0.0292456580695756,-0.0375960958854094,0.0596555459770128,-0.0146785810286698,-0.29999855009898,-0.0563596280421139,-0.231141665362812,-0.240080329189357,0.29946802269981,0.197412738539833,0.13038963505664,0.143985191444529,0.0201599620983838,-0.181489085734923,0.117852125798842,0.00188260891622873,-0.121165810004375,-0.0560743127475059,0.144875432650196,0.21071383730125,-0.289836434390974,-0.275542906035159,-0.22651329667884,-0.183572451723404,0.181344970723802,-0.00368951026779643,-0.0272489526374113,0.104708714842188,-0.0749362832382599,-0.166404688297949,-0.056472560407538,-0.0596211388620439,-0.0195070843641261,-0.0485107729158742,-0.121550006148775,-0.120936372886651,0.00355677466891061,-0.106074204893716,0.0877975280883534,0.0814173958480545,-0.226312410945817,-0.0748820052949383,0.0198663328381953,0.0669008901338725,-0.166631707635559,0.0352564426815579
0.663089642692322,1,-0.162792566890631,-0.282230109101768,-0.235529019077919,-0.0780216578174366,0.283173665542999,0.286441286774852,0.12418643649919,0.108556899648398,0.0222614403448474,-0.0116395326400029,0.577769074597476,0.60940294680539,0.355495584605096,0.452049406627353,0.0676481676522147,-0.0756471871654602,-0.0288591894587874,-0.0832610144263027,-0.101870108609606,-0.0329366710209307,0.0808405681123791,0.0762936794379363,-0.157819053716561,0.064659710817253,-0.0991301410758376,-0.112548038553731,-0.0573704145138376,-0.0621026513688476,-0.0241639073354695,-0.00828647283968807,0.302903187558216,0.286853530814005,0.110762891844371,0.0530948373635013,-0.0111566851984266,-0.168818552934042,0.0756918401708811,0.093415926240462,0.116252948801162,0.220299605552301,0.0773945668760727,0.423862073974677,0.453644348343277,0.547828769342604,0.378801403035142,0.47264092889227,0.586597774256791,0.450136371387701,0.380467584015668,0.377883654215862,0.382786229847187,0.409036705105212,0.417325776241916,0.272949070848708,0.823125605415391,0.843654880093871,0.435164685714957,0.5029088811916,-0.0812227587769441,-0.0681471283659251,0.203697615946448,0.170919146506358,-0.238748817907179,-0.378349865996795,-0.0103114570221535,-0.0385477362719272,0.654189468558535,0.51575723635948,-0.206030768140913,-0.244451532252477,-0.114396070011583,-0.0739740362922561,-0.127548746423499,0.0158447858661486,-0.172317722620709,-0.121609674422017,0.528898623785401,0.47447762476278,0.457051859294103,0.458087920802658,0.273977529697142,0.159149356420381,0.297505335824473,0.165238362067905,0.186863304377494,0.0053116248529863,0.0259409262360869,0.259116407558044,-0.545857674970333,-0.468273432574097,-0.509994533025732,-0.465974974336564,0.134432144749371,-0.202132666208379,-0.198042782278895,0.0528283965423336,-0.0636887892757385,-0.226328321822713,-0.275696482881415,-0.300729468394084,-0.112163359966732,-0.215607969166165,-0.272467586225223,-0.317488292438657,-0.0651650212280243,-0.269140526640184,-0.0182947627136232,0.0693975059825537,-0.40936348306387,-0.0573409610640688,-0.0290284326036408,-0.0643337736161841,-0.253402867659129,0.0998590921485686
0.0886922208236636,-0.162792566890631,1,0.381117337813114,0.604276175954836,-0.218331363549745,-0.329938081236982,-0.336611998597975,-0.0140998250920716,-0.0784440661006997,0.126672639344508,-0.198249421347501,-0.415146187783045,-0.410501879773035,0.218973227231401,-0.182418166826648,0.0974967610896436,0.0863597529013903,0.661387829581872,0.392211420317018,0.583337506222341,0.299262224242389,0.438262446177876,0.204218436100265,0.145018679118939,-0.153710318788081,-0.0162754365953241,-0.156733081740897,0.290377341274418,0.252365400417249,0.189343650331486,0.0268475578537651,-0.464994559687052,-0.520008243586381,0.185091730143428,0.0746211948617123,0.718338405055728,0.233891850537762,0.349613282949071,0.248064968782091,0.122265709183023,-0.0403335113179034,0.352082305228316,0.102255052078961,0.0966032312279961,-0.0561545935497258,0.176356532011518,0.0167927472121059,-0.0713942525522125,0.117764110689059,0.106184685950866,0.153311542335151,-0.115281337632126,0.124380539822715,0.0290479184809021,0.0744985637771875,-0.159700396390821,-0.17662462705435,0.198360146067625,-0.22775112494729,0.34562061862058,-0.135683545301014,-0.141377684331886,-0.506633474913814,0.881933415570979,0.512266897538867,0.616730638922454,0.268336867891775,-0.0021985293789377,0.0019181629729087,0.242069530652684,0.231814087819504,-0.0133991298656394,-0.0775777670039303,-0.0680628051358666,0.0727862405561805,0.0992673587147298,0.0316269345039518,-0.236899486493249,-0.142121278611477,-0.277610009109203,-0.117879038336292,-0.027182595547842,-0.042025702422993,0.244649178260293,0.317333217457676,0.0409586408596948,0.300312964490091,0.539389230120737,0.238744588801504,0.234465633892707,0.408791068121421,0.217189963398977,0.568154960884699,0.133121160015259,0.118189656055416,-0.0557547138829094,-0.0745840002643646,-0.0323426086956383,0.129488415508039,0.195902461429554,0.502541527353024,-0.0381024919282129,0.149412303063965,0.184783422807697,0.447411494260346,-0.161459385752232,0.0446700996104721,-0.0602272546480215,-0.0404839076107196,0.0657010122819169,-0.156687634882162,-0.0793041881358398,0.181951975285626,0.167316346385221,-0.0792489219653095
-0.0649425712745508,-0.282230109101768,0.381117337813114,1,0.311652445144194,0.498939828229869,-0.176086915682068,0.0748380414250458,-0.135512553798658,0.0580708589623475,-0.0776159175676296,0.0836322110880652,-0.235459845593358,-0.164994302697428,-0.0622620930175284,0.0234829824166659,0.0451992410345858,-0.0382727767767176,0.235712777430796,0.442555475406318,0.199705767074486,0.222128241150642,0.0241974752407089,0.0154435276546439,0.0271760991943554,0.085358923598448,0.155731511920848,0.25183192550023,-0.159013761224245,0.322789636822837,0.00697476045141128,0.106849296500104,-0.113475849575629,-0.0899784901159332,0.345094808212649,0.496014618675187,0.14634612965309,0.469374398856628,0.0174087911630576,-0.0536940876375128,-0.0661790038787707,0.0471723732336739,0.0839369081672258,-0.0533069938085642,0.0653062892032624,-0.014402496793677,0.0262894609547838,-0.129718813358647,-0.0845206520430979,-0.0153367669134234,0.00664661650369991,0.0554597346057443,-0.0969808628374545,-0.179378129171669,-0.0536439756027184,0.0727013470576027,-0.311861430124725,-0.336798101247348,-0.0487670042618894,-0.108064181455719,0.16309990774249,0.286988499975564,0.148246799679713,0.0515368041550944,0.322081766907212,0.535819466228695,0.350124151902964,0.466835107215122,-0.143013741723704,-0.0983060999150039,0.243967245761627,0.35288920791937,0.196766183094292,0.177332165895115,-0.120537025269102,0.0682482340077101,-0.0724765046993123,-0.0228540047826786,-0.0825683492035908,-0.0953954090622618,-0.0196805151239749,0.089992020181038,-0.0761247108502457,0.0808893826596717,0.021187317725284,0.243109284896017,0.0615160573858221,0.0427262527465943,0.1683842978896,0.0162543029928076,0.214961096322516,0.0631405117874532,0.359496931293432,0.101354441796376,0.108515605027909,0.0281171074272701,0.130284660782557,-0.121971578749495,0.0407456638071518,-0.012583185863084,0.391654416366151,0.126259678533466,0.0313805603293016,-0.0476618900655762,0.137749771790826,0.16148502787155,-0.080157498123492,0.00404764525312857,-0.0604155207934072,-0.095681197523056,0.0888044596983926,-0.0434197336249739,-0.0348997261215237,0.000968508141618171,-0.0184740930233449,-0.0838442027414783
0.0601512425387647,-0.235529019077919,0.604276175954836,0.311652445144194,1,0.246363465119912,0.0249036090170219,0.0776301143920686,0.295147865018255,0.107102757697106,0.120289728965803,-0.171932978720872,-0.293153364802468,-0.355581941319983,0.301132390418664,0.0155498859053511,-0.0962418768443643,-0.175149454570272,0.220166037416556,-0.0659998096638128,-0.0570177044642701,-0.188716285046611,-0.0571058028949534,-0.105099871255521,-0.0619283083662093,-0.0961368968257615,0.0412962080516346,-0.00698335556778543,0.109102068493575,-0.0169521518533089,0.325670309464506,-0.0922824720566354,-0.196171239098562,-0.203093481711377,0.0682482670773995,0.0789821566890973,0.238019546659612,0.082250074460549,0.0431550051021918,-0.180593223381413,0.0193395525302439,-0.0549643048159468,0.190777910595042,-0.0297207047747929,0.000704656586082298,-0.157606045774953,0.0181612538649738,-0.12237833406578,-0.107013823906314,-0.0529147716930937,0.102741144731594,-0.00985284474027928,-0.24903264803485,-0.109082522723568,-0.257285366371068,-0.0183712559092043,-0.263083327989422,-0.313604087763992,0.174561065803674,-0.0375213316961635,0.765971275722073,0.37515051781082,0.0476902782312026,-0.0908883236518039,0.578640562462106,0.550974380007881,0.44222847299701,0.242802646566377,-0.0951694175255624,-0.161951247994793,0.172733307382134,0.209612861585047,0.139750263387038,0.115910053297042,0.121332043589134,0.113185557114825,0.129209815834348,0.0188731642767516,-0.137694674569238,-0.164264177836156,-0.174673687962959,-0.0153729126495141,-0.10719401478581,-0.102532077647364,-0.0172810493533387,0.0677308962050569,-0.225204559387653,-0.0512724424592813,0.398101997109922,0.170960094192713,0.359654682598386,0.387728273893389,0.203400110232796,0.459471364061726,0.0240151637969938,0.124525045801686,-0.149435355596395,-0.117251129016269,0.00779123524026175,0.118282032584464,0.251624503852972,0.44273821428856,0.0846017726314819,0.172818302194522,0.0451189227146933,0.246732895758585,-0.061138479613721,0.0311925809671295,0.00427902083020714,-0.116076859550376,0.0535318684925325,-0.00147109491359096,-0.0795768784443345,0.0104131031144852,0.0824528531092217,-0.0594857606560234
-0.122570709618359,-0.0780216578174366,-0.218331363549745,0.498939828229869,0.246363465119911,1,0.358422964984577,0.634274705478987,0.309312804843393,0.496189638523302,0.0967881477216884,0.381681309167404,0.243757186826144,0.25819367025046,0.0184965343960287,0.429389574660702,-0.00257842010543369,-0.149015683125923,-0.213218082604979,0.0747649658503647,-0.426982372376556,-0.22687314950429,-0.404486784285799,-0.196885138113767,-0.124405489681209,0.221298103842239,0.323981842564082,0.495925090428998,-0.195061334979909,0.138608879955111,0.287816250224338,0.236780268587367,0.347341580208526,0.423241811946563,0.151252846486967,0.4144675874564,-0.335446282105834,0.206133534932023,-0.232114548197204,-0.303760622308687,-0.018469774350141,0.157247154035055,-0.193125053206006,-0.181195579627837,-0.0112418979875227,0.0145672261946952,-0.0856459252921874,-0.161697822597297,-0.0190041742165741,-0.0541080586044184,-0.0439290628571656,-0.153060705898259,-0.0543018466336221,-0.113599478467423,-0.0497788470046329,0.189954699183432,-0.083218918052926,-0.1675608624868,-0.0483554696260294,0.252804256263606,0.286020501011322,0.753632597982702,0.493635039993104,0.633640688817694,-0.232324667549055,0.339911130746571,-0.0502867552198247,0.292480862280387,-0.0638753818024451,-0.0147898057041774,-0.00314827586636189,0.183243432112813,0.317969669276727,0.369062502059813,0.0696425010871007,0.153937873392734,-0.101919920250938,-0.0927287629542146,0.165494795127259,0.0958397728549993,0.390906541853572,0.438640198599187,0.257996706327271,0.314121322575497,0.0895623454467616,0.175626929657657,0.135388796539071,-0.11290971418374,0.0954346067643129,0.140647311990659,0.21144395403678,-0.0218111971715346,0.119103319138003,-0.273942260543504,0.0457418940963674,0.0116862516228151,0.0530527176628322,-0.156172104326266,0.128794618512951,-0.0114947310119874,0.167010501226948,-0.169659769592712,0.121816738927978,-0.0279575127293289,-0.0593620768923367,-0.176081378025933,0.0279494938701988,-0.0326208788682308,-0.0415043711248863,-0.125659989942386,-0.108267810912238,0.0982702370402827,-0.0704821238229194,-0.250796558368471,-0.193261496037091,-0.019531013090224
0.266953149473963,0.283173665542999,-0.329938081236982,-0.176086915682068,0.0249036090170219,0.358422964984577,1,0.596790882539985,0.710389522667383,0.475673025831991,0.481862618902486,0.30935057216745,0.603788990335703,0.502835275368009,0.438823996160715,0.562132270345764,-0.00146089307885117,-0.141421786481016,-0.125139051456655,-0.132673469954452,-0.439430171359152,-0.342449106026635,-0.345213932903408,-0.174084145970339,-0.176210561213586,0.161497153687522,0.0286470495796702,0.176554341084029,0.0233629072895653,0.00418060955302924,0.142540333512265,0.126204150563271,0.634199387710348,0.553154362487813,0.039347548086835,0.0852280378656724,-0.277183684196302,-0.096434213680144,-0.244992350980394,-0.268550595108234,0.0927456728555848,0.275151750658131,-0.0190167226184307,0.104970056924426,0.237919451732928,0.254085974117981,0.115879080094099,0.226203483849465,0.278254282567903,0.162965406547809,0.0660212019376685,0.0787594842358264,0.010050409203144,0.0192835964372388,0.0758767286021383,0.176036214130395,0.364725545106042,0.246322773255133,0.140273529905319,0.334445343560364,0.14864312268968,0.321962832605134,0.593312002275625,0.546198727726096,-0.401796912593023,-0.202334057538991,-0.154332050282694,0.0497159610931445,0.118369397272396,0.0784762871033431,-0.0789780211708057,-0.01710832505007,0.354341691514773,0.291918451164073,-0.0879517109728558,0.189875805887288,-0.0910884237679458,-0.187344431724616,0.405854012521143,0.302071339530108,0.539953230350113,0.45664410764654,0.385485248471795,0.216404005569532,0.270864585541674,0.114329594275081,0.104318786914151,-0.159234550277991,0.000183129951287289,0.271520193718691,-0.0376697164473957,-0.175171682479329,-0.277769459187567,-0.271070729250613,0.0993681616454688,-0.0206883464012318,-0.0350458272969456,0.0560272369996789,0.204038269022242,0.0274721827113219,-0.199805210284211,-0.196459897170119,-0.00578730611182658,-0.0803065152036076,-0.252240749290996,-0.351443688325404,0.129895460812303,0.0229880541500671,-0.0474075730233422,-0.0318359659071858,-0.252013382841438,0.115576078451264,0.0435162894957504,-0.163958098103459,-0.205009937366636,-0.00843745262433333
0.125933751866961,0.286441286774852,-0.336611998597975,0.0748380414250458,0.0776301143920686,0.634274705478987,0.596790882539985,1,0.508789638847192,0.610675359182679,0.26122342901792,0.371994524383196,0.532690669280143,0.510979094196583,0.129495756994051,0.546247291914741,-0.0650862317294628,-0.284432701767489,-0.229696779083669,-0.0456489745937187,-0.493936731767265,-0.342786544359411,-0.331611127871992,-0.278685475779597,-0.108830448935477,0.252275673136493,0.0911603597941764,0.299525519845301,-0.0670368115652265,0.0529125529582056,0.219824801342985,0.196541345151584,0.567774062869858,0.625375793307527,0.1050252982483,0.263838074821886,-0.321433204795747,0.0354773133337304,-0.151026173929281,-0.170697358345167,0.128262208316704,0.20680184028602,-0.150393833500059,-0.0354397472094918,0.120925169617011,0.0945836515879284,-0.0132423568320924,0.0152459334878027,0.179243886281747,0.0293488592168413,0.101814141238203,0.04285966291917,0.0827015418366571,-0.0291346972582883,0.15268252596839,0.228178634927402,0.250872026734228,0.153731872118026,0.113723765110832,0.431957779144208,0.242475996574969,0.628191893793039,0.637373971703662,0.794219912519921,-0.370504376451703,0.0812586282615338,-0.112734542775179,0.223547371836782,0.111912441306057,0.103771432443273,-0.220456432152531,-0.107050094594967,0.252682646347646,0.346076268890127,0.0768703070990709,0.158528199171725,-0.0281290153440259,-0.0418605750581714,0.294823698567281,0.397176289040919,0.51108005886737,0.536558838714102,0.381930653419294,0.317898210976251,0.178614028158988,0.164817084910049,0.124638055658851,-0.135551705918919,0.0896376108293098,0.354597708122352,-0.0561659351694502,-0.167405110145742,-0.15067769993234,-0.407163119295224,0.079024789140136,-0.108803905901391,-0.11907114223778,-0.0766806216935226,0.194781520156323,-0.0105642692428466,-0.0124004983501305,-0.26353498262126,0.0493149797666361,-0.10617890908481,-0.185064698389768,-0.300476256712453,0.0751347163412245,-0.0846350060626209,-0.0552936069079252,-0.120152710441921,-0.294687192795704,0.0479502035498619,-0.0992981687800726,-0.198423971230972,-0.27482217860396,0.0215762213314431
0.103810719097325,0.12418643649919,-0.0140998250920716,-0.135512553798658,0.295147865018255,0.309312804843393,0.710389522667383,0.508789638847192,1,0.5704859702222,0.730597803258486,0.419903315117435,0.365894504217346,0.260299052504433,0.486323026096519,0.376072382282789,0.0511872355800361,-0.109044934711011,0.164622130458943,0.0545339891949163,-0.231166143422277,-0.244613988561295,-0.183321131719968,-0.141364721391067,-0.0542588276379033,0.161169251287531,0.0769261558882872,0.270224750455617,0.361907593180284,0.109182200164234,0.414253625915266,0.285328013547411,0.375473043889659,0.356955192251492,0.011661661039102,0.126467822559266,0.0300196908904271,0.061124500132867,-0.0989387768572759,-0.139414984829572,0.216420065481942,0.233902141037094,0.0520203711982097,0.0542715326636129,0.121021088974947,0.111449798537825,0.036515863134907,0.0452726659112443,0.084222531619815,0.0909611511125777,-0.0717687855829509,-0.0514588387443659,-0.11334419515644,0.0864648643553373,0.0108340059839981,0.0838233643107034,0.191108138504029,0.0187182509586692,-0.015380033833264,0.0985346891958822,0.261583895425314,0.329378218105305,0.495384911958901,0.358164936121843,-0.033806968232133,0.0577960894766421,0.0386054267913084,0.141790166550134,-0.0515198240023322,-0.0472902973967145,-0.0197653862682899,0.0778858350580446,0.330736628791632,0.286709650390953,0.0875478495912101,0.225588557864006,0.126713328698264,-0.0282703746185034,0.323538928056378,0.127962998906902,0.460323767515909,0.432874497485268,0.389227733761016,0.274590504883989,0.392865665696755,0.29943243304801,0.0211028947492949,0.0300976755565037,0.264614690642836,0.305766446764163,0.122903432657701,0.0952587437318299,-0.0944980827393046,0.0444991262992265,0.0793471375647241,0.0256275871579571,-0.119148571883831,0.0373840762066019,0.143213843075497,0.187807457841614,-0.0801818304644567,0.0444431128863378,-0.0110227367042554,-0.0232721534808281,-0.0875066545924893,-0.129410088435391,0.0939815417395286,0.0270206574183662,-0.0484603878579046,-0.0621158761028306,-0.216092707401419,0.114616310936973,-0.0573253147760261,-0.0765519577932851,-0.0786812240396809,-0.116104109687437
-0.0425717913339255,0.108556899648398,-0.0784440661006997,0.0580708589623475,0.107102757697106,0.496189638523302,0.475673025831991,0.610675359182679,0.5704859702222,1,0.469874703918807,0.602368798219958,0.417202093504306,0.357382918190946,0.220102884621882,0.428151802654315,0.0688520280533891,-0.0285971998294669,0.141150294891473,0.260275170305621,-0.152606695813895,-0.179205798360318,-0.127759058896412,-0.0731955431740564,0.021467849610944,0.146031177541235,0.131532897518975,0.352578095141274,0.199575737310989,0.32792435173184,0.400639620635485,0.501337941384064,0.335827412254249,0.373841184943903,0.160625653980309,0.187809986547689,-0.0406046761934097,0.160186105247779,0.0111448923404276,-0.116346022047106,0.282917052056172,0.236404773112354,-0.206416554565559,-0.188010194109534,-0.0722652034202158,-0.0897989162424611,-0.0796877202656322,-0.169593248067844,-0.0798281778375196,-0.0211110279373402,-0.125560995680956,-0.178449214909705,-0.000289890327279299,0.124115857557483,0.0973503582353302,0.130036266737021,0.225953792731522,0.0130469285866612,-0.0653514081847101,0.0790176242861746,0.0936674365420784,0.42058155275974,0.619301970958771,0.500069915994051,-0.118404536322683,0.226256164929459,-0.047671025998557,0.188075203261654,0.119786048140788,0.121271336067502,-0.0987826335949126,0.0187373419250991,0.224099409543061,0.341813644528299,0.0307975277119316,0.0847103752880549,0.0233125734700023,-0.00234986785110106,0.228833145476998,0.257414746259473,0.452574056533672,0.518257774116885,0.469538690017127,0.442423630166791,0.441364121315063,0.504767163189796,0.245356783939149,0.0685458973739028,0.32739981499235,0.373427055964804,0.130504388994972,0.0667002553158639,0.000217429994078017,-0.138583086443921,0.0918422073834718,-0.0456358348440438,-0.132785209729618,-0.189207951523937,0.0758466847095148,0.100253768741326,0.0422138490177823,-0.134278844388214,0.0267748106611519,-0.0763256120928323,-0.133602032683417,-0.237951952253103,-0.0510610967879711,-0.0553347159533006,-0.0810933384670116,-0.0928725811994364,-0.208142379319566,-0.00970369307298165,-0.145837512787868,-0.187301365008837,-0.142472722695639,-0.0572947844447097
-0.126136455067531,0.0222614403448474,0.126672639344508,-0.0776159175676296,0.120289728965803,0.0967881477216884,0.481862618902486,0.26122342901792,0.730597803258486,0.469874703918807,1,0.560985323190324,0.331859576064712,0.230745412638496,0.330444981176606,0.20847223187358,0.0871174446986835,0.128923503091367,0.376802054443815,0.260727344686156,0.0549700928587995,-0.10767981952425,-0.00752211823472079,0.0515441106985672,0.0203357325586642,0.153843427237238,0.0377585621340411,0.309523789825501,0.456023623151226,0.405681660943678,0.351806987650715,0.443385407214056,0.320448675379584,0.279075838493793,0.0807354128566785,0.0952070051001435,0.168020276389254,0.159287117286742,-0.0209607814246395,-0.0322284340070042,0.288171834762355,0.327056966875632,0.0503261469416351,0.0155171693700399,0.0224655321385484,-0.02046690443564,0.0207710945983652,-0.0431918769633262,-0.102927732290496,-0.103935433281386,-0.290227706315916,-0.218496641925962,-0.178665162847107,0.0661161744269646,0.0220675203654158,-0.000873113836678333,0.112463442072893,-0.0940058057242979,-0.158037736443642,-0.176333393608603,-0.0512788978875766,0.016711717124729,0.438251138566806,0.216484250214018,0.066333705930851,0.0383203182755989,0.0271955387597918,0.0729617154162429,-0.177880920323415,-0.0997832356970698,0.157671199505449,0.16987433692872,0.326144840023145,0.223865695064639,0.0790251789480823,0.255569877585538,0.196403722658188,0.169912813626354,0.184073367788095,0.0985258932180186,0.362419513671928,0.305363547218931,0.463656377517167,0.373904519270749,0.462278396699112,0.393601499462514,0.174494589276469,0.0860019789897237,0.245850508435726,0.19460293184633,0.121096416427075,0.159442694818836,-0.0808002322696966,0.17849847457615,0.181743294641516,-0.0298132461278562,0.0028772627601216,0.0335092057856793,0.153575670153255,0.181654290335593,-0.0748345539527909,0.035289961327308,-0.164280501487268,-0.044301719425113,-0.0415587934500248,-0.0181234516630748,0.0619789066793541,-0.000319529108412582,-0.0988409657523819,-0.0224550751774364,-0.0437915254105954,0.0275481106996575,-0.0364786035421107,0.0206972245436565,0.013594603490167,-0.148252747959169
-0.32944561159992,-0.0116395326400029,-0.1982494213475,0.0836322110880652,-0.171932978720872,0.381681309167404,0.30935057216745,0.371994524383196,0.419903315117435,0.602368798219958,0.560985323190324,1,0.376343820016705,0.364686367808073,0.0352458233725939,0.343089562016182,0.0342121187760642,0.0558819675792175,0.134461302082447,0.34530159796115,-0.0520153633184055,-0.101079548598404,-0.0888157139455998,-0.0927822533583021,0.0395847481028962,0.205724809720607,0.132969409504259,0.401272388895805,0.103901696526206,0.389153634186256,0.241825635386429,0.567904986092673,0.430926895020856,0.489483523349392,0.139459249219131,0.175405563677438,-0.149424300222712,0.145782058903338,-0.0605942531014617,-0.0780537067952722,0.263439260079983,0.35606128193601,-0.226395365834047,-0.195846091187113,-0.143680727891519,-0.0556906604426918,-0.103509645570158,-0.161409469771914,-0.144902341993027,-0.166066125093363,-0.301673344854166,-0.318102505087199,-0.187203756367847,0.033613618013675,0.165795437424454,0.0822732521112102,0.0446211511075243,-0.142301247890473,-0.364866997984682,-0.224696238116457,-0.299618521322393,0.0642886465915906,0.5718677029749,0.478708853366888,-0.25144942121976,-0.0313927909562784,-0.207765543244155,0.0748790875181123,-0.193166230603874,-0.100450363583258,0.110396644810491,0.158234887270478,0.332765072689555,0.419428738981574,0.0802347186993523,0.20964020612874,0.181191946901221,0.184971409234435,0.192265022292279,0.123092364884354,0.403615005827753,0.401150101056122,0.412407851504402,0.596422582615848,0.376871507274499,0.440680898116875,0.287498650399657,0.0724060225321002,0.0112558238832826,0.0650976899502361,0.0727391746739087,0.0734767618851355,0.0232664984112998,-0.151065539013555,-0.027799284706739,-0.0128897573322861,0.0461860845736485,-0.0442725623741357,0.220928425423301,0.167110575901876,-0.114825513947889,-0.338075036293119,-0.131763862026308,-0.185540275170452,-0.116939321400357,-0.256202589038639,-0.0138119757018623,0.0150443823141842,-0.215743161538232,-0.12606315417298,-0.0603005815867928,0.0735198809441389,-0.0608840368613535,-0.199233661842432,-0.0208881584828296,-0.0491909475819352
0.179039145007762,0.577769074597476,-0.415146187783045,-0.235459845593358,-0.293153364802468,0.243757186826144,0.603788990335703,0.532690669280143,0.365894504217346,0.417202093504306,0.331859576064712,0.376343820016705,1,0.859970782844019,0.210538046386588,0.470478125324929,-0.0528893379674169,-0.0141493550540165,-0.241351582684125,-0.105909314655814,-0.349118859128257,-0.174455420588359,-0.168976808128033,-0.0463461355662567,-0.144405604423935,0.236677612696261,0.140845190753762,0.237444601616971,0.0470502222244072,0.0813377873219405,0.101829061934496,0.262077871945362,0.729825316039799,0.75225519621162,0.211860855750146,0.198997457503537,-0.240485991042924,-0.0203832772072298,-0.0792973582693316,-0.079811845362827,0.263668036278225,0.29711795965101,-0.0976040812853471,0.15324392570013,0.307826781584845,0.308854184349044,0.186555147151087,0.249208633016324,0.361193838007892,0.160069818278983,0.138384334884974,0.0733407067434082,0.184832840762675,0.211585550838855,0.380404265326813,0.325763130954268,0.654478350092814,0.525460798379659,0.136328230546897,0.287022298841492,-0.146656477280839,0.121042419837321,0.573830661088323,0.632398127209411,-0.486289561976357,-0.365085543970569,-0.176809405006321,0.0225234680838084,0.383297563350469,0.349306694773766,-0.259209803824759,-0.224939854523859,0.0718099481780174,0.0844800583551528,-0.00075350475147795,0.141220169855813,-0.0302773492682332,0.0452751866874465,0.619625561736024,0.53637161386298,0.766227987300442,0.703881630080184,0.510233150478406,0.478863642900765,0.382307845374683,0.249301015215284,0.317469845250362,-0.0344951798311878,-0.0123421981295584,0.286229912892136,-0.367199717720944,-0.426313219384114,-0.538209085923681,-0.522177215349967,0.0194504645687329,-0.207034756001196,-0.0633701362593906,-0.00784223373909213,0.0473747561638872,-0.18708127543982,-0.360968411322445,-0.437020718145375,-0.179654072346929,-0.277236170598383,-0.345367897520367,-0.535186623307792,-0.0265269237393087,-0.274556970441801,-0.13555905133735,-0.0822883091059187,-0.344772121286053,-0.0571162337406981,-0.0809047166684781,-0.270361218743395,-0.348598504501329,0.166089494969442
0.186179423358219,0.60940294680539,-0.410501879773035,-0.164994302697428,-0.355581941319983,0.25819367025046,0.502835275368009,0.510979094196583,0.260299052504433,0.357382918190946,0.230745412638496,0.364686367808073,0.859970782844019,1,0.153425871525979,0.440055141462197,-0.0149606420210336,0.00214146492910716,-0.306270676619278,-0.0912913175199267,-0.279170111709908,-0.0718127674779125,-0.212569330519484,-0.0235600544388342,-0.119477136899626,0.281688441068013,0.16183305646817,0.164053920657355,-0.00550952483980872,0.0489700585146534,-0.00435856317255633,0.239357794563873,0.719964121237393,0.77249421538886,0.239879331928544,0.266872046025521,-0.219787124957589,0.0677818775035035,-0.0325271228077641,-0.0222708646665682,0.154330698268228,0.297752375036141,-0.057879324622016,0.202944548797827,0.374479787198595,0.392017437226122,0.255124375878081,0.314765996284125,0.447228968948265,0.205434231547957,0.161828275042907,0.112887828133369,0.11144653657585,0.189884544511144,0.409923024936459,0.346627373684785,0.691287018454732,0.555661448923693,0.171006742779708,0.2697053524569,-0.220268247443828,0.0887495862440661,0.601158828258561,0.627768759985542,-0.508582142284506,-0.394001923428111,-0.132263220917163,0.0989891443951161,0.330786018060862,0.312798582311743,-0.297126140383076,-0.292171942744624,0.0595400844290684,0.115269357174286,-0.0119275000004424,0.125230291389853,-0.0741876255087353,-0.00958465662518732,0.634353739180648,0.593598699274034,0.795330167328805,0.747055689997833,0.449215844873986,0.454661203363372,0.329122868202915,0.235389209066825,0.39901100871384,0.0138906266343969,-0.130766201208427,0.181198245595871,-0.478502452601418,-0.47495451466709,-0.573539608332606,-0.589190193829697,0.0047971101473446,-0.212014631960144,-0.0877784636248008,0.0145773375993377,0.0324534896037361,-0.187425799491168,-0.355322582018628,-0.470116409062132,-0.236197598899692,-0.320611298402095,-0.382601007817057,-0.537340670708665,-0.0650144125837721,-0.241373850976745,-0.166337083345668,-0.049951411702804,-0.378268458578798,-0.0444105565702468,-0.159385239130108,-0.306088493071013,-0.386050660017466,0.142082036487444
0.484786454989907,0.355495584605096,0.218973227231401,-0.0622620930175284,0.301132390418664,0.0184965343960287,0.438823996160715,0.129495756994051,0.486323026096519,0.220102884621882,0.330444981176606,0.0352458233725939,0.210538046386588,0.153425871525979,1,0.417117980446313,-0.00943791857673881,-0.129673470004084,0.387213940081222,0.108993980491798,-0.0292686557146678,-0.181852524892564,-0.125656386913069,-0.120551413305342,-0.164280009295312,-0.106423308674243,-0.220522124830488,-0.111138477419712,-0.024726197305712,-0.0214501077542492,-0.00795428750841447,-0.0575285816897929,0.123856225682938,0.0428635207792312,0.107379326577496,0.0982285285636464,0.145138072221944,-0.0737128181271872,0.00755145067647635,-0.112498071452248,0.0275175712522663,0.117478073215415,0.247984408180607,0.285573393850583,0.359067243111907,0.347441816515467,0.313651903982764,0.290321007766708,0.404669120338275,0.375280570629524,0.189737880760483,0.186149933600479,0.154317827552546,0.25022159007948,0.130329059554685,0.170511946991684,0.421755838518733,0.336944181040129,0.346908532137546,0.232110125250607,0.216479477314253,0.103808483268417,0.317445621756819,-0.01342512877375,0.157034087438155,-0.0195814110640453,0.233902105612235,0.134848973331657,0.342173798586788,0.26457931387751,-0.117562012981778,-0.0706395645309946,0.148546301169755,0.0377124307812287,-0.0407982927709565,0.0558640829912879,-0.0837272819036193,-0.0999070599401498,0.280116246895431,0.0231188616816275,0.236102897432879,0.232090388316316,0.062142087119563,0.0408867993965924,0.433494257304448,0.283088779079559,0.0484755174909281,0.171122316120348,0.299573295054881,0.324943996916185,0.0265172746680577,0.0766715331665815,-0.215287055129682,0.0766600580926439,0.130826226638813,0.0890263963278831,-0.0993883365144692,0.0574551456536658,0.0805257871599851,0.074882627549381,0.0137637296457475,0.124654267242867,-0.0452111950486374,-0.0805340446005459,-0.151023832196161,-0.118929807542542,0.0322697330434197,0.0174003984972901,-0.136680433729111,-0.0761622921570299,-0.247632211104477,-0.0313517382017647,0.0154137556696767,-0.0101465436189622,-0.081545732389437,-0.00782355636687339
0.309449599514554,0.452049406627353,-0.182418166826648,0.0234829824166659,0.0155498859053511,0.429389574660702,0.562132270345764,0.546247291914741,0.376072382282789,0.428151802654315,0.20847223187358,0.343089562016182,0.470478125324929,0.440055141462197,0.417117980446313,1,0.101651289025588,-0.118068109157994,0.0171571637395882,0.0452905322854335,-0.342443993717725,-0.299803147056754,-0.184484008502093,-0.157220291453471,-0.151764401393209,0.050566771423761,-0.0374000618673679,0.0459697593806101,-0.229079358101556,0.0392149428513197,0.0111972032198975,0.112086195954691,0.47750743268547,0.422013195748514,0.231471449883842,0.265962872172472,-0.207488587172286,-0.0944266608130913,-0.206285975354349,-0.219503609145541,0.0285952002076064,0.102016285415077,-0.0111361905094051,0.169993875041127,0.269044556075272,0.360453581263316,0.151821935210109,0.212264992975132,0.342214042468624,0.288448112064423,0.204746976531045,0.214428680170588,0.0760558304740192,0.25577540596726,0.173521035400059,0.25015266654907,0.354750243387724,0.321386044464263,0.223942879507487,0.431195533035586,0.018670647640223,0.311244228516954,0.553902442938474,0.542978514571269,-0.282029868763776,-0.106130993534587,0.0146298882434717,0.232207682833792,0.41796829859872,0.390510138864984,-0.137178193731095,-0.0575962837497886,0.16983587160283,0.217631706117516,-0.00189532448051453,0.0049534023855427,-0.122471365977624,-0.196527662063276,0.257905996983087,0.180846517003961,0.424071263436408,0.418540521154284,0.270937010503189,0.248159163523989,0.312155554742863,0.294397217286241,0.212679533568067,-0.0550709119842253,0.0934549407961708,0.309683832228199,-0.0832307618831622,-0.118972154765533,-0.221216634969796,-0.327539693197339,0.184044420110362,0.00506845582318305,-0.124112578145906,0.0307864051461822,0.165059035449453,0.0951480731202275,-0.0282764170355022,-0.175036855363373,0.0321882865358383,-0.0941924700482378,-0.110665740227519,-0.20648758102914,-0.0621675346831904,0.055252479174352,-0.120215238532933,-0.013669749697582,-0.305443513353763,0.0122974553967626,-0.0267335399316235,-0.185652288377662,-0.206803739614336,0.0926211950207866
0.13704150849685,0.0676481676522147,0.0974967610896436,0.0451992410345858,-0.0962418768443643,-0.00257842010543369,-0.00146089307885117,-0.0650862317294628,0.0511872355800361,0.0688520280533891,0.0871174446986835,0.0342121187760642,-0.0528893379674169,-0.0149606420210336,-0.00943791857673881,0.101651289025588,1,0.432576877734922,0.151132092547087,0.228142615414479,0.374574697922932,0.286535317245877,0.416477094775933,0.366642491463349,0.386522110663494,0.296931903491772,0.162667291269424,0.0978938078547618,0.225329851293515,0.314117385394709,0.183029025170886,0.0630599618954675,-0.163238938700917,-0.122426527901688,-0.0122785304872111,-0.011526983513082,0.237503972062204,0.117070061539824,0.217919119126846,0.254202606523006,0.0248348361076056,0.0954042834227539,0.198972655345295,0.049299794465982,0.015240294142665,-0.0144240437841462,0.119956849596947,0.0497164734659372,-0.04463301717717,-0.00144895077972809,-0.0703183463148195,-0.0773977818223356,0.0742634482292612,0.0254726024379047,0.07412815986137,-0.0433615771263306,0.0418930556749576,-0.00709147620239339,-0.0511728069903611,-0.0233175189970713,-0.137222896150512,-0.0143288614613089,-0.0977742973773001,-0.173859188405599,0.0905130252687514,0.0625152568522682,-0.0145098563605745,-0.044304222057151,0.0433920356259058,0.0733634909256224,0.177276667840943,0.234232251499721,0.0379684572048776,-0.136169583407753,-0.115496295654331,-0.107401406434186,-0.0600233273581331,-0.160865171924976,-0.116776590140215,-0.0420668326172985,0.0262468768107296,-0.0282825878749466,0.228973151696924,0.103787660584506,-0.00348960250716457,0.0131531801706957,0.0943157555844193,-0.00613317036493339,0.137000146638743,0.0219834774437314,0.214191758277004,0.146541727758395,0.216083815665916,0.141814219767909,0.0371080207867457,-0.143764951054809,0.0663628653226528,0.00764664479776076,0.176124155647633,0.132820467662205,0.0835880301030274,0.151698790117505,0.0654397864113721,0.219706093444165,0.249993867491425,0.339682622489299,0.277006610743412,0.120702457136622,0.00333897944599337,0.111523870174382,0.108212145306515,-0.0173964355306853,0.120941116201846,0.0339697762395499,0.25163743013456,-0.185538152228976
-0.0923716808302022,-0.0756471871654602,0.0863597529013903,-0.0382727767767176,-0.175149454570272,-0.149015683125923,-0.141421786481016,-0.284432701767489,-0.109044934711011,-0.0285971998294669,0.128923503091367,0.0558819675792175,-0.0141493550540165,0.00214146492910716,-0.129673470004084,-0.118068109157994,0.432576877734922,1,0.117855866114366,0.258516409614831,0.395201034116364,0.373821755730518,0.290022769565841,0.483281810905014,0.310472009427471,0.325167576249341,0.192755758915085,0.142147002520682,0.285206365462302,0.329112462058526,0.00500928073809002,-0.0321922207857351,-0.140973441646524,-0.0817025689716182,0.0890521943086619,0.0948347565862693,0.252616620097274,0.21187388152692,0.167890297590692,0.276379138714025,0.104695322100106,0.152854449606801,0.120652484391362,-0.0262379546009022,-0.0010641196997919,-0.090587086474424,0.0396473768910856,-0.0138794151145837,-0.142760203730217,-0.0633548229611163,-0.172968312964612,-0.171163441373427,-0.0769897205532427,0.0192037578957825,0.0217586296388314,-0.0309373814352085,-0.0307315506157883,-0.104310854018426,-0.111393728559025,-0.186353071938168,-0.225123879681151,-0.182083256002864,-0.127258841764644,-0.193144251010332,0.119889376014799,0.00996922906694245,-0.0128677563082177,-0.0929560750963706,-0.0552772493361159,-0.0390288354388954,0.364540401089466,0.320777922085711,0.0579163929040026,-0.0102984593840506,-0.125396430250391,0.0424566299230228,-0.0239130163821823,-0.0302975760774482,-0.11345346457128,0.000917380214901539,0.013461590769073,-0.0434927872533726,0.130985985842643,0.223105099963068,0.140051025336435,0.108104568006209,0.161217647821208,0.0428545565356637,0.120396533545367,-0.00271430054282581,0.192751484449694,0.167274531847168,0.078133252205825,0.183910604844548,-0.0299136919231321,0.0770737428100186,0.0408013595167851,-0.0715456132014575,0.0287341652522934,0.077653194011306,0.0471196613324288,0.10827878158422,0.0355151124361356,0.233668977103204,0.121244009143963,0.145393133249332,0.159024337107081,0.0488329108872592,-0.07500878762734,-0.00249205200326311,0.193707628733383,-0.0180582749893934,-0.106223125911552,0.0603964490405167,0.125172965055315,0.0713980281899892
