1,0.521848414297743,0.426141827117569,0.264527550421139,0.399181945834242,0.362798899377092,0.314014974929736,0.335600570465849,0.192703042851504,0.153063271164882,0.139224628430367,-0.0533678450945742,0.190147474831553,0.242900748962212,0.574876208569682,0.493849299332051,-0.0469341277457071,-0.136378202319501,0.276403677027834,0.166983908541059,-0.222482016474212,-0.222274043825611,0.0563651462719548,0.0779011309277625,0.193979517650947,-0.0823931315243345,-0.0131190779777735,-0.038067489212838,0.118021775895481,0.0241805243627192,-0.0158216170222554,-0.116184461095252,0.0480514927013047,-0.0438055313433439,0.485715794589863,0.358114241132943,-0.0497090519827961,-0.234858445905479,-0.17385740000575,-0.207804862826656,0.0673044095302565,0.13065489686907,-0.128316002349498,-0.142141757351206,0.105574687088927,0.116995010000609,0.0266642270071483,-0.144600265674497,0.166341204999408,0.0967339159730433,0.0328188850179734,0.114442731426616,0.25735341738458,0.21860445415276,0.0802297598173343,-0.138174003797366,0.609593591484313,0.481253970920269,0.352115889443153,0.159532519048304,0.342942384191676,0.226691591726276,0.159204280752379,0.31963339234463,0.0219683509475247,-0.013826503522779,-0.0575187532422907,-0.00485422790013297,0.355443480338954,0.231184750426189,-0.286269217197288,-0.0523913023852131,0.0515687845281413,-0.0706178251207521,-0.00489201108713332,0.0889179039585688,-0.246340916535854,-0.162285641145782,0.0766312801744518,0.091454066748492,0.107602115055533,0.203890911111134,0.0846806387090958,0.138855612728232,0.198562007021974,0.0477376597749372,-0.0464285039043564,-0.0338917125464119,0.228850717564727,-0.112582288911917,0.119035117973337,-0.197629258271647,0.111538263025737,-0.00827307552511044,0.0737236387287739,0.0443736373009995,-0.0329751459959665,-0.170482930646816,0.179245803126556,-0.0781705091227538,0.073831880233632,-0.00311668804954314,0.0288575552064272,0.00723393223510086,0.0712773065707065,0.160583942711703,-0.0733381752827653,0.0066416126257269,0.0399027342790989,-0.0567687632727947,-0.240734557253642,-0.137112398310985,-0.09138691390273,0.184236708898459,0.184497134051864,0.231174241096346
0.521848414297743,1,0.155282221284225,0.174141083942543,0.0562925942699526,0.391362444434777,0.0162822529923959,0.26187249988481,-0.0395470256518758,0.222792473898619,-0.00349066001181797,0.0142653964906308,0.00947444946295582,0.265095080381904,0.359223737519404,0.642024068104896,0.0498285648243373,-0.00813108405755512,0.0269939940825776,0.0131868795394677,-0.325623446520451,-0.222870215924405,0.0022143974424635,-0.00487250211160144,0.158680770759281,-0.0859305140240993,-0.0971693349071333,0.0294509646062521,0.0939160986436017,0.253028589538569,-0.0236387335676337,-0.163397201646316,0.0909607778822824,-0.0610153653237096,0.406077971754599,0.345447659357426,-0.0643421927234485,-0.240199900121577,0.0875071263471036,0.0321918781643116,0.130772513442332,0.207508425090414,-0.200950560784934,-0.162272361582776,0.178454701442161,0.273920063114167,0.0348324341196092,-0.0884262172224661,0.291111816259968,0.16004552628349,0.200309572449765,0.145080253757792,0.261312010423849,0.328431823432953,0.187342750606714,0.105671956273659,0.513669038104348,0.780351251214515,0.239531604350591,0.334650173425642,0.167843544801911,0.336305298434458,0.18888383061209,0.397567288365788,-0.0821793416156537,0.00541178596529994,-0.0673761828746076,0.0611795434828683,0.442023447623012,0.324592004768863,-0.16968663253187,-0.0365682202835363,0.0838057669027591,0.0330308267917889,0.154268415010817,0.107809352021461,-0.108285345009577,-0.0794830259366255,0.058715228282754,0.0475666018733788,0.215885333697152,0.195759108730326,0.172643852970586,0.225874016811263,0.229249488256458,0.262189231485128,0.0920806344773247,0.153379512278696,0.237234709429411,-0.0946500466862331,0.168188398712838,-0.356664600914276,0.0711208281187655,-0.177991254589889,0.194168210241413,-0.0122004327640585,0.126625396294396,-0.201257486588319,0.229301628910229,-0.234555958066971,0.0582697964186865,-0.146644107119039,0.124822255290159,-0.0645085627363472,0.120701851754443,0.0984337227910795,0.0906903997313341,0.0353906387466443,0.221841399663248,0.00526103619089056,-0.237922559077516,-0.163350725219085,-0.203753655866918,0.224552620678512,0.118761401663577,0.335130118867465
0.426141827117569,0.155282221284225,1,0.765307607981739,0.578381635674288,0.43868811073762,0.345816353121071,0.476063274102694,0.311225374565472,0.221383230838841,0.224208742182594,0.102150653356277,-0.178798659653911,0.193633653277712,0.433653973579753,0.223879473794599,-0.028451225810804,-0.0879273720182586,0.786428304232886,0.729078906285154,0.100530538869606,0.110583230189063,-0.084924457826794,-0.040825140780991,-0.0568527530223901,-0.205037099175163,0.0285533980560678,-0.0437109242009311,0.0152736831745881,-0.0139598858571446,0.0317907296042823,0.0250911610617806,-0.109984292494689,0.103541540989144,0.395919111388586,0.228394587310523,-0.0179889407604333,-0.132409478608687,-0.11382579563881,-0.153981752019344,-0.0562308663096505,-0.100520096767872,-0.063391450747283,-0.0288262838678615,0.0958086903307223,0.0183220812204341,0.0326131042104985,-0.0203265417889877,0.0726135183138102,0.153818594566848,-0.0527738605105376,0.127824066863887,-0.124897683419708,-0.0953481873689307,-0.0329115491343748,-0.169768449076562,0.210076060133113,0.196774527364675,0.274024842498871,0.129523248747124,0.338116717353944,0.360154759407571,-0.225157057611017,0.197460257895368,0.0747800639324894,0.25012145562863,-0.0207671168178324,0.00178454206824972,0.180908172961205,-0.0443218381283363,0.0159707122243157,0.197818460698662,-0.0848287161246593,-0.077976340512251,0.0364861640262462,0.0826067251500178,-0.345691191723532,-0.229831938383075,-0.0256053758726413,0.335642742152039,-0.0733954943611793,0.263768444832289,-0.137817242558919,-0.0214087160261907,-0.0431112670402283,0.113533357877193,-0.255074190522246,-0.089519683910349,0.0956323645640677,-0.070807229939411,0.134842226281136,-0.0376558399013907,0.139479457443689,0.0599542247530463,0.0324310771625583,-0.0621240567769867,0.106225296312245,-0.178872179297242,0.225677126935898,-0.067772788818479,0.0535426606996543,-0.0741048423857462,0.0448264531298765,-0.162200564428105,-0.118798678069371,-0.085348227694115,-0.0417351603908112,0.0832761081458088,0.151182046568688,0.146446267868229,0.0325193319044453,0.0296639853354413,-0.12353553154503,-0.0400251272834688,-0.102856073705365,0.0428722993016147
0.264527550421139,0.174141083942543,0.765307607981739,1,0.353131883201768,0.585771486465889,0.271189582189452,0.53147755567036,0.139458297254832,0.246994035404281,-0.0394446610584948,0.158585941036239,-0.201441729715382,0.28579750502108,0.184254205997598,0.0961925233085746,0.0719556248160375,0.0847654759025453,0.695895238295689,0.824196379717924,0.0762678148457074,0.153567474844292,-0.125075829665445,-0.04920211550246,-0.0998620486101475,-0.150076722848806,-0.0772216556274447,0.0118733902190527,-0.0810799316530804,0.000815140469425087,-0.012149975285594,0.12313260110232,-0.120415557371562,0.275203124554213,0.310259776018732,0.324671648495197,-0.0742091834969632,-0.0547445341699537,0.0231234984159625,0.0466153173452167,-0.155148230392084,-0.150630848911684,-0.0521549530964377,-0.00754559465683352,0.156200325454183,0.0537953151458601,0.0428473201009836,0.0129033565130818,0.126345639937051,0.192141329144556,0.0329859251380279,0.126227621971133,-0.0530639869628716,-0.117792426428476,0.0120824544973758,-0.0664511343938874,0.173400380374026,0.265790555294617,0.267613605846858,0.302045795135088,0.378227855380893,0.566657899636459,-0.17344300457119,0.335855098320418,0.0468681237197907,0.484821387268348,0.0127847402948746,0.15737492136643,0.123872171541194,-0.0348090646130208,0.155223860044039,0.235742192377244,-0.111886073028217,0.0231137529166382,0.0630343007189724,0.110701011268804,-0.323281522315266,-0.142164006360496,-0.0791122411901666,0.481424819865991,0.0581944363078563,0.349366679337162,-0.199170618910548,0.0353146023838513,-0.160541195367168,0.162798610311715,-0.20850970590668,-0.0352261080278267,0.0342180069378493,-0.0151751477895052,0.15640751999562,-0.0835134082797926,0.145007284782813,-0.111178833578846,0.0658672736978777,-0.0304118469012456,0.211796775281505,-0.136585749375515,0.265657950623863,-0.0290758496856219,0.109766571960818,-0.131830289471835,0.122723658082061,-0.148699223112669,-0.0495376372707417,-0.15096322455747,-0.0756051926949493,0.0859742293953775,0.144499944139762,0.207846544162494,0.0919494371938092,0.183565496606419,-0.0787390580034392,-0.0204880756011149,-0.138003395464324,0.077384124500469
0.399181945834242,0.0562925942699526,0.578381635674288,0.353131883201768,1,0.531621477070549,0.4158268482922,0.408776554530854,0.588308616520835,0.316312916100549,0.336440299579852,0.182149445865614,-0.0642246772994054,0.154166349909971,0.323123302561518,0.108290923500176,-0.239557659987036,-0.31363694430231,0.429363072491235,0.324435540067626,-0.0975871297597252,-0.155139518318635,-0.102927399993666,0.00481024442026528,-0.0365656723333321,-0.0394200742235075,0.0679680476653727,0.0956422089425657,-0.0790036113469853,-0.0521422628146857,0.291784279499812,0.185768797260188,0.0278140988636548,0.0100287566342706,0.119646922132468,0.0547060560060708,0.108335696096786,-0.0286946357320957,-0.252160974901437,-0.29624557458786,0.0495473730806029,-0.214313656495329,0.104140359295752,0.16142456501032,0.095630271673435,0.164181155243243,0.240586991075166,0.0597273861028366,0.0491713424528023,0.200474717983224,-0.0918295585588576,0.145027446871039,0.0495382127576431,0.00899053970910784,0.0135825309505224,-0.0416966136071439,-0.0818972666811729,-0.118067268405027,0.10046092163803,-0.0838021705934172,0.256826981029671,0.179120456959664,-0.290464592809475,-0.00610914644291965,0.259486736723804,0.236453360647116,-0.178882210601145,-0.111677343367411,-0.0515000789055884,-0.124413371736986,-0.380798631404521,-0.110386861192236,0.108112477709386,-0.0665674302737908,-0.0807536609823735,0.00925936030279161,-0.283458282786374,-0.158703828498999,-0.0345192990150059,0.0922187932671416,-0.288327428942758,0.00962419637886032,-0.0497896091037479,-0.11792485594872,0.103566447242509,0.0377808582192955,-0.259772370627138,-0.145989160985593,0.23600071290918,0.1745040558202,0.301694526818206,0.305683751770247,0.368241459054889,0.285823309145822,0.00165523732013163,-0.19519745354854,0.0638338873678677,-0.0983547207951571,0.264162188040871,0.00596327855503807,0.2599370745415,0.248801822003423,0.0470885053855441,-0.0632277270894082,0.094784435896973,0.0862297653323303,0.21176706036493,0.119342835128297,0.0558972052506878,-0.126319809641992,-0.0911045504157211,-0.060223076444069,-0.0907050057417963,0.0605955429086124,0.160385388377122,0.0745745421671844
0.362798899377092,0.391362444434777,0.43868811073762,0.585771486465889,0.531621477070549,1,0.387619008602127,0.675742024261272,0.342635098787643,0.535009596438257,-0.0248997904587467,0.344325320297717,-0.0531721532677211,0.30656282540707,0.104439865362238,0.234192639769311,-0.227540289741193,-0.130986486796072,0.265430992870402,0.374122712582552,-0.145889210002694,-0.133088421284261,-0.222686070338516,-0.0855145879844936,-0.0561407475687219,-0.102165379607388,-0.207839475217628,0.212115726152718,-0.234446475623078,0.0261973923985968,0.138915277126091,0.186247571215052,0.0451413454774656,0.267108669999566,0.256821722442974,0.384383133843673,0.0233742871213717,-0.0337534080162206,-0.152693443769542,-0.0694695953952707,-0.026653147890452,-0.132952235919823,-0.0909599222180214,-0.017454787096858,0.229122487044365,0.145921197528934,0.104456522774968,-0.0491600673034895,0.199650808877061,0.26694024810054,0.0688287521410908,0.165131188114903,0.0859709546469949,0.035195792873949,0.094098953267489,0.0590046898684155,0.127169236526398,0.249397600671051,0.138984014131334,0.221398597930208,0.284365615964593,0.473439643100829,-0.109286784568574,0.349588883545612,0.0239912681253369,0.43652654929577,-0.124783793274787,0.152809391189065,-0.0379741187934525,-0.0609258307519595,-0.206185643370126,-0.00743355283065925,0.0241052028789442,0.0799697378944106,0.0996876480068526,0.0833103038110463,-0.229273052220367,-0.0775741958518802,0.0596355498323864,0.273712083704311,-0.0116276261588949,0.115462236018992,-0.099553114395983,0.039781539204306,-0.0918776695838155,0.115937145267674,-0.0275982574429548,0.0882683130119371,0.18993463126792,0.171925182486484,0.318865207613896,-0.000138013952779392,0.282692026226412,-0.120283630804503,0.0998492044655108,-0.121495881259017,0.123886817563397,-0.158653420811138,0.303771120358981,-0.106869846490206,0.292938599002704,-0.0711688043293039,0.112586271394868,-0.238002096650834,0.0614736805334028,-0.0667842148099224,0.221954990858167,0.101723442853015,0.0375924035435518,-0.0987876594499748,-0.10819344899263,-0.0323959007137656,-0.118075876863012,-0.0403880680762184,0.0692916741243162,0.188324888545398
0.314014974929736,0.0162822529923959,0.345816353121071,0.271189582189452,0.4158268482922,0.387619008602127,1,0.537652246061629,0.62440677970297,0.392620519417925,0.302964604285842,0.271381593644544,0.206724824278828,0.388044498438349,0.120278734600526,0.0903776325439513,-0.285100181219086,-0.159214605939526,0.290434043620941,0.144537711185491,-0.149705927196034,-0.038822031558089,-0.158017391909959,-0.0443554220181906,-0.0584023843486296,-0.000269753286512674,-0.121182477096641,0.0557241675090364,0.0680637770556713,0.119740819541926,0.0937666102239559,0.246660266645892,0.351854473834115,0.485344629205656,-0.0309503533674743,0.0105224875066354,-0.128908816459858,-0.270147065058053,-0.223285062003059,-0.0512492396470524,-0.0698645750973249,-0.120689204619577,-0.102419484986148,-0.024551067075873,-0.0347850271428622,-0.0252567640264519,0.0323392790578569,-0.145613347184491,0.0113213104751779,0.041405225459995,-0.10709451733733,0.0963782558136137,-0.159388579579459,-0.0960152764740373,-0.126489930691961,-0.0439254294764937,-0.0784190465320834,0.0101192523469129,0.103606959038784,0.0293550297092627,0.274792586058364,0.160101256816327,0.0726898644801424,0.154409469271737,0.0112145014985929,0.0741126871978804,-0.202563642117849,-0.117425081415605,-0.0450368918750794,-0.049146303557324,0.0389310941363275,0.275546938975688,0.285157436948521,0.29291657352343,0.0898226967573389,-0.0468835131170589,-0.0205667377282973,0.0766578409360818,-0.0154833317341343,0.341399800495886,-0.00609871489591899,0.223767941984176,0.257117409644182,0.24371223100139,-0.00986149435568765,0.0131507215147406,-0.0634038531593371,-0.0369888283986965,-0.054133488531416,-0.0863972627791354,-0.160633004005792,-0.0859446149854913,-0.0925263440149155,-0.0570856092648241,0.0855608111042971,0.0945251574048528,-0.160653669785589,-0.0438892455079223,-0.112228405033977,-0.0266901591523865,-0.0162511216454793,0.0307338596737232,-0.14455169439999,-0.123070953116415,-0.218939775336343,-0.229240893931098,-0.122808564201063,0.134596507382398,0.171320416564792,-0.0705304940192604,-0.0758479456365989,-0.0414872131593307,-0.0509514226697732,-0.0242182585779604,0.00711289242810598,-0.033546171379504
0.335600570465849,0.26187249988481,0.476063274102694,0.53147755567036,0.408776554530854,0.675742024261272,0.537652246061629,1,0.452658652353077,0.708451994460107,0.109321950999339,0.344235100631288,-0.0615651132239472,0.421414481468817,0.117102045795328,0.0881958967043164,-0.170195183034491,-0.0139522206285728,0.425011192546965,0.362330818472719,0.0106264688645896,-0.0691707049369823,-0.182151148079746,0.027730964369211,-0.100891236774272,0.0183506196160901,-0.214270493378987,0.0638562360190992,-0.078908777884361,0.159312541038809,0.0636764427490106,0.212118816264567,0.0270538899618619,0.444337704245192,0.298768144151539,0.305659410801599,-0.0531168654191809,-0.142760935897936,-0.0764962131489578,-0.049840154843266,-0.0890930973511947,-0.119119628593489,-0.0863571720581128,-0.0412486582791919,0.0293486352743448,0.0116267931515502,0.00140386882419255,-0.098501187240089,0.101563996476152,0.164961638081591,-0.0909451740542582,0.0991347165926103,-0.115630086385731,-0.114428451583745,-0.0701749985644417,-0.0270376414614245,0.0430407510629007,0.202314571754691,0.107657215052298,0.173509135994273,0.205758825511705,0.342282234779821,-0.0646823029449007,0.349801226746817,-0.0865776685249163,0.219401529725599,-0.143632520513786,0.0718995416646823,-0.0610374566755863,-0.0475143941647482,0.0523996587932131,0.306957088356866,0.0426367786680472,0.116264196036158,0.107647488675875,-0.0300237993069536,-0.324460278945286,-0.0705168232663211,-0.0167012029178922,0.480184394863355,0.0363221039966433,0.249677731897974,0.0060419840686895,0.110808040427813,-0.127919733561294,0.145413185668918,-0.0504917250397514,-0.0721341074894456,0.0298518545520032,0.103821038723707,0.138187172502834,-0.0949439054238129,0.0494126431002759,-0.146473313353799,0.171599662678738,-0.0145249907717393,0.0795330676563033,-0.063189098823424,0.148019518898019,-0.0661654738841945,-0.0156641958666991,-0.128646468312601,-0.0729730115588722,-0.320675940252331,-0.142388457955818,-0.173318778173827,0.0223877364798007,-0.00623970552716015,0.171197458567357,0.00717122313577599,-0.0685962115587475,0.0216109394462487,-0.095304376072955,-0.13375304120267,-0.0566056322113288,0.0950593327582023
0.192703042851504,-0.0395470256518758,0.311225374565472,0.139458297254832,0.588308616520835,0.342635098787643,0.62440677970297,0.452658652353077,1,0.533123725478337,0.446409146670745,0.462515668863472,0.00952167514006346,0.12864877906281,0.134541479859608,-0.0320555508124064,-0.18472071879788,-0.288411057074619,0.331809025788554,0.114831430533063,0.110784140193538,-0.00777062023283232,-0.0577784767193021,0.108929067037348,-0.0605710224278332,0.0350927128250347,0.00322552613975722,0.248160104430718,0.0954128612215516,0.105569832754914,0.321118837080423,0.265075888380165,0.253750178625443,0.266143008435425,0.035854732061952,-0.0185874974420699,0.155945126082814,-0.0831912329589238,-0.130716769762381,-0.156670350185612,-0.0412216360342012,-0.195114271757955,0.150935276044111,0.12615691408359,0.110902474005627,0.118641152173613,0.108936754335136,-0.0150000197990737,0.0950392980883857,0.0989860957419801,0.0272585472546875,0.179211000088046,-0.120271451243904,-0.0693883259801099,-0.109127627714211,-0.112156323813294,-0.107754245142642,-0.0986974514851181,0.0514500392994425,-0.0783925869585489,0.141481107804277,0.0831282563521566,-0.192831095374801,-0.0243783509819232,0.299437578773832,0.116088110219913,-0.077100493929433,-0.0692374245770888,0.0104741237109781,0.0617655762206586,-0.262997580768775,0.0952470923321525,0.135419311003551,0.0689430237603022,-0.0127306817090996,-0.0175295531866051,-0.102389094345798,0.0435005291882545,-0.0110570683347048,0.172253324805387,-0.167028571908192,0.0631524513780051,0.195495474492761,0.00885957990380569,0.229333665940066,-0.00151677707092571,0.0215928510635277,-0.124949713708687,0.00847554277094453,0.0633519033534582,-0.00752286673154548,0.140521163384395,0.145635166391687,0.249399598217739,0.0347539376629497,-0.0379013866315252,-0.052349183555631,0.0922463800151135,-0.0464036382926534,0.0227512395596556,0.0414259576197441,0.191769144649183,-0.0753746474482815,-0.124794839367902,-0.0698064265085662,-0.0197919383775409,-0.0103614236539757,0.0688970199137679,0.141969955555666,-0.0497347861025016,0.00790531766435315,-0.0891935583377322,-0.0721418169993927,-0.0087605204109153,0.0653944284680065,0.0938775302989331
0.153063271164882,0.222792473898619,0.221383230838841,0.246994035404281,0.316312916100549,0.535009596438257,0.392620519417925,0.708451994460107,0.533123725478337,1,0.190408605787937,0.536816305880414,0.043952235389104,0.275546616760277,0.0416836731586274,0.0790600819888263,-0.0794795888046399,0.036492057945225,0.219829915895155,0.114272938968496,0.121130646869712,-0.0801830410733694,-0.0654709420583947,0.178753035032447,-0.0491263033394369,0.0173991076415059,-0.105251493714237,0.207807837058929,-0.149760650654882,0.236345448718898,0.168378382601591,0.19902973845031,0.109286355563733,0.295650685808807,0.255622405308736,0.232901686339903,-0.0235702709968123,-0.00263425653721185,-0.0834716187826543,-0.0759940525607811,-0.0977870178298535,-0.0988268500788442,-0.0499623895514741,-0.0760482446189069,-0.0573755110773831,-0.0258709687112199,-0.0824090306517396,-0.13093151223814,0.0532601745039089,0.0148820887513444,-0.0605143659463405,0.0777337894951856,-0.0403400897415485,-0.0578942642259458,-0.127938754100288,-0.0682505855978409,0.0332121857682263,0.0954266940228406,-0.0879012505540895,0.0367414901279389,-0.00934649745260195,0.168066966161752,-0.143443795581349,0.201761291711368,-0.0936766678073414,0.082153677039667,-0.0992313807999885,0.0362810065920857,-0.0646147528269879,0.00866796058311963,-0.159843193994406,0.162394566202114,0.0377366509419347,0.0382656652501644,0.155127527108947,0.0122939903788137,-0.177741379915429,-0.0299876987805502,0.00499375853732593,0.29428795657557,0.00510225378812651,0.0607140653942225,-0.025535547157183,-0.0468396552053593,0.0309932886874612,0.174937033613697,-0.0581714512966293,-0.147505489912382,0.0547043654729647,0.040911063458039,0.107051067407714,-0.134290729587578,0.052969130523339,-0.151892609651454,0.0936593282308908,-0.0233986048420376,0.00367203492622605,-0.0379050004607359,0.0713617595684285,-0.163224464364101,0.00213624593466895,-0.192916812407388,-0.0756850471555975,-0.266855921247771,0.0318095380709364,-0.0378584103811658,0.0426810887308959,0.0686395834290947,0.120496016943913,-0.030566355717846,-0.115143766548552,-0.155918533416017,-0.145330845789796,-0.110512708370536,0.0919186386282587,0.0617585236206179
0.139224628430367,-0.00349066001181797,0.224208742182594,-0.0394446610584948,0.336440299579852,-0.0248997904587467,0.302964604285842,0.109321950999339,0.446409146670745,0.190408605787937,1,0.483277361202546,0.220855735364027,0.234822738104025,0.298988175039136,0.164756881631722,-0.236420253818256,-0.33684090098979,0.245800478391321,0.0598094352112398,-0.0757776905417889,0.0476988896702424,-0.164915657428366,-0.152101502589917,-0.0800254768546565,-0.143143871912114,0.011485335949069,-0.059520311989971,0.162786913672719,0.374289470400866,0.268648512219803,0.480724637176095,0.361263647302404,0.335185423432301,-0.0753460596848603,-0.197290648333211,0.0887398198444871,-0.264146553877278,0.0182201089780289,0.0136939138518112,0.12538772868013,-0.0565030183825269,0.0613488808497303,0.151673300400416,0.0993519483642475,0.215828167673808,0.184055708294336,0.0345787026298972,0.113280502125453,0.050378591002211,0.0852306207473743,0.124730982716336,-0.00805627425624133,0.0194406531671911,0.214197734148403,0.0636398431577003,0.0421888192502667,0.00184962746216747,0.0442800370051009,-0.223452358882963,0.133766723609962,-0.0812031822423555,0.137837501542024,0.0167529488565136,0.335955647425045,-0.0162348773974824,0.00126741008509369,-0.316544345216976,0.091223964879117,-0.0954494913707724,0.022881366711735,0.247360963286007,0.210805963476784,0.203825884675788,0.0336857052251907,0.000414988675426379,-0.01624473678865,0.00127509223093809,0.226193517938304,0.129336662259141,0.211373271030397,0.369276573497445,0.458527219045858,0.406391601849904,0.54415613655821,0.362666632364963,0.125063948452417,0.0826772199465968,0.13753203248067,-0.109602940234513,-0.105122045487387,-0.112227166699585,-0.0504448309336825,0.206078296898641,0.0534736005765748,0.068801282094455,0.101776957599737,0.0831977014149271,0.0465062821509955,-0.106850220485301,-0.105500164666567,0.10291056768909,-0.183770688707939,0.0298749638713467,0.00732278054189003,-0.074853887831805,-0.158052145982101,-0.0781360117571376,-0.00557557505006378,0.0709367171747695,0.071567398585524,-0.0599824585417677,-0.162495067654504,-0.102601966663059,-0.127632013343637,-0.0147239185030479
-0.0533678450945742,0.0142653964906308,0.102150653356277,0.158585941036239,0.182149445865614,0.344325320297717,0.271381593644544,0.344235100631288,0.462515668863472,0.536816305880414,0.483277361202547,1,0.118771565316411,0.392869862353864,-0.0254347755623055,0.032424522008991,-0.0648667681102981,-0.175196403921553,0.172943969609625,0.11621729730576,-0.0231788157318609,0.0333377828506027,-0.19687533003922,-0.025009813755313,-0.125380604088456,-0.115172629410948,-0.122891168254455,0.164638665762499,-0.0816668166185276,0.260276728594573,0.226983294140252,0.490310804694666,0.418117871907359,0.541318520666338,0.0308674469136145,0.0600738755315616,0.118799455503704,-0.0401631038362773,-0.000974852705351608,0.0752518040244291,0.0117785944672937,-0.0893902942638536,0.0921436647120405,0.101329811246231,0.187439617889552,0.174716562302787,0.126577157765517,0.00699701937951399,0.0535819326673287,0.100618980254161,0.0879455979791717,0.0968691295455887,-0.0160722874723962,-0.035716525936669,0.0845714825699693,0.0820018664965332,-0.0147194134733635,-0.0342916047140083,-0.0920363550766177,-0.156167839963758,0.0742946223515471,0.0916895783943698,0.0322757139576637,0.197760008278616,0.189993873708384,0.21914860883386,0.0227771110921177,-0.0442972393632298,-0.0932174339945928,-0.026548748074368,-0.0444994987493843,0.165523719200048,0.202497576250967,0.216353036463848,0.127208319886612,0.209528401055702,0.0667925728632602,0.119073280364504,0.278210480465408,0.330946340597012,0.200477747133479,0.272726412886689,0.219323556297909,0.327683025755474,0.221057983615355,0.357536460872471,0.163053227657839,0.113402095135839,-0.0387778995007435,-0.0490830254538615,0.0841682486903472,-0.0425686647709399,0.0910674886377428,-0.0154512141186692,0.166380044420423,0.1104642797992,0.189917320175293,0.135149650994089,0.128985724392642,-0.0884667930156889,0.0589778469408022,-0.0357089973586884,-0.00317806559349772,-0.0899679446485844,0.094633757813854,-0.00639919340883779,0.0116660238975359,0.0143697970696554,-0.0220942981795688,0.107225439509795,0.12079647490825,-0.026289531697022,-0.198006947179473,-0.127244676973828,-0.0937384251754995,0.0402626481751392
0.190147474831553,0.00947444946295582,-0.178798659653911,-0.201441729715382,-0.0642246772994054,-0.0531721532677211,0.206724824278828,-0.0615651132239472,0.00952167514006346,0.043952235389104,0.220855735364027,0.118771565316411,1,0.307544387021392,0.0348393858153051,0.0667890150821154,-0.240060272714331,-0.162881177264451,-0.164502246317241,-0.13396876534495,-0.138160183403541,-0.00841380696557002,-0.115752679615899,-0.253032355512404,-0.00652753967550775,-0.0905725525648254,-0.183135312593919,-0.064639179331108,0.0401740241932494,0.188158086980369,-0.0244448107602012,0.0989660267574862,0.441301798030135,0.220527075739066,-0.101528406459033,-0.0131096525170335,0.0535021626519508,-0.0704194101233421,-0.0589245769808515,-0.0549996268248344,0.104012160108935,0.0474174789054195,0.079625715557881,0.148117601668419,-0.058964718323022,0.041380791047024,0.0824358127739802,-0.103909665936241,0.0113684025112931,-0.0676872125582483,-0.0211758973701539,0.0975482595186408,0.151783290707035,0.00263726152031159,0.213088942713858,-0.0503606420265783,0.151737946755142,0.0369353831955067,-0.0741359120410055,-0.143923344757811,0.0281145646888876,-0.189311710237396,0.269005441638231,0.00435369075238966,0.0890957443911052,-0.129555415620731,-0.044801495011669,-0.178211785501862,-0.0247846595665634,0.00504703759249275,0.0185026328170954,0.150466020352788,0.238407575762801,0.293486085375229,-0.175217163123331,-0.118901345575631,0.160573729266569,0.0645864617967916,0.289606855264958,0.0566467315466603,0.204208597959846,0.110739289180172,0.221165001473249,0.187053715529647,0.142240256925573,0.00466081584644116,0.0583161287566843,-0.103360520500669,0.125792501920918,-0.214747368599316,-0.18097117600953,-0.133188345847545,-0.12126485180404,-0.0836414706841547,0.0734666473564065,0.182951719620451,-0.144206084327398,-0.0597865788405582,-0.0556404059675854,-0.133187936493992,0.0421859612329793,-0.0215074714651734,-0.00529555378972,0.10876876230158,0.171086695325849,-0.0291721849006625,0.0508253156493321,-0.0326205255812591,-0.0395921303200323,-0.149011341391542,-0.150375705412697,-0.151461852396545,-0.0281264814912452,-0.0538076561421035,0.0877961359050296,0.0319189607982574
0.242900748962212,0.265095080381904,0.193633653277712,0.28579750502108,0.154166349909971,0.30656282540707,0.388044498438349,0.421414481468817,0.12864877906281,0.275546616760277,0.234822738104025,0.392869862353864,0.307544387021392,1,0.0276290028067113,0.214245071709323,-0.105021419006669,-0.0792306685848258,0.218723608737152,0.220759465663682,-0.135603589335597,0.0517104073476372,-0.125019263107691,-0.107116275791712,-0.0639895013324873,0.00870105279349351,-0.254956666679901,-0.117126873506241,0.0338487724855113,0.29614457376091,-0.0335394701408098,0.235980244158074,0.399189828584018,0.540262957124565,0.16485901545851,0.186014611826578,-0.0302626759968427,-0.162947655602142,0.0935387965483576,0.122473272812405,0.0364329662590852,0.0501463490283708,0.0385028192790257,0.160998218297732,0.266961133431224,0.326234063855713,0.232477872356098,0.0492996542084944,0.195126099452019,0.185755026978208,0.0909339163247932,0.156858742552142,0.0267517845898469,0.0499312698838761,0.263981095192889,0.12341685287127,0.169193988889505,0.264411237081447,-0.0428843630238037,-0.0875917043525104,0.261565086804434,0.19796656026339,0.300927156453744,0.398160349148356,0.095465601885274,0.20567343391151,0.00430403663159615,-0.0345413946113256,-0.00674240321375487,0.0707690037153707,0.167848316682506,0.266990620362717,0.242016488054367,0.394602264823224,0.0912382027227478,-0.0854957802559016,-0.00905888980232851,0.114432821159486,0.305117933250223,0.588656065410456,0.406740387857196,0.583104699652634,0.23433448150933,0.473140306963611,0.129235344733553,0.410216057515957,-0.00806464686046624,0.0688628012342334,0.0156141269599438,-0.190893152868359,0.0457239668364473,-0.219808702048492,0.0246468313573498,-0.102053459539514,0.151849134675496,0.0642920997085953,0.207154272620931,-0.0158250935994596,0.136075358537494,-0.206607416318114,0.0503906027152031,-0.0463965196073473,0.0315752569385883,0.0269064789755124,0.0533726881353919,-0.0652734762797957,-0.0122682600269448,0.0451525429608325,0.0930797580500417,0.0717487908183343,-0.05351634196403,-0.00529543892310551,-0.127699862001597,0.118942538975105,0.0136833342900458,0.0197311546435807
0.574876208569682,0.359223737519404,0.433653973579753,0.184254205997598,0.323123302561518,0.104439865362238,0.120278734600526,0.117102045795328,0.134541479859608,0.0416836731586274,0.298988175039136,-0.0254347755623055,0.0348393858153051,0.0276290028067113,1,0.639931989106334,-0.0981603291231244,-0.158767133082234,0.345376849709901,0.288113198185485,-0.243316772508115,-0.23824401659624,-0.105805791632084,-0.0293848511368859,-0.0681064189216646,-0.104902464393872,0.0933084408936014,-0.140150076527,0.0602843835261826,0.0445385210034049,-0.127018262326804,-0.0154496886695607,0.0310656935573477,-0.198368562863523,0.274536118358711,0.0737236454926227,-0.118761322272873,-0.335922373768847,-0.234534992623148,-0.272783668870387,0.0158122187806317,0.00974158216882189,-0.232440590486767,-0.170777202253225,-0.0295322233062853,0.0473131562033385,-0.0672367479006663,-0.219668160852327,-0.0527925642322969,-0.0778447404977586,-0.159998709044966,0.0182952543529145,-0.00649946757251831,0.0495258139657199,-0.0271581215657374,-0.292097585082693,0.350675402268678,0.352668474879901,0.235578741714162,0.0549946554805562,0.152773225356786,0.218285167310913,0.0645875637259884,0.11931589675049,0.0919770729256762,-0.0662967303900498,-0.104160145121331,-0.186162132830453,0.535727191456198,0.229934052966596,-0.111065204141668,-0.0179814070404157,0.0563966932826506,-0.0441607906324666,0.0133592271370599,0.0353105992177696,-0.256712699185078,-0.18255122495012,-0.0573704994542264,-0.00892508890731896,-0.110225264161106,0.0451020798839167,0.101003219720748,0.01845183237516,0.249559369738802,0.1002576047609,-0.147111194015296,-0.116174683367207,0.103172917621751,-0.115530264166794,0.0881657613542527,-0.179385794056778,0.137330512419461,0.0974737949270158,0.0990630745646554,-0.121178957538645,-0.0767147578793678,-0.207820853476932,0.168410125956364,-0.115509764934752,0.142905125157822,-0.0430296694691953,-0.015064743384345,0.00972556947042251,-0.0605286850503579,0.0389599961528165,-0.0625312893196257,0.140695088880783,0.161663074938717,-0.0312212858969979,-0.185929801014654,-0.214706675691554,-0.215029291498236,0.109336794212999,0.0388474658346001,0.124700551907119
0.493849299332051,0.642024068104896,0.223879473794599,0.0961925233085746,0.108290923500176,0.234192639769311,0.0903776325439513,0.0881958967043164,-0.0320555508124064,0.0790600819888263,0.164756881631722,0.032424522008991,0.0667890150821154,0.214245071709323,0.639931989106334,1,-0.138617571811557,-0.138098925078511,0.0227897900480322,0.0532765958621738,-0.340968812929261,-0.201432934711619,-0.117122004436953,-0.149696647892289,-0.0209079188659928,-0.14594962540299,-0.00479316167970104,-0.143613805569776,-0.00472193699410082,0.179471573886114,-0.155685886208119,-0.0633145294565087,0.208905456527762,-0.0728915799850905,0.36554959702197,0.295070781506487,-0.120667259256912,-0.302734470413804,-0.222786711783047,-0.0622002158653977,0.0813722213166096,0.169103065212241,-0.288762287510578,-0.22407279215025,0.151965001449763,0.204129407570939,-0.0882871415881416,-0.226853773433278,0.170498186949875,0.0709036618579114,0.0872193123349121,0.137601482138916,0.0875331050947145,0.311326675666793,0.136201353064887,-0.0883228298398396,0.512002997793819,0.563436933361172,0.225150905186765,0.166158457519545,0.209821593868859,0.244207150823834,0.311490930802091,0.364811533973438,-0.0504036167778827,-0.0146417649526689,-0.00586592433584251,0.00914071652204743,0.583619221844674,0.409809481948758,-0.0916058626789235,-0.0504065329241535,-0.0217872387134238,0.0759824547459453,0.0916728257334497,-0.0395851589734405,-0.0698944572801049,-0.133255780828562,0.0301285233383939,-0.0346628562373261,0.191860261073713,0.201820881855057,0.175586010835784,0.204686489670815,0.2816199320022,0.361654449128048,-0.0211671090751079,0.0303642200509106,0.253062776616154,-0.0842718254065039,0.214968192811938,-0.279508669341649,0.156827902849606,-0.0841541617389147,0.154141882373919,-0.0611424816917202,0.00626335490859256,-0.248526691987756,0.18481626413531,-0.246115328997554,0.199321604389035,-0.0794221983299351,0.085245577840239,0.0704673488437256,0.0733896197699637,0.0155302328295942,0.0480805683031333,0.151558240122692,0.168740111515031,-0.069049768419579,-0.339263540800445,-0.261236504071609,-0.181071501780847,0.197302418341417,0.0925804755931197,0.213226604511638
-0.0469341277457071,0.0498285648243373,-0.028451225810804,0.0719556248160375,-0.239557659987036,-0.227540289741193,-0.285100181219086,-0.170195183034491,-0.18472071879788,-0.0794795888046399,-0.236420253818256,-0.0648667681102981,-0.240060272714331,-0.105021419006669,-0.0981603291231244,-0.138617571811557,1,0.396172056537232,0.125060412062291,0.0420195241619249,0.278831023440676,0.170202333266995,0.522234417065961,0.42192518350584,0.375916222975058,0.110196670186823,0.158416869221769,0.114922297344305,0.311181416950748,-0.0742199175493116,-0.224245044041261,-0.265328398627357,-0.21339429425472,-0.158332381746123,0.253526657113528,0.244339391564379,0.0436434912940702,0.271699424389586,0.346284516568346,0.131849022890136,0.0581276666785458,0.0634036190148746,0.145403131632916,-0.011212379888979,0.0707349878931736,0.0828475407772199,0.063975257376563,0.131743680815816,0.0706317062812026,0.0345724800927016,0.262262805190109,0.0117744049167766,0.208293399389085,0.0800602003627364,0.0767314177847872,0.0194297243967549,0.0966986691140854,0.124718641591362,-0.0116534340400796,0.0223677372774829,-0.0563322249881963,-0.0344047796416208,-0.0731842773664,0.0486657153510262,-0.108793007040103,0.0399223525566937,0.318639446401452,0.273002382171986,0.0595030554748931,0.204297894443903,0.0663562099659827,0.0319028084883325,0.0498898067022492,0.0100594890097251,0.034654515685709,0.167650377588441,-0.0809448601962924,-0.0971246647244812,-0.0382338703505394,-0.0578812882300194,0.0829927844011628,-0.0287131858211997,-0.12518363870323,-0.0188000406595313,0.127069467314039,0.0957192511416042,0.0900275681848855,-0.000672362504459559,-0.112438945996808,-0.132719569124114,-0.0966937451474942,-0.16204807218195,-0.109152039006107,-0.0919540821770247,-0.0561716172221816,0.112545914883517,0.0687195699843285,0.0614105369836309,-0.0107020455460855,0.0528504046992081,-0.169537286612141,-0.0902451820406278,0.029910790183078,-0.0544835848867876,0.0804769678291629,0.238042813359783,-0.134955847376388,-0.00277388893751334,-0.0198311155678647,0.194829929507595,0.0792523326715229,0.106811206958347,0.0564106789321077,0.229863172536838,0.0673090705805933,0.0906148027606781
-0.136378202319501,-0.00813108405755512,-0.0879273720182586,0.0847654759025453,-0.31363694430231,-0.130986486796072,-0.159214605939526,-0.0139522206285728,-0.288411057074619,0.036492057945225,-0.33684090098979,-0.175196403921553,-0.162881177264451,-0.0792306685848258,-0.158767133082234,-0.138098925078511,0.396172056537232,1,0.0727890025928554,0.0246705210423348,0.306613032966297,0.0916237342752002,0.203635966949515,0.262413485374378,0.0497785794456533,0.116791195653648,0.0190316550194809,-0.0569175855277832,-0.044932047624382,-0.0759005233741443,-0.171908249112812,-0.287698753883097,-0.171959841084283,-0.0817109576848769,0.0867530584705257,0.115756891333047,-0.146419022472583,0.16910555900978,0.225803777330718,0.0984496205470078,0.0334461413211208,0.0774579580776864,0.0724752088420297,-0.00974941754830213,-0.078546070703859,-0.118484722967456,-0.0813740421189635,0.020890980281597,-0.132273616528805,-0.097481599116167,0.0222781873400238,-0.0552114407511524,0.000541663509518504,-0.0526288769860689,-0.0945666472507188,0.0687220832964654,-0.0314696917927596,0.0200264574310241,-0.112298413108449,0.0618800074720425,-0.17911062882219,-0.0974656787035285,-0.0234101122554144,0.00745277287643591,-0.218008057030817,-0.0795305933809122,0.228991526164576,0.20222613615423,0.0213603257373983,0.0303488615334886,0.227325273637184,0.15479668745192,-0.0861093972844387,-0.0588044005396276,0.24508042263651,-0.0622456880768545,0.0173996504819396,-0.0553655770152955,-0.149323480759306,0.0171466209991132,0.0794624166918661,-0.0278318201378322,-0.253289375259839,-0.130130888884214,-0.0314979995574375,0.0116871324481168,-0.0461357064671537,-0.0480906227900576,-0.211008746007402,0.0144428626154282,-0.100563125847252,-0.203241925403412,-0.230148682248645,-0.14424207721399,0.0919341920823702,0.0340419478339721,0.0276464524735892,0.0217306761416771,-0.0627557168143547,0.0381037059093576,-0.235080051736623,-0.166933390999405,-0.0966066893182982,-0.127577799327649,-0.0240831684080296,0.11589486294588,-0.179603196591693,0.0487667219544956,0.0238782777882707,0.14797620315386,0.0783193614278041,0.0751479840819149,0.11478585438125,-0.0333468670977429,-0.00379515050192097,-0.0620573117214605
