1,0.673948097464496,0.0938239239395808,0.0145867153103501,-0.0556126303223334,0.110076541261682,0.26992408503243,0.297611450686149,0.276981040429292,0.208387629403151,0.166318374076676,0.0257716516397719,0.357989313644402,0.351941081160584,0.496383142555009,0.435790008784615,0.0114330834940374,-0.0806391030151296,-0.089531557853159,-0.0792518759915506,-0.181821250289003,-0.11805463457073,-0.0616830214230465,0.0446256896536681,-0.0167719916933271,-0.106668910501302,-0.0205890660516266,-0.14689089664681,0.184346323836106,-0.0886043671451297,0.120843246014348,0.0278782013363418,0.194936410953075,0.0785860142798231,0.324182628634623,0.332245203215196,-0.125275592755905,-0.167158789794184,0.00202024631832748,-0.0551096305647246,0.0218338033830374,0.150193048188057,-0.022737695845723,-0.135662288618375,0.0921785560276128,-0.0354491068351971,0.0536206655523102,-0.0477943221249635,0.173041516312686,0.211459885049606,-0.0454520941721024,0.224475959489756,-0.202234271000238,-0.0692577140499456,-0.0201484172371441,-0.0845094925775745,0.711455615558091,0.453907685605303,0.0920781517947041,0.0822355471939082,0.170330423132846,0.0249569800017448,0.235025106370543,0.10108024043255,-0.132768288596622,-0.241769412024421,-0.00405459235097188,-0.105717527726206,0.095229082199559,-0.0547256161351464,0.0178442948189841,0.0239495484645674,0.175529473775737,-0.0117823486588659,0.0636627924586366,-0.0293118619021784,-0.0170019762829805,0.0681548535419435,0.0150926196580098,0.0897794454416606,0.275364343945068,0.117195096120439,0.190583942933853,0.158118880558446,0.095195360036354,0.13491374982174,-0.147090089850266,-0.117085097578466,0.0186483379551572,0.145563281046539,-0.123777466570396,-0.0681526177168555,-0.166786903227395,-0.282395580742675,0.0536603581206228,0.213204027723846,-0.066165726119824,0.174342919293299,0.0183069495658547,0.0469349266775947,-0.127213553854657,-0.18781066764614,0.162900687675405,0.0757669755148041,0.17251063463579,0.177033193366,0.13391544013134,-0.0519464620172617,0.0440136846773252,-0.108228772913806,-0.0824714486894322,-0.0386706401131223,-0.182156005777012,0.0134181142248181,-0.204601361967723,-0.035842352834669
0.673948097464497,1,0.0695136657811777,0.0348148614671979,-0.105011264352181,0.319843646150202,0.184405937651352,0.393764502740694,0.226434237817872,0.282329750772252,0.206300857379356,0.19984677493817,0.213778158164679,0.33077435831597,0.434504830154717,0.442721272597114,-0.122068469058817,-0.150848366538026,0.0588602334385513,0.00955658622617294,-0.160821713620325,-0.204179664506111,-0.196060708865066,-0.0371826668842739,-0.183493444653429,-0.157996421012041,-0.189410251673187,-0.0591445764146813,0.0618803248822421,-0.146934635230154,0.0846049543552707,-0.0528594828528097,-0.014870356349198,0.0407575653062074,0.348497726073648,0.382465836245494,-0.114854657305805,-0.20590984883005,0.152041890104657,0.0888611278767673,-0.0780873484412088,0.105294318199147,0.117347676962566,0.0174341390823261,0.180449028117399,0.0893658675318458,0.101086509048089,0.036638513237709,0.156888080027748,0.23933913679113,0.044871498231025,0.224209259741685,-0.0440718003907134,-0.0792790101322238,0.00186210023418042,-0.080006583298888,0.661066421172856,0.469323809916005,0.18653944340258,0.290276723454311,0.280114691455166,0.206262321638001,0.0533406797487208,0.0407652719401138,-0.0225778999378568,-0.0478676674899306,0.10351010119754,0.042985888340503,0.128925581083813,-0.0580879439802851,-0.020675332259043,-0.118836754780258,0.149054507550925,0.098603346312292,0.200517530125627,0.0665115712765154,0.0798778907636741,0.0955618247798697,0.0989539578951481,0.0471558808273925,0.156604328915426,-0.0782641991197455,-0.0317679236263682,-0.00396019224977007,0.0448650815481324,0.0246988465650772,-0.151819446535366,-0.111459486278709,0.103179843814826,-0.0199713956784892,-0.194095010051481,-0.102480302982722,-0.125586222579366,-0.292817546948365,0.153916982608105,0.283036242997935,0.178204862290691,0.244942140978286,0.0219744367372759,-0.00254929050940361,-0.109216979674833,-0.10162128878864,0.170642130336943,0.126390174386996,0.264049128841818,0.217772577366862,0.101470986954102,-0.0682919542851596,0.0809614997260875,-0.0164700387563555,0.0419380771502715,0.0296374091628464,-0.25140588513793,0.105713715173332,-0.0404533540611385,-0.0388025740657154
0.0938239239395808,0.0695136657811777,1,-0.066100574600617,0.524591635377137,-0.0571226347261572,-0.174078562133514,-0.204166066373143,0.149000005285978,-0.0882972185375245,0.294927666937913,-0.0242761038478566,-0.254919059724517,-0.197955969089614,0.0590375282355227,0.0308585633277385,0.20109487829724,-0.0331632941299118,0.591155811591308,0.464313013068745,0.340411215327255,0.0916563325511118,0.0520391566520433,0.0898342076586838,-0.0695550942556419,-0.142311341200165,0.437573331238845,-0.040055172216448,0.47292996416537,0.0692713655105771,0.226788821929429,-0.0169647261519537,-0.157747917029822,-0.246768452483292,0.0482166507385615,-0.089177709733339,0.165724550333542,0.130140422573199,0.00539753960051554,-0.139194688355004,0.229701804300191,-0.147964625130592,0.367796671304377,0.355615511953095,0.00499227544288841,0.140896511262334,0.147939320680774,0.145887511351693,0.154521702656637,0.0946486496636614,0.054531795929487,0.0589708210868182,0.0685778101008593,0.0456432818556695,0.0708526207076871,-0.175844174265539,-0.0902006540736266,-0.130140308538148,0.0806754636974756,-0.351911665118357,0.318405272256886,-0.166031316027468,-0.155155316819123,-0.28328375511004,0.516014904346311,-0.115140960345178,0.249831122108836,-0.181668628975705,-0.197165407247191,0.0261696731663393,0.0487384887561015,0.22741083447147,0.125061678409264,-0.0185433490500129,0.114680958220524,-0.017134470439806,0.233796407444814,0.0141374028514812,-0.0942182758909598,-0.120785925107044,-0.236628431146869,0.017104200674934,0.173068931990673,-0.115440969090985,0.216554340363817,0.0207798351117116,0.218549648214815,-0.0685329776161338,0.215187717073424,-0.22709482920329,0.175830994980269,0.291524231834801,0.176130717915066,0.509219835229102,0.0879570944068707,-0.0283258453128733,-0.0202157152885021,-0.0935772164311789,-0.105705883485237,0.0379847755176867,0.0803843788936954,0.381707106682116,0.187074155716287,0.308522632748771,0.147863304150961,0.32755436191995,0.0746636538905396,0.305789131944841,0.160292644475956,0.00854333030595943,-0.00122904040816074,-0.0709708014995323,0.157026017223145,0.198456043144213,0.199602963926934,-0.0379612884292399
0.0145867153103501,0.0348148614671979,-0.066100574600617,1,-0.0765905132421878,0.471377700486923,0.27864230421119,0.407936482426236,0.0982037460958386,0.258746724591603,-0.0934058462271061,0.341860408184625,0.0245150211384161,0.108746928985125,0.206310225634164,0.183766045167026,-0.0502420451789587,-0.122614579348904,-0.163069413773291,0.137679946217149,-0.0836635073858889,0.143876557346534,-0.119851718269812,0.00269590119045491,-0.0915456632759802,0.0732532251803277,-0.103367305376222,0.198845558192924,-0.218218917188966,0.249436824916419,-0.00475779865977292,0.0586054365786909,0.155708229922347,0.34145634212904,0.191116618709448,0.310206993889377,-0.209787882913209,-0.258391407593205,-0.172888504810412,-0.109183877417441,-0.153204302488268,-0.169800459731974,-0.119257864757923,-0.10807860065832,-0.170608505701902,-0.0910887891271632,0.000940182536947271,-0.109770087715621,-0.0388497157282191,0.042027570551103,-0.0960173272357456,0.0443505039024897,0.00148997284711822,-0.0856518001708171,0.0377281290665278,0.0246859426530411,0.18731343314167,0.230015349972932,0.0620166518492187,0.346007825347315,0.112745960827682,0.429064352198817,0.368472266433743,0.572003586483705,-0.220931532516406,0.305759491025777,-0.231908909979475,0.154587470225773,0.138495875576288,0.00606416754084367,-0.0238529933062621,-0.0610274221910322,-0.0942023066798225,0.218906245851337,0.213673343435497,0.0219945865899059,0.0443090245611912,0.0851668459450025,0.0736211496839262,0.107048592017473,0.239576375520946,0.237668332616486,0.0439257552752513,0.223679158386217,0.163061391331857,0.281923783478473,-0.215143410951327,-0.0920105137756029,0.0211159298255924,0.413675041554642,0.233502888914823,-0.0218404957308735,0.129907623714629,-0.197638266638009,-0.0853426307007217,-0.104315622226299,-0.164733276310685,-0.055399005190509,0.105157883185325,0.0134500019323342,0.161629516984166,-0.192703587202837,0.0117634566809699,-0.15673470497691,-0.17745486471791,-0.274206140579298,-0.0795644950540098,-0.0114005828276977,-0.14962658550074,0.016637848651803,0.0448542910935102,0.046693806005543,-0.0946077493709902,0.0262923961160209,-0.231653729671454,-0.209423306656416
-0.0556126303223334,-0.105011264352181,0.524591635377136,-0.0765905132421878,1,0.335816529148386,-0.152896811993276,-0.00560771611226695,0.242386588127444,0.101796402563161,0.357556268587826,-0.0332393970845406,-0.478293759425429,-0.368051290698601,-0.170521795910523,-0.264086700883989,0.306507391461084,0.015798922727683,0.490504116740626,0.259082786342911,-0.0239019619868197,-0.0340667385024078,-0.038809840647226,0.0371237566926847,-0.130413106507822,-0.151366040672402,0.426538752861258,0.107674522098527,0.38473307401239,0.0217821576417134,0.300036577098173,0.128056224069382,-0.350469965645847,-0.424246050722115,-0.298162348372252,-0.295839884418719,0.147009494827226,0.0103134905155754,-0.107619534518279,-0.155140330868247,-0.0205741946535034,-0.182134151549498,0.23668584753131,0.177706846662688,-0.114224462815126,-0.0615284242293161,-0.0862717514551949,0.00820268429267509,0.0111299229697915,-0.0118721238362731,0.0396900141161431,0.0332237507634855,-0.0663810356764605,0.111023776216865,-0.0991075028695055,-0.0789383524247494,-0.240162839615453,-0.323516533100154,0.229786485016966,-0.187422555825028,0.494393936376739,0.213792552473992,-0.341749550039186,-0.152827960528324,0.493661406907646,0.220667364910451,0.112268076257016,-0.144349589790222,-0.192459937110894,-0.201777434200414,0.212305176250125,0.183763053058347,-0.0587743872609497,-0.226370765561864,0.119472603361273,0.00902732419006595,0.120128303495991,-0.176029644721321,-0.261710476175149,-0.0904062003093955,-0.433663139858307,-0.101002442870796,-0.0911497971759985,-0.213412368425796,-0.0320526966034544,-0.187707815276805,0.188372472163181,-0.182122078405423,0.232277965615612,-0.173453299798776,0.195958548211176,0.216934023482497,0.3062316509165,0.550732855443559,-0.0223229616724134,-0.155011470707783,-0.17441127457408,-0.196820570762232,-0.305567241469575,-0.173292354280926,0.274979013765688,0.575702242329523,0.24119690290903,0.281016690195909,0.0893937453594561,0.174234466647207,-0.192896813607378,0.111374560625317,0.119448261502201,-0.0956065024946986,-0.0676107345217098,-0.245659954107727,0.212936746653215,0.119146919990579,0.210064572544516,-0.0237272422316739
0.110076541261682,0.319843646150202,-0.0571226347261572,0.471377700486923,0.335816529148386,1,0.0706191212426635,0.474694861659069,0.208329844838194,0.427035855614329,0.165522146881662,0.39770027225226,-0.156861013761155,-0.0210359524986562,0.0684076379952335,0.0372885037568585,-0.0457697317377359,-0.142050157920723,0.147102353463275,0.259479906292867,-0.19554618649117,-0.0665524044141616,-0.193602737787362,0.00310077540185067,-0.194433877933394,-0.000732160795128125,0.00319315062112354,0.32711530021709,-0.0722006309547551,0.216453387983445,0.175086534730695,0.199355199706289,-0.198115577337681,-0.0698450682848116,-0.0975688336265615,0.119559394105081,-0.0511714929907522,-0.215046658842893,-0.0760135356957889,-0.0357121536153248,-0.282868370011841,-0.194038564314879,-0.0293885123472032,-0.00579610488922152,0.0257636915383768,-0.00738581379908267,-0.102409806541338,-0.174882547512371,0.00795885177082981,0.0660978401846848,0.0115426356850434,0.189909827586624,-0.144806095013219,-0.181436420084272,-0.0997804061266829,-0.0271278291381378,0.143775196719009,0.0434973573573661,0.143655256941303,0.348414125406294,0.41357318976306,0.715916467383726,-0.0103994486274443,0.313785448960178,0.106105159422869,0.603458320875169,-0.0262920817989509,0.279136578755706,0.0896226984890252,-0.115557476439643,0.0631498559891292,-0.181000590258143,-0.133691784910279,0.06302410212671,0.255121308966312,-0.0302572726510784,0.0656401546308455,-0.0624256959810939,-0.0538141526027924,0.0298301046654211,-0.0349049270700564,0.0195831246019198,-0.154258387250974,-0.0341850281700087,0.0611727152282116,0.115411534905122,-0.111028270570312,-0.144108363644458,0.0945062460983776,-0.0285228248734126,0.0456325802200629,-0.124701854150793,0.358923115208582,0.0292062430609586,-0.0336858756412318,-0.0777351489927179,-0.114206542524858,-0.0573301262551719,-0.233844273263552,-0.246339313038669,0.219636032935651,0.11525945803369,0.151626509973859,-0.0398327143239169,0.101030569163852,-0.0759204043173399,-0.186026908607294,-0.193990355308761,-0.107968261286213,-0.107118688227446,-0.0465545912408871,-0.136150462363443,-0.0469807096980337,0.10355927415105,0.0210213771050422,-0.143443022772444
0.26992408503243,0.184405937651352,-0.174078562133514,0.27864230421119,-0.152896811993276,0.0706191212426635,1,0.463911240790548,0.547999687422183,0.439799137148529,-0.0380445748403025,0.181837104168344,0.401964959852509,0.216124538240424,0.269704821857092,0.185732984941726,-0.0171968216306853,0.184690416533106,-0.358492849213372,-0.246916592028932,-0.277342223506598,-0.042423733144059,-0.136071481359176,-0.0583960242258226,-0.0313374405053183,-0.0237219842900646,-0.0207365099266397,-0.0644646989798753,-0.0664253340736464,0.0195082804636672,0.0113511397121285,0.064406921244519,0.375986085163282,0.399496957081398,0.214223857359722,0.256460247976972,-0.29497533800664,-0.258095756108302,-0.0670657802061282,-0.142950667038122,-0.0656018547276445,0.00346629150098946,-0.174030308365208,-0.18411667837353,0.033385787066609,-0.000293679570397591,-0.0571340135981128,-0.123652325555808,0.0975436546933938,0.261990819801751,0.00961173199006175,0.247218423093955,0.142170646718587,0.159370841874438,0.131078022483739,0.23336984576173,0.541661072512984,0.390007904254668,0.283044481510772,0.256072393041069,0.21531000874937,0.111588946607951,0.58320068043671,0.561430617589624,-0.433888105799877,-0.17974969994805,-0.229320084540546,-0.211946583989377,0.0442552224207563,0.049859065398033,-0.0442835172049917,0.0949814222085795,0.155993081221946,0.112998228632483,0.0906190082287157,0.0132248007564614,0.0893919859723088,0.186732951290205,0.111511577328709,0.250819184607107,0.291643988850698,0.186157957691411,0.0327654444055916,0.273012672382683,0.0816497737009712,0.0294701202539249,-0.192309790294532,-0.0974053180109251,0.146995870791929,0.431609712683131,0.158830350827404,0.0449909001414988,-0.222514190291586,-0.341875775127857,-0.0800392857381744,-0.0665592551010386,-0.105998229569137,0.116196619536597,0.230136676003339,0.197695854695514,0.0690117781509798,-0.279775659266791,0.0470121567626993,0.0619766352755708,0.0155855297186526,-0.113158993191646,0.110048426549394,-0.0860561524662513,0.0164278106070621,-0.0440204578349049,-0.0764594043535218,0.185716693768252,-0.0826783782332872,0.0650780519530348,-0.0829722284868523,-0.045662104417492
0.297611450686149,0.393764502740694,-0.204166066373143,0.407936482426236,-0.00560771611226695,0.474694861659069,0.463911240790548,1,0.371704834506052,0.638617569509615,0.111497380956738,0.247499847029425,0.162732136845957,0.343044243227562,0.335581033150281,0.277318017712305,-0.0935455202000297,0.00131066705443891,-0.156490960691521,-0.0716222866219771,-0.284039406963474,-0.15428378328727,-0.169653632552985,-0.0936486464141661,-0.0777644882425405,-0.0238965333627656,-0.164593565354313,0.0335392077188984,-0.0360417117321293,0.0599340854334435,-0.037078856635166,0.0678560530608092,0.166158848748116,0.393923071071841,0.367874975785886,0.495888260346686,-0.286405572016815,-0.423166240552309,-0.058252426214691,0.0102143476076194,-0.108423801802589,-0.00337581775792309,-0.250103237051014,-0.21745236458048,-0.0136997566206267,-0.0862323732709697,-0.105128713016686,-0.13646481134501,-0.0769941748793931,0.184780569389496,-0.0474232643009831,0.262887284766428,-0.0917660701465781,-0.0800336025215031,0.0591711959120782,0.194530207330147,0.4536007405328,0.38716716598205,0.281382228935712,0.47130261763302,0.381377877592562,0.536425282397497,0.352020767163863,0.602060853067968,-0.295419337216489,0.134688852343594,-0.191495467956147,0.0569801422149831,0.0682726663384626,-0.0992303372728065,0.0827553681730289,0.0613964212483308,0.107935565482759,0.324115359480495,0.0603522486273406,0.178281230145628,0.108742812938017,0.0889176574253233,0.134201051793059,0.279720125299891,0.293729210134558,0.213988570953781,-0.0370631232393209,0.2542204179726,0.0831008619272581,0.129358180140816,-0.0904329761473534,-0.215085072617164,0.00139545216689609,0.285805417231754,-0.104497363495346,-0.367584003868745,-0.187828312435556,-0.418620291452756,0.00351210355694664,0.116417971417087,-0.0590772688183706,0.01662831318957,-0.13069730553462,-0.212685968005794,0.0147516108976384,-0.266486843250289,0.0902718633677452,-0.209087731826566,0.025712540235281,-0.19790040734771,0.0268259357349785,-0.297102124337984,-0.177163963131291,-0.0633537701260466,-0.0364420416137959,-0.0682905790916974,-0.357147633551946,-0.0982082789061239,-0.245794882383193,-0.171945265920923
0.276981040429292,0.226434237817872,0.149000005285978,0.0982037460958386,0.242386588127444,0.208329844838194,0.547999687422183,0.371704834506052,1,0.502800199689164,0.214344615912354,0.301448528598694,0.156113519852429,0.128355483351622,0.235355641210947,0.249436222885714,0.168546796915761,0.129406679662283,0.067801573100232,-0.0338282714005645,-0.12118882176977,-0.0846666601793091,-0.0658805436300727,0.0556280392892477,-0.043782147900623,-0.112886024145314,0.155922344217764,0.0930262988658749,0.161917121605003,0.0563122452390781,0.0707855749924302,0.0861735746590305,0.191976150800303,0.214344553414068,0.188457515691921,0.185301101553874,-0.19100692164624,-0.308186714875142,0.0344883824288361,-0.015445696998381,-0.0457662133543991,-0.0517890670279516,0.0219766051887978,0.0169258317075881,0.187428932390165,0.0422816764721661,0.116842223384803,0.0124898385277652,0.264146841103008,0.333465170377663,0.119889989720203,0.25401467352549,0.0555606829904994,0.116662808536514,0.183648064163347,0.160504024370241,0.3943333278657,0.3159144626955,0.320826766939105,0.116998721660388,0.402148333429442,0.0559991592126479,0.473183709632973,0.393077348235096,-0.136462202429181,-0.187720272152107,-0.0444983292809365,-0.318043037343853,0.146717682998137,0.136586691795484,0.129420053036166,0.204818527639535,0.17600641599042,0.0876715864296242,0.148574885391852,-0.0998035559558459,0.164455026231133,-0.0352059374005685,0.0456687390551989,0.211653405414502,0.297264903275022,0.332025892880398,0.233015210966945,0.265700254476274,0.419261182932957,0.218481368154858,-0.0555930261076944,-0.142035088802828,0.194080545670595,0.138392780334126,-0.0712914768056952,-0.119640207873084,-0.193182217912956,-0.143331730219026,-0.0102895176106556,-0.00186807975368792,0.0149876217256298,0.179697846073206,-0.0550286313153693,-0.079452748418576,-0.0612816995266179,-0.137502227353985,0.0802974680277283,0.120631157849449,0.0913749143754402,0.100716215568907,0.0801357595103023,-0.0469380924928018,-0.0323611238685434,-0.0836918117600231,-0.00624768765433794,0.0257870118188293,-0.215021678444912,0.0303010531892951,-0.0224102561521841,-0.114497505248775
0.208387629403151,0.282329750772252,-0.0882972185375245,0.258746724591603,0.101796402563161,0.427035855614329,0.439799137148529,0.638617569509615,0.502800199689164,1,0.13465478962151,0.385104408348041,0.0917579222153071,0.28868638238282,0.182207753262826,0.0831488874274628,-0.061163106004626,0.0753016237423292,0.00342403869139083,0.131295302784387,-0.206780937358174,-0.0165936129839968,-0.0322598413801152,0.0238291140160419,0.0095588851301201,0.109899598038229,-0.0496283484755498,0.0197304376522674,0.130027219643886,0.207976371784793,0.0968980184314195,0.159328619733007,0.136831961460775,0.290848145019699,0.152134154552025,0.310302236779377,-0.0842191172236147,-0.197080362632254,-0.0245289200684926,-0.049444787482828,-0.17438082237832,-0.00846494317058778,-0.169898771049792,-0.15410610105414,0.0123651079143641,-0.0899616988018517,0.0380716928832614,0.00693559599148272,-0.00880251930985303,0.178209222683478,-0.0721874922078848,0.124083819343339,-0.0281125995562477,-0.0651988297701461,0.0118033305035577,0.210342713665144,0.327050910092339,0.29075774512109,0.101124872379825,0.176905936058117,0.380122261652936,0.474425208572144,0.392595461015517,0.564907615365356,-0.109857000431975,0.239219725562069,-0.219094930905533,0.0014654950977893,-0.0511244891649548,0.0205247345280412,-0.0130009604258486,0.0469908119325708,0.176327051192208,0.195416906174691,0.118637279282528,0.123347110923154,0.044964355507227,0.0505129784640217,0.130362407557152,0.151968558886413,0.178310353491461,0.202947991487036,0.0712666650472914,0.306921523052768,0.22235981764093,0.268425313233975,-0.0344721017158023,-0.0600703178305731,0.162682871667529,0.257041950168568,0.0310214975557087,-0.109018603844159,-0.0363120673567747,-0.218797426962581,-0.0199023245252365,0.0572517739139165,-0.11149846602223,0.127580777967658,-0.0660923704511212,-0.0689615182785318,-0.033031817087663,-0.16989715721654,0.0625314190666451,-0.0181813408157603,0.18919796656236,-0.00193077969314151,0.139752730449921,-0.262055096774213,-0.155025614589327,-0.0574618901262747,-0.0322552089874737,-0.0266194222000608,-0.208516056122116,-0.0750883852075601,-0.254063054937279,-0.177732267284768
0.166318374076676,0.206300857379356,0.294927666937913,-0.0934058462271061,0.357556268587826,0.165522146881662,-0.0380445748403025,0.111497380956738,0.214344615912354,0.13465478962151,1,0.203680059865901,0.0102173369472989,0.174936521864703,0.152938832866454,0.237582654745112,-0.11578356311845,-0.0944426027541394,0.525142988220811,0.467251124943232,0.00688286534968107,-0.179758313855301,-0.0746765479086024,-0.228433128745637,-0.11469435875618,-0.268050523675497,0.118979016525686,-0.153763050926467,0.195551963646054,0.294303207260315,0.413484543372545,0.284339676810385,-0.0451330569024611,0.0607274806436592,0.173555593761669,0.230808702699411,0.240135402646397,0.00358353131881769,0.218155139218801,0.104992010202084,0.12718082978885,0.0800332563769161,0.24032575510815,0.232668505559811,0.172227024335801,0.138136648433949,0.219910481175402,0.222351991786363,0.100895104171754,0.140701173144027,-0.046736269549502,0.00734278466590657,-0.0796869840637682,0.0891801839603717,0.0542123376670266,-0.00261333867358354,0.00761757956908345,-0.00498336282977805,-0.0411761007209502,-0.189910951965467,0.404546185334149,0.0867112658690517,0.0548251177107431,-0.0934436140410382,0.371189560598048,0.0739674476931733,0.116642524375542,-0.0204391579012697,0.0512121507281063,0.125747804854018,0.00576844851439655,0.065914485654205,0.177303789523294,0.129551109132353,0.0500049299532377,0.0672853672393182,0.210451601634679,0.110599929288948,0.0856512330824025,0.150355338766174,0.148761866845215,0.287812678471915,0.284010899123653,0.209772181301384,0.417365351525438,0.342498111656292,0.298709741392297,0.228802889530923,0.0725524136676503,-0.0706671949672388,-0.0680881153929252,-0.077464346138349,-0.0156959846299477,0.116763399748263,0.342600518444816,0.160862370066856,0.0697500785697848,0.0749456896963413,-0.166380682129457,-0.0429184217306827,-0.0206086552988987,0.102580534722095,-0.0219852726389213,-0.0695984792776166,0.0295647798535586,0.123476476655255,0.0577694848848022,0.0375482484628859,-0.0145096571442593,0.183882394701442,-0.0178352203561704,-0.11279830791217,-0.0636020915082296,-0.0574620255874024,0.0342173104605486,-0.149001764604878
0.0257716516397719,0.199846774938171,-0.0242761038478566,0.341860408184625,-0.0332393970845406,0.39770027225226,0.181837104168344,0.247499847029425,0.301448528598694,0.385104408348041,0.203680059865901,1,0.0924710498658974,0.161038763836029,0.0593674132833359,0.0571238931718013,-0.0472984995123841,-0.0264222492472919,-0.0361893095794448,0.0780222611666915,-0.0962564613776229,0.14521100227033,-0.0406031232001271,0.137005687208672,-0.193557383385827,0.0184990093747474,-0.066482332358906,0.307830365595543,-0.0710517318146073,0.300915697074372,0.0500072191962306,0.238695395577489,0.121376054258048,0.290057306587396,0.151641692615676,0.260929588807226,-0.167097012548322,-0.197693186169553,0.0444601593929345,0.00447113985639941,-0.111859134294285,-0.0206683181179659,0.0192158768805374,0.100297994434523,0.187543090927021,0.036552129571585,0.0599431571675062,0.0924014493844456,0.168694610115366,0.0443566984061616,0.181688645606617,0.218279964617101,-0.0249679549616238,0.0982125275746745,0.0844519014913862,0.0662788302649493,0.155423708853097,0.168248959089262,0.109954435200215,0.150717921631565,0.344458176969943,0.312890445253162,0.371589985854431,0.36340135589276,-0.0220489259476559,0.196263409093351,-0.00435838959776486,0.103406165284276,0.0855208406587581,0.108979273563969,-0.0417624454045506,0.0457584439280552,0.20628067922985,0.30668069156233,0.223624266679097,0.113320762150897,0.310780405128066,0.241841471403784,0.119929813593354,0.392952769245751,0.319873528017115,0.374566492075445,0.135785437176703,0.254858958760859,0.447170163244743,0.369430546763973,-0.131997607026133,-0.0661856305731821,-0.127869497706166,-0.0170088827876757,-0.029024638618377,-0.108889718459685,-0.0601464816990813,-0.144071853227742,-0.0117012657134513,-0.0276819964595607,0.140118477221652,0.280464046238445,0.0539385628854901,-0.0594661776130576,-0.136035388790105,-0.166994780133535,-0.194255101023973,-0.0644398354110624,-0.118010064196874,-0.142049531866182,0.127053821651506,0.0130347168086606,-0.19531977485707,-0.0691671524260793,0.204718159027564,0.167946344987539,-0.155201969374518,-0.0961871636217193,-0.140846883548488,-0.138719204041921
0.357989313644402,0.213778158164679,-0.254919059724517,0.0245150211384161,-0.478293759425429,-0.156861013761155,0.401964959852509,0.162732136845957,0.156113519852429,0.0917579222153071,0.0102173369472989,0.0924710498658974,1,0.545664287212975,0.482124050520364,0.466913632929299,-0.136171748485824,0.126904974386043,-0.268110653686885,-0.105954748294058,-0.163121819495756,0.0288328921132464,-0.101329996815855,-0.124699467795118,-0.0113170508185557,-0.0266515590057445,-0.201577033167691,-0.173176895878498,-0.12017230095804,0.0660472357660667,-0.137371457340621,0.0536094111362705,0.640952908565217,0.5183583966053,0.362722811535188,0.37787295109184,-0.0475703281940395,-0.0410054091268028,-0.0240199246799094,0.00200539852019015,0.133644489229052,0.15619528765003,-0.0479203323890089,-0.0472536735698183,0.35543946985607,0.286966605740166,-0.044375762738084,-0.0278576375645578,0.289319715363911,0.387898499314658,0.0576564956740019,0.286588467102832,-0.0181019063306231,0.142401516254473,0.0560192759353562,0.0908278639623988,0.488750835516819,0.547475253797551,-0.0881305428267822,0.178915970377581,-0.220988060271659,-0.21239273670231,0.518582535293931,0.167454010795914,-0.422290253529599,-0.26928442954332,-0.0700309656770762,-0.0403389070802849,0.342780891445217,0.369239505867559,-0.0384007117094406,0.0824548565426527,0.289796624530508,0.285844146091434,0.00934474331252859,-0.000632597539143421,0.153004423226617,0.240121821658393,0.431978731188798,0.330819120590919,0.685270221073611,0.387867856393495,0.253613311743383,0.368982210796657,0.177845640636416,0.258694217013635,-0.105862906638488,0.111204509872877,-0.0537764053175557,0.304197440995002,-0.0656114105024098,-0.122221100293432,-0.245687572218262,-0.395110580055826,-0.0129668941847523,0.114239374604753,0.0187334385546576,0.0880042525004691,0.193024852327408,0.189238186362906,-0.0740312389810193,-0.391644904019744,0.0272040818116098,-0.0436172133303003,0.0512943092133677,0.0160284664812676,0.238590699400831,-0.095438445995741,-0.0751156417824915,-0.0517515478764799,-0.264971847803769,0.0101872317418539,-0.150040646335862,0.174629621030006,-0.0338807133879906,0.0415312624776206
0.351941081160584,0.33077435831597,-0.197955969089614,0.108746928985125,-0.368051290698601,-0.0210359524986562,0.216124538240424,0.343044243227562,0.128355483351622,0.28868638238282,0.174936521864703,0.161038763836029,0.545664287212975,1,0.341354093395512,0.426269701028318,-0.173065961763228,0.0564633222838932,-0.0614210991730209,0.0657448349904367,-0.0641129742164645,0.00804135499428537,0.041806912039721,-0.129928906156048,0.00126054160639894,0.0894884832297069,-0.268085379095463,-0.222155502067259,0.00291906084266654,0.134622844494602,-0.122215218665482,-0.0525797082175238,0.487032687029258,0.589138634797376,0.476498916191195,0.491174043429185,0.0104578580971827,-0.0689507363497648,0.186247504410601,0.110388361605539,0.0276687884666526,0.134919024719856,-0.00962711490997606,-0.0600487778700768,0.304020362843212,0.192692389340157,0.123182706139515,0.0917239282327057,0.248615815247652,0.2991641691822,-0.00922249382524602,0.155640432370205,-0.0554869157344339,-0.023421002519416,0.0688746448533888,0.0136255886379599,0.45189811810598,0.538123301889884,-0.129665671190983,0.174078741046492,-0.0300911051089713,0.0586169456205521,0.446911911373318,0.288662308961795,-0.221524215146087,-0.0821153136365658,-0.124230766097899,0.0285549866312886,0.202784479588444,0.296915218633057,-0.00189063183984884,0.0322600012218828,0.258665905586104,0.395437292838903,-0.0598381678393263,0.0456066008501632,0.118068776804161,0.168891898192825,0.488164716052603,0.421575800801087,0.601378859184497,0.450350758333859,0.170191415257365,0.423059427750338,0.197223200347036,0.354055393852829,0.0240803194457063,0.0982341489562178,-0.085556780002558,0.242333236707791,-0.243907137118114,-0.34398664929627,-0.302531012216463,-0.388244279083119,0.253643981009093,0.242654183239107,-0.0593286649631919,0.100163195390755,-0.0353554338447996,-0.0635617020470469,-0.244539297036151,-0.351689060395521,0.0520639670622805,-0.0593135504213135,0.114699749299,0.0542348101570032,0.331002742554731,-0.252013776363145,-0.140114156802488,0.172170520830319,-0.178148940022336,-0.145799154474065,-0.30352996014646,0.0663713174972026,-0.179590525088095,-0.122745028584093
0.496383142555009,0.434504830154717,0.0590375282355227,0.206310225634164,-0.170521795910523,0.0684076379952335,0.269704821857092,0.335581033150281,0.235355641210947,0.182207753262826,0.152938832866454,0.0593674132833359,0.482124050520364,0.341354093395512,1,0.78421775712694,-0.0152902598702096,0.00875863806483255,-0.0142458676932807,-0.0203156141893003,-0.046950446720851,-0.0789249752007826,-0.115053529393564,-0.137506538945154,0.0210242878698656,-0.127513712968411,-0.0823912416635598,-0.178626374952412,0.0627034028251228,0.0736189342748222,0.0850100666104317,-0.0914867119937382,0.406923461371082,0.369402748309137,0.527888482720789,0.526684457633038,-0.0639864676264573,-0.292520926219155,0.0340922474478414,-0.113952911986394,-0.0188990551534242,0.13777300627492,-0.125794303124362,-0.144135432575281,0.152436094963846,0.0720204176694146,-0.0339160625251439,-0.15500329681939,0.0828664048909052,0.21814971265178,-0.112849651502846,0.104242549070208,-0.0590741199801219,-0.0183067189892272,0.0510492159333266,-0.0126168274028357,0.539745106687007,0.474111113418788,0.0190989391010285,0.202753145115898,0.0219974432398199,-0.0761068867517836,0.337332208431402,0.209206655824635,-0.247389076493715,-0.29463672007885,-0.0927705919900216,-0.156605125701477,0.265989807028502,0.205224719488845,0.0844512390838459,0.222921643464304,0.273253669695676,0.342940013319812,0.113468287898305,0.0506490211200061,0.216742069637859,0.124080877086839,0.14114797524524,0.131067941977225,0.477090292505486,0.313434345560281,0.312723333187827,0.325991093749572,0.254664105246135,0.210844735528238,-0.057561866265238,0.0123440014668596,-0.00166830239377935,0.24913977569199,-0.23199599975816,-0.289601577651347,-0.173363049322055,-0.319637441056845,0.0586934082216736,0.125933499823744,-0.0353323406341999,0.011489562291961,-0.109085535580915,-0.0614616392019589,-0.108693536017087,-0.27808684571721,0.202887213409783,-0.0609778232278977,0.117936331748039,0.0600703846147592,-0.025566743505856,-0.0166297394887055,-0.0856707800760924,0.0494033945970999,-0.191595720985208,-0.147984600985062,-0.262080261379877,0.120162818431937,-0.205611941082765,-0.247255940098116
0.435790008784615,0.442721272597114,0.0308585633277385,0.183766045167026,-0.264086700883989,0.0372885037568585,0.185732984941726,0.277318017712305,0.249436222885714,0.0831488874274628,0.237582654745112,0.0571238931718013,0.466913632929299,0.426269701028318,0.78421775712694,1,-0.0712969191658476,-0.0803408962492504,0.0736996057510443,0.0299151022857229,0.0297554890841037,-0.18000376084591,-0.103664010142261,-0.148521184523851,0.0229072675394205,-0.0853200222130864,-0.0897224779955418,-0.0872477967131819,0.0317828329023763,0.102068043292329,0.0571957567189794,-0.170164428899936,0.410998832437985,0.399718238142825,0.596966624027866,0.530358983913055,-0.105035628359237,-0.300630581103738,0.168869281807237,0.00425744063776183,0.0346206391213799,0.110989122264316,-0.09736648142518,-0.0793053306177334,0.206830062648758,0.109315182051401,0.027506605699238,-0.0913443517826993,0.105547560613705,0.218325803604683,-0.120248435848182,0.0988082153047853,-0.109171677592154,0.0216717727442121,0.125767883459442,-0.0796588017318527,0.452051469615539,0.517574555441695,0.0424849256028667,0.211324340936099,0.0192265831201383,-0.0932614932094425,0.338395871298808,0.145847128930428,-0.212359650453244,-0.274611458977888,-0.000598010850223164,-0.101208001654434,0.455102511970529,0.357238580034407,-0.00768354326881036,0.079302703844093,0.213943910748196,0.359290049880732,0.0313690685207357,0.0725824912655092,0.0941137639941918,0.0239390934346012,0.198493365436908,0.155721486252263,0.561973640554537,0.387289486098408,0.314225436576769,0.345527869785622,0.339694411665273,0.271735145093878,0.078634249478467,0.0602989347168861,-0.0719747585113121,0.199017962586982,-0.245044246168685,-0.32012951494168,-0.166107513539361,-0.310932798372278,0.288638822164939,0.280640201440905,0.0583102809385722,0.0564974907404861,0.00534481765711314,-0.0133949092723281,-0.134810941496397,-0.284525119891496,0.150544388417578,-0.0500766955521195,0.202558734050666,0.181538216652966,0.0314761298950043,-0.0354406953487487,-0.110603331996688,0.180140118091663,-0.17125376775775,-0.0721724503999255,-0.206284567157554,0.119315504605113,-0.109014831098399,-0.14141778054
0.0114330834940374,-0.122068469058817,0.20109487829724,-0.0502420451789587,0.306507391461084,-0.0457697317377359,-0.0171968216306853,-0.0935455202000297,0.168546796915761,-0.061163106004626,-0.11578356311845,-0.0472984995123841,-0.136171748485824,-0.173065961763228,-0.0152902598702096,-0.0712969191658476,1,0.351523145316506,0.0927904304258628,-0.105726517969272,0.278030140446146,0.208801475894201,0.312203036803843,0.415285126703586,0.264591743247779,0.191083737859412,0.311567364882188,0.190934014198192,0.289499033236273,-0.113357745089568,0.068409874039966,-0.0152092106136044,-0.0718625936674654,-0.217306932157609,-0.0862083406156558,-0.183770089128591,-0.065451770139051,0.0279330708147066,-0.116874058639736,-0.286942817960982,-0.135599857238512,-0.149982643031266,0.126498882913847,0.0191561018768995,0.056984743340564,0.085651886665597,0.0481903413081425,-0.00318781017148143,0.0752981014105332,0.0821499249400322,0.150276270594812,0.230028267673131,0.0566504686316822,0.193697007391612,-0.000937129835662085,-0.0125702573731526,0.0197328069524116,-0.101639184497831,0.159254508523366,-0.0576910648837041,0.130003820842148,-0.0665959954852463,0.0195407995163446,0.0529612444987396,0.136834422322573,-0.0620772078202457,-0.0198073397528576,-0.193592519715233,-0.0471261491148982,-0.0702627168842344,0.297635685227011,0.345385418614884,-0.0469484396250382,-0.146289305509516,-0.109749987003016,-0.121568586693156,-0.107766030407371,-0.254649974445505,-0.087137957136861,-0.000192225817938874,-0.129931664484806,-0.0286157304941753,0.0247088243588828,-0.135665924180408,-0.0552687311894997,-0.0426222121615206,-0.198395178888148,-0.301728571886486,0.0340532505161706,0.0346130078180406,0.138565295926336,0.165795193133115,0.111472331319022,0.242367995587361,-0.236175275347628,-0.249542614438455,-0.114872234742329,0.0142016891686531,-0.0432424987630227,-0.0372273799050356,0.199562280513124,0.185379201993628,0.213589678334801,0.341828745831795,0.209459860452929,0.171709647251764,0.0439819051258337,0.0656536051427076,-0.0197098711059495,-0.211288824360821,-0.00123212979926863,-0.0361128288216175,0.119132671016499,0.0852515928651423,0.0684333639767292,0.0436587269762218
-0.0806391030151296,-0.150848366538026,-0.0331632941299118,-0.122614579348904,0.015798922727683,-0.142050157920723,0.184690416533106,0.00131066705443891,0.129406679662283,0.0753016237423292,-0.0944426027541394,-0.0264222492472919,0.126904974386043,0.0564633222838932,0.00875863806483255,-0.0803408962492504,0.351523145316506,1,-0.0806468672941898,-0.132370647566035,0.123956329008096,0.147850408755718,0.242681148875356,0.268423603043729,0.160584815443349,0.133474334504544,0.165067780888548,0.151141176954599,0.256265495551928,0.0372919606366671,-0.00923604754830675,0.0265694750216634,0.167168444864003,0.0787531531965424,0.158766713194664,0.0453489234603617,0.013487927031891,0.0187195302928348,0.0393449414143894,-0.0389512386743299,-0.0198789567396607,-0.00672145814333086,-0.0273673464739164,-0.0814078671146352,0.0397635526594773,0.0139742478831526,0.0729295969915151,-0.0230450038368371,0.1370659430839,0.139484689236254,0.143925127805025,0.0936686367171677,0.171910717660806,0.0803699192385512,0.144267082086975,0.112581013285879,0.00814882333100751,0.0228514595159644,0.0371369130448383,0.0331977214214192,0.0210849963713613,-0.0477215562458265,0.173357223783346,0.151347419128494,-0.0761820045788157,-0.0871827008995154,-0.0648581500431094,-0.0902734025326857,-0.0161716467601245,0.0233169554752355,0.333779969229393,0.374045660721379,0.181682395948268,0.137319980048051,-0.00708648548021558,-0.0392115756137554,-0.059054094040693,0.000520689317400469,0.058844747010137,0.0265659261730801,0.110006008760061,0.0523393304777935,0.0557396878213666,-0.0124455303686595,-0.0434875356754756,-0.0352532596570716,0.0415921682890031,-0.158775899639495,-0.131290077086943,-0.0409325637963062,0.141169481240798,-0.0612442839548636,0.0351331681037739,-0.019953718988009,-0.115542875963706,-0.1547316376234,0.0240951224704264,0.0645998524731052,0.0615014887005148,0.0204078637118769,0.113625601113301,-0.0447733248895771,0.12196405367603,0.112406799550709,0.200149591956684,0.0664915535299707,0.131402462980778,0.0754887369173999,-0.207172408326129,-0.0698741199940515,-0.0445655895916583,0.0957070649226905,0.0203175179128004,0.070814354134453,-0.0897662748491388,0.0468844775232938
