1,0.445854185611143,0.306525817705876,0.303010012153825,0.506527222683394,0.374297338113322,0.365458269328266,0.293995527479837,0.29178258269299,0.22591665702961,0.0808916642408764,-0.015778233207304,0.257502904629922,0.229482723394817,0.222279911423737,0.17834549311962,0.115121679327953,0.167796067233424,0.220719679049446,0.0579379331249834,0.215596037608059,0.162633234160075,0.189035988130944,0.0886664352070164,0.130210537004567,0.0759685648444911,0.0985925630347495,0.0282564315098091,0.0720285936034389,0.018350800291197,-0.0538308202557589,0.0441347039991583,0.18989393308892,0.143304612762713,0.55607835015235,0.535153153741207,0.0966240562413561,0.143728246818435,-0.0676663090577485,-0.0723805333747228,0.134252544159922,-0.0444210621122279,0.306038761511742,0.246592484791964,0.0202286698729369,0.0709408244479634,0.442495389588131,0.4285996026935,0.140203878267144,0.130378547609093,0.357088718153391,0.0680495218918789,0.441802953001856,0.117624760371561,0.406366890189803,0.330540464600688,0.661545583439457,0.554351903085837,0.506285746120167,0.43279450560381,0.427190921868046,0.37069492084611,0.23944072861061,0.295762442092327,0.0968665939643734,0.259877016452896,0.43150106677049,0.348222696787568,0.303956436547685,0.445125432674204,-0.182176875814633,-0.0434909510826875,0.280518208507095,0.155636505615812,0.188977659665331,0.0128477988606107,0.0397624741547229,0.212308299093104,0.112875100358603,0.0834354157014633,0.304461994042169,0.262414795746573,0.229034848242676,0.241575184287173,0.336851128942648,0.233214722367204,-0.00943287002485955,0.131501458888896,0.171454930599189,0.156963880737219,-0.189091150346344,-0.0229845443120395,0.022980957660041,-0.0304104668001871,0.119166229448029,-0.0672247553789234,0.241696259424939,0.262045098304162,0.0687371923547996,0.224688826097388,-0.0354286997029371,0.0277877046080851,0.077993016882407,0.0722376706114296,-0.0878306466690693,-0.050135034476107,-0.195263875735835,0.146218939804515,-0.0372925817087557,0.202453705551434,0.17421227216339,0.0334758809805841,-0.125857141037959,-0.191493567511923,-0.267204525043828,-0.190603215084708
0.445854185611143,1,0.362777151189399,0.377688992435703,0.296784776291333,0.280379960190311,0.278829502885284,0.174653033342692,0.317868720926705,-0.0382407579292029,0.312720008879582,0.223175824992311,0.276611657132654,0.287841870926834,0.447793388115343,0.461548031270304,-0.0375686039511621,-0.120082072447707,0.153144458505065,0.182781717659451,0.124677706537151,0.06370045005939,0.0273162769214407,-0.0165536416549674,0.0720422526472551,0.0340083704202176,0.0564124411423081,-0.0898811694687526,-0.00160603982354224,0.287787936315884,-0.119725580145427,0.217990426913684,0.44707663043882,0.274158396849936,0.15136650810991,0.180930561918547,0.0616543466349803,0.0239059057837692,0.0218634557444039,0.00216305532447905,0.140741484463642,-0.0582008269723188,0.422829051676127,0.339068602798391,0.0414610495968696,0.0659250528610001,0.378592438594568,0.281000741462028,0.00940241674168201,-0.186552010165779,0.324036859881735,-0.00468168073883671,0.205309760942225,0.0420884173611622,-0.00135964788433319,0.19057687915097,0.327545332738244,0.698829078694694,0.0789528190704923,0.188793927789991,-0.017354998573136,0.267040387075744,0.149690405971252,0.270980509117518,0.0317611865052989,-0.105933692393895,0.0371019441008515,-0.0249420777298691,0.581530439525805,0.547575819843794,-0.164455551744669,-0.170385497573681,0.319495485701013,0.130241475294705,0.090576167439271,0.076653100093356,-0.152924870137347,-0.00442231275788122,0.0928448084595738,0.158803270415944,0.333089086101602,0.329331766965129,0.201746350227619,0.344460232623828,0.270665145665315,0.28529683233493,-0.0930382255387576,0.0571720134880623,0.0844092167701559,0.0859381875856025,-0.150670808600582,-0.278440591410251,-0.0383981420342637,-0.210769169240641,0.231592515936226,-0.118390623041068,0.133535031071911,0.20344482671545,-0.0288031666911866,-0.093424919392763,-0.0313287598184278,-0.00624184270077923,0.220229446543834,0.130238022597127,0.163251133175584,0.0938369678912762,-0.191791208809873,-0.150300172585656,-0.00219686376470079,0.226389265539841,0.230505568608337,0.0050216595130147,-0.085948743673715,0.035315775473389,-0.112364217067468,-0.251790781616705
0.306525817705876,0.362777151189399,1,0.422706349563553,0.769946375541716,0.330447920141704,0.133391752470097,-0.147513026392502,0.0721739304052695,-0.195251294906168,0.147057600023045,-0.17975165046709,0.0798933648148321,-0.0500788820459464,0.515368959728,0.108643699500224,-0.144627582216864,-0.178415372561713,0.594469191263525,0.262231440018173,0.171988552889169,0.149166104840697,0.052524539976441,0.0772576611467872,-0.179167664776271,-0.0716252141369277,0.183804783837406,0.129671201667731,-0.0804930883680038,-0.0994657357450887,-0.0466803641879581,0.0509763807233729,0.332059589491099,-0.140685178100392,0.292023940149967,0.248519911576006,0.358317070968831,0.276449556849239,-0.0455112953928212,-0.0773126656535773,0.00947458386551103,-0.137055007107549,0.424375236382031,0.372477291424414,0.074384884596927,0.0638525970345323,0.251079848928702,0.26412240612386,-0.126449580708123,-0.147979859525292,0.338391370800014,-0.088168976516986,0.393091920049988,0.299831801679417,-0.00649361848222654,0.253676814907291,0.213054033778018,0.25210404297195,0.0922762573059999,-0.0603629549458456,0.147629592204046,0.143894724209966,-0.0454244754190221,-0.0556514986550498,0.434843434573095,0.213210750327815,0.297723627888158,0.0503857056674309,0.226493325180713,0.0867338025982776,-0.0862549426530771,0.1270376823933,0.197932791692316,-0.0962550778746341,0.148862245846894,-0.0587441929601632,0.0116610823312585,-0.0208466667100167,-0.0165432761141118,-0.0705910770581905,-0.0569365021432534,-0.0427563245949878,-0.0279427325314656,-0.148286178705439,0.29086680564521,0.14409790771902,-0.147828710206921,-0.0491403053075843,0.302660780022084,0.249463727741648,-0.0923935145265608,-0.320271652132371,-0.209799317172021,-0.215562876958566,0.0771003148451772,-0.211935680515014,-0.137012006883374,0.0310833621310044,-0.226620827914654,-0.192444951401041,-0.0492992373402242,0.0677765247703758,0.136411726760872,0.251262937294446,0.144301366788439,0.0181943720719819,-0.233270881952469,0.110514633207485,-0.00365268211480957,-0.0381004841555758,0.0162787273840205,-0.137092561000141,-0.325604770756989,-0.16099631057881,-0.200176491880021,-0.264908493357348
0.303010012153825,0.377688992435703,0.422706349563553,1,0.444166517733925,0.793868618347978,0.0702030599980655,0.388305353265223,0.00417143159675435,0.203642176614466,-0.0893037371610673,-0.106911880779834,0.010855278817628,0.0346007052861654,0.112567121290429,0.132770785358221,-0.131784560327228,-0.133508846635851,0.0395322820860086,0.0871834452229513,0.0260142194988505,0.0651681298736142,-0.0303759271442213,0.112647938999687,0.054611869385798,0.132566453262108,0.215006737091397,0.279020560291414,-0.282601115017306,-0.220329966324789,-0.0894457507076683,0.136885524764884,0.0239724157981142,0.0307890763849284,0.351860566596218,0.485247739797564,-0.0841302191684878,0.156340922063021,-0.150294812308138,-0.117782363904106,0.042351649320435,-0.0174117375546733,0.182364184720751,0.196636552936525,-0.08050770995665,0.178582967972269,0.130033350305249,0.130820856620776,0.114768249609284,0.276212658452624,0.332441959890056,0.267346291846406,0.150941183235572,-0.0817720843873521,-0.029390690418111,0.13453449903208,0.298894068963974,0.241137840478766,0.373307340459716,0.361556584433973,0.356689258473132,0.553062381570572,0.285905888152304,0.342720865385202,0.0719934409615091,0.409822570937995,0.313894173740703,0.377106675448004,0.21111020623334,0.110827079769832,0.00500540289377262,-0.0473530128762072,0.182585936289803,0.11174630216972,-0.011089829507847,0.0611966923667859,-0.0178776450461374,0.0636106842735055,-0.165724243421296,-0.05485564441694,0.0194721927571852,0.0557792356092487,-0.197075042173152,-0.125781521286143,0.0498959088777588,0.208212505424723,-0.216733083503789,-0.154356915917747,0.0733766642209116,0.21168754488418,-0.370569214395579,-0.325638126225128,0.0862947398339046,-0.319714068043989,0.0624777017309982,0.00414519377367959,-0.121871335593676,0.0389587665278569,-0.419931075874058,-0.254590508565105,0.180052191951444,-0.00824983271732039,0.147340320099291,0.0480857720817251,0.0263401453841696,-0.260014507394833,-0.128981164920465,0.0167874573117231,0.0220691950524507,0.0994084048144934,0.0263047636946642,-0.178668893058679,-0.356518820703043,-0.173064109187931,-0.31972487525536,-0.284178833836469
0.506527222683394,0.296784776291333,0.769946375541716,0.444166517733925,1,0.56630073337868,0.332273512904764,0.136117875090823,0.312403214307223,0.0673379482002343,0.164105860331221,-0.0407856083884249,0.154563850053617,0.085287870278073,0.257839305793713,0.0150939592844366,-0.194158030575727,-0.165173710465617,0.419822195441959,0.0283795476502384,0.11831208760101,0.0887689748677464,0.034700332576859,0.0392629208317673,-0.0508898774039838,0.0844972808451854,0.341228510473094,0.137176805476327,0.00292151683377487,-0.136187729637144,0.0800667704748827,0.127771045681199,0.371797394023555,0.00202297515765901,0.497713555246636,0.46654132572325,0.144157052243907,0.133784984274033,-0.192985166288262,-0.235827548370988,0.0869600667838721,-0.174425755602362,0.288061635419655,0.238125151178678,0.0142775682626004,0.00174934321519276,0.286305368751775,0.235218701814624,-0.108119265343568,-0.0314753863312846,0.328839773452119,-0.170949895965194,0.434082584789021,0.167743293387072,0.147949108157003,0.239441904712713,0.353810575071597,0.324424526114143,0.427118102821582,0.193447956541845,0.497020959545036,0.451613599852043,0.165652190428669,0.184794202137896,0.441197792636711,0.406870118472362,0.348990243819667,0.139185509106682,0.0882391459805268,0.157083268225256,-0.190407726418282,0.0322907733971131,0.238047464692364,0.0160521750924717,0.14917779897005,0.0205151591641328,0.0191083903973125,0.112281859543104,-0.0403987823042547,-0.0188714072762491,0.0609087419803928,0.0841347269737285,0.136230647111496,-0.0329028166120354,0.31522082228962,0.0745238672703613,-0.181144603495266,-0.106503766577782,0.352015287524051,0.211421596061108,-0.132121300114703,-0.105849168395128,-0.120293550030524,0.0318156908125911,0.1798271995951,-0.0753506622821325,0.0392834262132373,0.152082053239932,-0.185760870428304,0.111324140981066,-0.110779144969362,0.140444067306318,-0.100047065687755,0.122084127538895,-0.0725730366367352,-0.0596992003565697,-0.239649555116703,0.155730756378091,0.0985421558110084,0.151110348771095,0.0899122671178831,-0.0918885945623591,-0.317879784678189,-0.301654171926598,-0.24689043604807,-0.370327226265343
0.374297338113322,0.280379960190311,0.330447920141704,0.793868618347978,0.56630073337868,1,0.209399121120263,0.517615317198269,0.158483724635768,0.232789225047599,0.0437489285180428,9.0897058206998e-05,-0.00256960451573131,0.0417439115539639,0.000513398288204787,0.0654741750448324,-0.316132138286556,-0.215905057969374,-0.0540046152161672,-0.177276623520196,-0.207763293925155,-0.17892004421316,-0.246484628990444,-0.00505017517443825,-0.0484434321771901,0.141066344368243,0.260637603749346,0.358349378770433,-0.237725458568908,-0.229513497864386,0.0374485861410698,0.118726657760907,0.108907094042251,0.0621576567180372,0.306381568673769,0.454486549892712,-0.31993129563326,-0.0982640983612571,-0.297619634720592,-0.280629841140553,-0.0204950544630767,-0.0905098661875877,0.0521761060204469,0.145109395546992,-0.165137775368087,0.083212423592492,0.0644453945897776,0.00101701615510507,-0.0619916287639426,0.219919274039598,0.135572363054498,0.0400515304253099,0.161870086797408,-0.0571298251642168,-0.0677950530707663,0.0382359016380962,0.25884587743405,0.24751721472309,0.530993642939344,0.489061816482079,0.505232035801955,0.793680875349481,0.328944176579616,0.455349009814114,0.0298491790269227,0.451318546391464,0.147926354120787,0.209774403753753,0.0903147430983479,0.04094251432057,-0.0934720514847807,-0.139722639955028,0.16764348236645,0.105547801378244,-0.0494574354834495,0.0559534952495266,0.0184350591387421,0.0900388015182171,-0.183489764851164,-0.0626639071256844,0.0255649176224985,0.0218109199432183,-0.118991399861278,-0.0850661316080841,-0.101940402409051,-0.0217469222090415,-0.307380467425063,-0.341299524514655,0.0109616282273479,0.113343840801865,-0.278577083426603,-0.225117522284968,0.010491462110135,-0.23739196426817,0.107326203888677,0.0613692291257445,-0.145964740239309,0.0267005803569065,-0.275595918467149,-0.115432793676823,0.147742760032299,-0.0158801514399857,0.0373623664677273,0.0204940750863438,-0.111076115498904,-0.26633339435506,-0.168430366299296,-0.0437898017431235,0.0696160936310412,0.142589758574166,0.0313223627685154,-0.176723979057642,-0.251766252314245,-0.190163732900491,-0.241107695791017,-0.262628580259154
0.365458269328266,0.278829502885284,0.133391752470097,0.0702030599980655,0.332273512904764,0.209399121120263,1,0.5361107744145,0.821975083284812,0.412247205182181,0.298056878727003,0.456582372882619,0.190131969236698,0.497264043543078,0.036372941567974,0.0867903169636698,0.0340846502012137,-0.108135468610335,-0.0193878771824752,-0.111130730796481,0.098831550335208,-0.0801155201048973,0.0305498812928462,0.0211851240267725,0.112596823279074,0.227748656091185,0.14907598583666,-0.0807084465015946,0.161893680220791,0.144233363912883,0.281926525882405,0.05676218783864,0.391876808429955,0.503662480016867,0.162936475026698,0.151726483920017,-0.10320494322812,-0.243332331484054,-0.193637306346877,-0.181047028166777,0.191069461359871,-0.149649210557388,-0.0995431630081178,-0.182979382195925,0.213148800942108,0.169974715177961,0.0495174383870201,0.00663968222219284,0.191971016663118,0.305547985420722,0.219957723897785,0.10583079909044,0.191729382406983,0.0865278056298019,0.127807648413101,0.106437073386589,0.134147829783926,0.200684931887341,0.4526115874643,0.451745027632671,0.51615530193853,0.380828557443751,0.544765345556207,0.41117656754612,0.175705893810342,0.174522175350508,0.192630953164119,0.106823553186821,-0.121243424010189,0.28936763623408,-0.0367165738875039,0.0912330257242127,0.195285519330429,0.297972896412963,-0.131856448715917,0.0543947360874257,0.144279035897722,0.268790612544703,0.0766736089930576,0.41695589466739,0.288162706630298,0.523358745175861,0.388060012348786,0.336339234437297,0.091334508513977,0.0456161857311324,-0.0755220562477261,-0.135773982923994,0.14785300999743,0.117649215517574,-0.303836708739213,-0.121062699050774,-0.141591852602123,-0.0907775763449197,0.168984468707919,0.0410543163656411,0.119944395524593,0.184593195460438,0.0544393775394527,0.184178451805624,-0.128482536123879,0.0128349375221327,-0.189038577919908,-0.26892005658196,-0.241509435494325,-0.0796096627177427,-0.149383675856858,-0.148580741089912,0.123143028734978,0.159862404708247,0.0789901124689028,-0.0926015270680136,-0.12965956906257,-0.0932218282453149,-0.0299749732835817,-0.215192484239996
0.293995527479837,0.174653033342692,-0.147513026392502,0.388305353265223,0.136117875090823,0.517615317198269,0.5361107744145,1,0.524847064232703,0.731665921252208,0.0426848542899797,0.445017938822053,-0.00651358951179973,0.452706636802801,-0.185932558183679,0.0704928718676365,-0.128890211555458,-0.0978528054924703,-0.254557756236881,-0.210366656175394,-0.0596661678157034,-0.225055567613304,-0.129004617927036,0.0146003681679559,0.14562417581229,0.225337931455831,0.157999990285535,0.133586914080928,0.0304685461508374,-0.0543315688574823,0.172994011688614,0.0275676345065034,0.0267964402897527,0.433358121789091,0.33422038759281,0.36991712359086,-0.452258091751109,-0.377736771048664,-0.209370764338261,-0.0992970809813592,0.0439476047597096,0.0751221474842038,-0.342216001298165,-0.367660974542357,0.00246109532535211,0.114687440453297,-0.0457159764921737,-0.160275038019922,0.226321293973495,0.488708320891325,0.0268334383036306,0.0942324543709033,0.00884804289089232,-0.165287960921241,0.0958374044977342,0.00317460169623422,0.270648832871325,0.157714848737173,0.558947354877723,0.580282783231653,0.642425559144047,0.60927405586333,0.594533895852188,0.654750455900399,-0.130543617599141,0.220262740432222,0.130802317702641,0.165742012304198,-0.0652521284557928,0.108959275243133,0.100876618568344,-0.0543004138575709,0.0984027779441635,0.349363945734365,-0.175376106205862,0.0836806465087206,0.0576016593692002,0.221388382304137,-0.087542731076759,0.364432632136422,0.197275509592289,0.41409780780977,0.0909178828853053,0.290538553839739,-0.278316666842008,-0.083003205132121,-0.124727643818676,-0.180034540636477,-0.103997653518002,-0.0294178969146401,-0.441313899634771,-0.173129117815004,-0.104398179585343,-0.246090879039537,-0.0155297352801175,0.0262877297546038,0.0431012747368531,-0.035806249332067,-0.0879555878030248,-0.0549839065236337,-0.00436087107307943,-0.0677019464630544,-0.120179069567679,-0.289438720361325,-0.327846763322639,-0.266931016706687,-0.0453770211713864,-0.0962518999347322,0.052357523469351,0.0645589379703436,0.0257612757669009,-0.140971216693497,-0.16004213634282,-0.0661880016023036,-0.137192270588466,-0.0482767203452741
0.29178258269299,0.317868720926705,0.0721739304052695,0.00417143159675435,0.312403214307223,0.158483724635768,0.821975083284812,0.524847064232703,1,0.492600801824088,0.367164273769853,0.592155609855336,0.150270177165882,0.526872317148666,0.0406534845925718,0.0923707275064659,-0.0417819689963487,-0.123084340377683,0.00266588643471827,-0.0757892224812338,0.214872322403002,-0.021974136215722,0.0188859106758877,0.014760343120599,0.131333311134167,0.195267887846341,0.14396179190443,-0.0812957676616051,0.304426827371712,0.252911206565058,0.469534887124802,0.115784483813819,0.396008925209674,0.520632141103666,0.102816385177513,0.0823803655905693,-0.0491189353198475,-0.264129273031727,-0.0928816273281963,-0.101855304000908,0.154708873810787,-0.184401252149818,-0.0885538641852259,-0.181254732220394,0.303930467808584,0.22975317660044,0.0838473563643966,-0.0125750485465075,0.254715905735974,0.230062234450058,0.205848402917353,0.0384204362310066,0.116461544068532,0.106765335684253,0.105214390838151,0.0323825750522984,0.145714352106429,0.167374488041231,0.268036889979173,0.256878842573451,0.429306412296323,0.294031994672451,0.374818774766934,0.295301990982071,0.279871756786749,0.154695881842169,0.092390117086069,-0.0215481439022568,-0.0310534486456498,0.313222181237481,0.047191847731557,0.0842472438338844,0.262653806885297,0.295753194757237,-0.0861415593767328,0.117061255083654,0.10811106938392,0.321174589900103,0.0963963408210456,0.407145024970634,0.248902837343551,0.510867712202604,0.438707507794702,0.339809147801991,0.0918372607751016,-0.00454727558534921,-0.0735010082955695,-0.140215988796647,0.0813466388880835,0.0820377145110341,-0.279563651459501,-0.11688547409618,-0.105121460215646,0.0186661059235487,0.229623496183346,0.0471155172707699,0.254413349543371,0.203387331299858,0.0692200270807519,0.194815891472354,-0.223113720049976,0.0377678146451512,-0.290706251702739,-0.326320503098843,-0.242026244704044,0.0233532146812887,-0.135131494977647,-0.139153101591023,0.171915536985342,0.178551807656853,0.100668153156399,-0.0880391930478405,-0.0855896577915529,-0.0254308704566808,0.148279825664742,-0.119885439988741
0.22591665702961,-0.0382407579292029,-0.195251294906168,0.203642176614466,0.0673379482002343,0.232789225047599,0.412247205182181,0.731665921252208,0.492600801824088,1,-0.0533521687873918,0.505972852261202,-0.0419882142786541,0.415468932735325,-0.193002735645738,0.0269276616441976,-0.00205570475914627,0.0159622640751031,-0.0784952772673999,0.0956073631459161,0.191995898947023,-0.00438095187469762,0.119048690390137,0.0887351894920319,0.20308249141584,0.171686799951554,0.0150097544489431,0.048789962255764,0.112161656778472,0.00245557716616511,0.296293748492433,0.117484484148627,-0.126935723757197,0.335337333634623,0.388495259754691,0.333681705961847,-0.160697360045896,-0.132076465130366,-0.0662596459665238,0.0130428921723136,0.075415772390858,0.168599872086347,-0.405693225918963,-0.509723306643923,0.179936428383054,0.235164745257736,-0.0847867139672288,-0.128313852785893,0.41888853100957,0.541117242396212,0.051127283816796,0.178681625823013,-0.0648298534745999,-0.112152651695423,0.244165605166894,0.0326482429801981,0.324115281017269,-0.021033788055895,0.373327652508754,0.319329897487418,0.510159147626708,0.209990804365113,0.303983847546317,0.272509657526174,0.102321014052816,0.296571812887129,0.264392030158134,0.270907088971091,-0.11767236828397,0.0481711274468715,0.141973460717052,0.142087657975032,0.0197141508175501,0.380033091760782,-0.0777061706964389,0.11540243167168,0.0700120391518781,0.339228177636376,-0.0861314534506101,0.37508714985236,0.10915824708571,0.381453393786237,0.103356888434555,0.234595871398924,-0.118799546566234,0.0814335597174254,0.0743467123702012,0.0997639886108495,-0.00292460455333556,0.132722615581715,-0.477195798061515,-0.0740481070764152,-0.0304473391708988,-0.0368597708741311,-0.065538097674674,0.0165914726277404,0.152789505785953,-0.0411591745362614,-0.0368629764924133,0.0797229674498374,-0.14345151539034,-0.114529612173872,-0.210588477557676,-0.355057800712501,-0.322252145009445,-0.151860092935534,-0.0794093524686434,0.0207338614943386,0.0978462296892071,-0.0505841143459426,-0.117313530381245,-0.124496521262056,-0.181993704409751,-0.130461127171429,-0.0535535357257132,0.0732081468707891
0.0808916642408764,0.312720008879582,0.147057600023045,-0.0893037371610673,0.164105860331221,0.0437489285180428,0.298056878727003,0.0426848542899797,0.367164273769853,-0.0533521687873918,1,0.469974104798801,0.189394717581104,0.283198152240389,0.366681419967081,0.442688702235601,-0.224737670200309,-0.151540060937509,0.149510258432234,0.135952980784285,-0.0752780533063814,-0.158045135174998,-0.170403709666638,-0.20350566710313,-0.156544591722641,-0.218838080058081,-0.12453724135394,-0.144066102223217,0.101317369306314,0.426646651905564,0.28948719963929,0.437807119934133,0.578815126157871,0.49738893885186,-0.0471735851818716,-0.0331238131793084,-0.0756980382272163,-0.208245976196291,-0.0391255688466177,-0.14557947429924,-0.0618646729680168,-0.302810623315594,0.358231147896255,0.324953433735059,0.0810574871467296,0.0345311967548545,0.177225544240965,0.0846404220286104,-0.097906995286789,-0.300744830647083,0.0510807481818654,-0.178657040184935,0.125575526588213,0.165034365050711,-0.149671055825488,0.0427579526742766,0.0271783912334834,0.244860816897117,-0.0976452585573896,-0.0165636133478076,-0.0887132071935706,0.120422828350469,0.189710164906854,0.176544137223415,0.0288841135053155,-0.207947044993649,-0.224620316847162,-0.245885861297617,0.0719174505799553,0.155088789590466,-0.184277095233486,-0.128034904000474,0.376056090745892,0.195123556475314,0.0593821794212604,0.137973655382557,-0.0121618098636006,0.0923440800640137,0.174812914817742,0.168067952105182,0.390009159296831,0.289401147720071,0.442216706746665,0.366809946537825,0.298492309681512,0.186354232125522,0.0647017041842578,0.0728329089140874,-0.106980467254331,-0.09641410829936,-0.0871047223367211,-0.0894668557111468,-0.301680774472741,-0.160601046479592,0.323104905821943,0.0064759502573212,0.111712089351953,0.223055277512791,-0.0337497032263477,0.0138695640530489,-0.228580459069862,-0.152505323448351,-0.0349527215765582,0.096583774081101,0.0681400596135389,0.137088856548249,-0.0835585567262451,-0.166627702118927,0.146178358129089,0.230026640525741,0.144338936992883,0.0343725033185849,0.0212523479416375,0.126014448170667,0.0771152328014582,-0.170052261295298
-0.015778233207304,0.223175824992311,-0.17975165046709,-0.106911880779834,-0.0407856083884249,9.0897058206998e-05,0.456582372882619,0.445017938822053,0.592155609855336,0.505972852261202,0.469974104798801,1,0.0413219933192769,0.428787714332294,0.175442424962243,0.486184500230794,-0.150878655251893,-0.167238957867173,-0.118355102730233,0.0919960509714439,0.00739521038566733,-0.215909324605913,-0.170336342957341,-0.111643428977525,0.083166557125188,0.0401311139195379,-0.0601911042750496,-0.190388178186606,0.154838764125726,0.306365012858627,0.288319729714781,0.334413868838538,0.208611103805788,0.60590124754771,-0.00630619913181788,0.00907108461897909,-0.291598702477545,-0.415649727852031,-0.0580235638070097,0.045464728232095,-0.00712157283112724,0.0995590832974278,-0.166195388785155,-0.236588928261097,0.210258191232838,0.207281947367102,-0.0975236587272046,-0.25906939200065,0.156925793606185,0.123795651122557,-0.0753234815207866,-0.036589109121865,-0.0820793663268464,-0.0710011613059861,-0.134087202408704,-0.098546234780393,-0.00319812697322015,0.0674857869077267,0.031660872673766,0.0963584171846789,0.0530087649875036,0.0812228230673683,0.322424120922528,0.26328336714106,-0.0840050648143581,-0.251236109897762,-0.186554548230618,-0.177712801990292,0.0101726943118521,0.142935061462706,0.121620471267622,0.189924045541625,0.308705079008325,0.423450266646349,-0.091918562623146,0.221971662413967,-0.0880218397280433,0.257704645953039,0.058908548359334,0.395648764760445,0.283536780546683,0.471502125713858,0.263293021572411,0.436070234340455,-0.0563771613602105,0.107576974152089,0.0949422077286591,0.0344972066139218,-0.172113979276106,-0.0708966681856527,-0.255742082684686,-0.239068339125843,-0.245384657628353,-0.148871624014785,0.238329796851014,0.0909883700116745,0.109358261729866,0.0685972654463894,0.0505266589411358,-0.00959951389584763,-0.189943959744275,-0.0283254785561716,-0.12376356598192,-0.179765860947534,-0.103448635266978,0.0600118696761565,-0.0959374433887637,-0.256794611548087,0.190818830411828,0.0724211162463365,-0.121928284091524,-0.105621672197313,-0.0247898026778596,0.107179751400078,0.0679027029618357,-0.0133959712002823
0.257502904629922,0.276611657132654,0.0798933648148321,0.010855278817628,0.154563850053617,-0.00256960451573131,0.190131969236698,-0.00651358951179973,0.150270177165882,-0.0419882142786541,0.189394717581104,0.0413219933192769,1,0.499842830732449,0.160708817164875,0.293289054483125,-0.0652809932634457,-0.0997836893644471,0.118944982162189,0.099900123355596,0.0885701106936867,0.0832299979614019,0.153995133575211,-0.136462789756909,-0.0103043012356445,-0.199261322401777,-0.223494458387187,-0.495829202745031,-0.0316675255412106,0.148810358677017,-0.105159172887655,0.126890025809046,0.47171214654663,0.455917576639959,0.14558613143988,0.150734039949976,0.131193920541413,0.0714205525168911,-0.113018094165433,-0.213138096558777,0.121305178916345,-0.10137106254034,0.123501365768743,0.0444332453044941,-0.106280278822444,-0.131510704789693,0.133230592591777,0.0569810427269904,-0.129088211278112,-0.217458412975235,0.00346317804394828,-0.145573843628642,0.115932386853953,-0.068771854693757,0.023085334952528,0.0117657930372284,0.410307896803826,0.403502042543968,-0.0256635096057801,0.0989764977950164,-0.0553981668232289,-0.0119656852218407,0.246629752125843,0.257047692786848,0.0110566926017444,-0.117582324930313,0.0128294511794099,-0.000906460887973198,0.118819389963593,0.211857426850341,-0.404751005241921,-0.363104354036571,0.281311119601271,0.221192046166012,-0.0040167689859116,-0.0184704084676014,0.237710767847256,0.311880147158801,0.31154607906351,0.244468357260997,0.636269994718971,0.424076638456887,0.319086423643561,0.405781360751956,0.465070787994473,0.271255798104521,-0.0186993515064972,0.128037664512651,0.0355826027979894,-0.0114227038731359,-0.156242557901325,-0.0951121236545747,0.0233058549991892,0.00370317066857839,0.300618830740283,0.0925102070688872,0.272255633975788,0.255285510349885,-0.0420460542596913,0.093744135503657,-0.0476996580181831,0.0891063749404691,0.127042505287384,0.184330078774245,0.238487653036769,0.222274011677611,-0.130234970387719,-0.0173833585398665,0.15280573123297,0.318168665271622,0.0699931211091871,0.059554026585327,-0.00129792274073527,0.0524700620032718,0.0735294974482368,-0.216468196839794
0.229482723394817,0.287841870926834,-0.0500788820459464,0.0346007052861654,0.085287870278073,0.0417439115539639,0.497264043543078,0.452706636802801,0.526872317148666,0.415468932735325,0.283198152240389,0.428787714332294,0.499842830732449,1,0.0969588486847857,0.265941901035583,0.0109548051410709,-0.14896600043603,0.00334713123828882,-0.00568317981743761,0.228950382847568,0.0168900850941302,0.000831400134249265,-0.166099912416594,-0.0298052670660491,-0.0931580870703647,-0.20327343558759,-0.363034337580013,-0.0086497340977679,0.16365973140211,0.123525756634995,0.0810614571564259,0.393402555344217,0.750655506904932,0.239529780086259,0.242135436976834,0.0179127579313046,-0.125161273745807,-0.0400177078129185,-0.0927955186354345,0.154102243630787,-0.080671875920512,0.0609091398665341,-0.190254349270389,0.197481888361358,0.111160731683678,0.168390790075348,0.0412472909514172,0.20258813618142,0.150358112026805,0.145104751458346,0.000107342099674641,0.0750939296941251,-0.0906056205498604,0.0990491377680781,0.0317294053366038,0.401157449838328,0.397349402658594,0.157948352360112,0.283704562706171,0.211099871772584,0.107339390936657,0.50934407364978,0.460237242017679,0.0153078370651565,-0.0844497846446228,0.0856883806904417,0.00809032898508986,0.111029668984379,0.224899409312761,-0.151962705075561,-0.228367394484139,0.264222939642059,0.445781000100849,-0.126959336814264,0.08211060887521,0.043201033882954,0.391578435235382,0.27652320549494,0.647420810396023,0.631214741426977,0.785298844875472,0.429318756369567,0.579821843958209,0.234334889424061,0.142239766442493,-0.0169473948337374,0.10330538575736,-0.202667468251161,-0.159948761771376,-0.364955386118489,-0.161561965681233,-0.115692237098072,-0.0962780756011989,0.230496457474831,0.127014626336002,0.395298398694184,0.32301528506463,0.080830558521142,0.0354112797626512,-0.172883058449986,0.0659315537390044,0.0119119831976857,-0.0813649916686517,-0.014586171851768,0.132835364899439,-0.0756632321714135,-0.108792204622374,0.257489555812475,0.354119616397971,0.167955261464404,0.0787590521124363,-0.0595885859035716,0.0652620863038313,0.0935671776276938,-0.206104725815351
0.222279911423737,0.447793388115343,0.515368959728,0.112567121290429,0.257839305793713,0.000513398288204787,0.036372941567974,-0.185932558183679,0.0406534845925718,-0.193002735645738,0.366681419967081,0.175442424962243,0.160708817164875,0.0969588486847857,1,0.693172590134898,-0.128637494067382,-0.025128324440459,0.638109287990625,0.49614319025018,-0.0369687235925206,-0.0887365674110172,-0.0905023533604872,-0.00504979776706669,-0.205143494302778,-0.198488333289131,-0.163512221286767,-0.26054954901028,-0.0107163617107158,0.15506952258915,-0.0326052237581556,0.147302814315953,0.348802400375856,0.0644774495754631,0.194220700732166,0.101562833823821,0.144805643792649,0.0625235831140276,-0.0702816261996395,0.0208304795678336,-0.0870196215833784,-0.0568801936354538,0.420143300750472,0.295178423045232,-0.0658698250490521,-0.0858404343497678,0.267856887078214,0.160402506744631,-0.30998879643282,-0.458489895219737,-0.0689934587185203,-0.346020592972152,0.351239778262072,0.295616803391325,-0.175613192542548,0.16961617176445,0.288777071210088,0.417735889548477,-0.242681722068997,-0.218613017640137,-0.292053891279208,-0.071158889565024,-0.0229279518931051,-0.0404576750425289,-0.000448275309824876,-0.313380391063878,-0.14662228015649,-0.264967970789372,0.54847650083675,0.289193372076957,-0.0215826887272873,0.0909825794384928,0.26809987019724,0.0488762716120769,0.141919348888211,-0.0707760720220019,-0.0211528304655365,-0.0188779176063371,0.0777977128609095,-0.0293852160015809,0.199685274649824,0.0603628226901379,0.15263184029622,0.0934074331903058,0.372181143831739,0.206060615635384,0.0595836634426846,0.183308809163944,0.103379222355895,0.0360646538466221,-0.096802411520927,-0.337198180078902,-0.237426735011152,-0.205577243610834,0.288443479098879,-0.0597411557750863,-0.0791164766839061,-0.000597610344632584,-0.17410891790117,-0.191498810246581,-0.164440249965,-0.0424739106283798,0.41519637113517,0.283139470906346,0.272539085989078,0.147370941546394,-0.151293417307324,-0.0960575778661915,0.130253845225496,0.104860115786174,-0.0153839180169581,-0.0433987775133705,-0.187996836310115,0.0592189250475174,-0.00544187665317501,-0.147598246645215
0.17834549311962,0.461548031270304,0.108643699500224,0.132770785358221,0.0150939592844366,0.0654741750448324,0.0867903169636698,0.0704928718676364,0.0923707275064658,0.0269276616441976,0.442688702235601,0.486184500230794,0.293289054483125,0.265941901035583,0.693172590134898,1,-0.100038276521199,-0.0437300444097972,0.250961071971595,0.454512918846492,-0.102019087336697,-0.207789945497143,-0.161133970238324,-0.0698889725017251,-0.114970629630258,-0.139012996146846,-0.234364036408226,-0.306485102119183,-0.0544205558840252,0.26969287772938,-0.0569140490769884,0.346555729157454,0.315981029918923,0.432837057679083,0.124131701897202,0.144350210325015,-0.160930040707294,-0.0983812809318922,-0.0357553565378979,0.0226868503365707,0.0472574019556667,0.130267928649078,0.241635389009024,0.168422102741668,-0.0951908149132221,-0.0142707258273678,0.16218844269746,0.0170937847240432,-0.161162219543519,-0.305074222193609,-0.0920812726868894,-0.225294103986424,0.190180864602746,0.0444309052829803,-0.220427783962413,0.0567214200461134,0.280543404092787,0.393557887297141,-0.154887528154891,-0.0498283051781819,-0.276965432529039,0.0269441222576419,0.191704642428283,0.210530366299918,-0.278514201204358,-0.408411208486109,-0.243005158036091,-0.203410796884399,0.407589761775953,0.36542845558247,-0.103650877349568,0.0528422394241609,0.344551990923945,0.288968966861956,0.000832380500248716,0.122996414032662,-0.0447707703635846,0.196160033611284,0.149443284398251,0.154922413677993,0.404241661828316,0.245188263073837,0.214918039718055,0.343788715683022,0.292181295927857,0.321040764830739,0.0960763460885406,0.28499209047608,-0.154117909749206,-0.0442043747178107,-0.0992667097813256,-0.288723285525559,-0.141953836434684,-0.256679426374995,0.338552099259021,0.0732593228538438,0.0523999836922642,0.0661473769440336,-0.119680271459434,-0.150687641586807,0.00581137960708055,-0.106081322721452,0.397761207640793,0.295742573348154,0.254866393880367,0.121319360683128,-0.0714665394027067,-0.153435305047901,0.198893315545459,0.222863998942109,-0.00097874516489372,-0.0730917606360431,-0.0616140203482615,0.149806136904347,-0.0636954699928439,-0.10156021514833
0.115121679327953,-0.0375686039511621,-0.144627582216864,-0.131784560327228,-0.194158030575727,-0.316132138286556,0.0340846502012137,-0.128890211555458,-0.0417819689963487,-0.00205570475914627,-0.224737670200309,-0.150878655251893,-0.0652809932634457,0.0109548051410709,-0.128637494067382,-0.100038276521199,1,0.414500571442905,0.0336721099019174,0.137640554704668,0.362122161325337,0.476444959903108,0.54970817648781,0.478983336249336,0.523928379208182,0.408515098568422,0.271550909720574,-0.000325503286196124,0.309927720067993,0.196554558317139,-0.0582193047530634,-0.119024628891669,-0.0585045450734692,-0.0487703145081681,0.12952645438781,0.136755652169281,0.254494922037689,0.380856173867076,0.329368073289043,0.289648091149522,0.308952147172528,0.0482572038992075,0.0840539825789221,-0.0230010205364798,0.0951066301985228,0.0598517026788056,0.257828518236956,0.365520855580778,0.282103530146659,0.121209247365337,0.346423654331101,0.284777300452763,0.118707781229793,-0.067785813005838,0.313635129337516,0.226494842210326,0.0230635850985332,0.0234471187648401,-0.0287614295885539,0.0338505871115067,-0.0954410928219087,-0.264003602681823,-0.0314632738138619,-0.153839073090268,0.000158753989669401,0.0545569783679994,0.236494025444549,0.342418439121804,-0.0613639065436593,0.147897919916215,0.14104177239535,0.287605923149479,0.0708355224880623,-0.0717770012048002,0.165995543940231,-0.00690553018529532,0.0450481584473295,-0.00588572645891832,0.100269769835344,-0.0702208371228255,0.128360907657037,-0.0206843589595196,0.189851498850869,0.17542220608404,0.279696675358279,0.193412145971822,0.361681863936809,0.218719337674557,0.158079570269152,0.0923316300597117,0.0498916689167773,0.237562796912503,0.192385798019714,0.21221719643025,-0.134813879803191,-0.0964428998723591,0.210570211920349,0.165989013071042,0.200805512843121,0.215257159740925,-0.0362536064414813,0.0792824711310988,-0.00387103225111404,0.0482470763212106,-0.0782185636480482,0.039547332358139,0.226230756509752,0.0436144716011856,-0.212523897474044,0.0437058590783598,0.204451341900468,0.193266831702289,0.218069962566934,0.0163874846503156,-0.123735491700168,0.0439676998478665
0.167796067233424,-0.120082072447707,-0.178415372561713,-0.133508846635851,-0.165173710465617,-0.215905057969374,-0.108135468610335,-0.0978528054924703,-0.123084340377683,0.0159622640751031,-0.151540060937509,-0.167238957867173,-0.0997836893644471,-0.14896600043603,-0.025128324440459,-0.0437300444097972,0.414500571442905,1,0.0712843911673581,0.00604020223543648,0.162963298679158,0.179257551344631,0.394539457166601,0.376003304370397,0.333808260901512,0.226678246819217,0.252388732084737,0.0380670863814572,0.207599405540199,-0.0108985509436325,-0.104725572507923,-0.137464717592899,-0.157503496856167,-0.135430105621248,0.173500458906807,0.230429861716189,0.0977627519467349,0.236072025074844,0.158167939763089,0.146177893053336,0.0441112250283298,0.0434889022560545,0.0527672641239159,0.0821870777445442,0.041470716054377,0.041899693111631,0.209318132514878,0.335367771221556,0.196829320826271,0.0563086698625141,0.10807535013699,0.129343067251438,0.200315470739499,0.168903994311912,0.173001219829779,0.146953440336572,0.116182823806624,0.00476337110631397,-0.0231199014858535,0.0738879919079065,-0.063941611698133,-0.139745570550672,-0.110136676304872,-0.103164936070256,-0.105638122357314,0.0439979470033727,0.132509137562715,0.283192208173522,-0.0514550318938927,0.091572563123566,0.23892808034212,0.225127291685024,0.118656762707889,0.107746727534936,0.1371164308103,-0.205453094769609,0.00208378079587088,-0.00123137148168405,0.130144714685806,-0.140680533572023,0.0158305640716572,-0.0825333526215007,0.0865958729911491,0.06642377655247,0.179410773132807,0.148273769217309,0.12518434112371,0.108798353525614,0.165477422129861,0.0401748173622196,-0.0194178429508832,0.135825509029428,0.140262067636778,0.147781696514301,-0.215463281718668,-0.154914118717604,0.0048369492419517,-0.00202863880655962,0.0176930060380071,0.059312258656068,-0.0436811834780602,0.0602152636523246,0.0494165018507162,0.099660874995303,-0.0745901738684434,-0.0180919671608513,0.0795896421555108,0.170156129610735,-0.227596524036036,-0.0361062136298281,-0.0820679871259167,-0.0870769358757244,0.0216507025952374,-0.00806511523089776,-0.105884905585367,0.121642073644435
