1,0.736054980700435,0.0999190769211463,-0.293524275259861,-0.137602331829338,-0.251245151741422,0.430735227375004,0.182976231137787,0.440867814162465,0.138149815545569,0.378935063848976,0.177043499336258,0.451580286415381,0.460526939494047,0.557120335186819,0.50419594650443,0.0322767233686251,-0.102314355692161,0.309053972245273,0.22635374270041,0.0913409309195526,0.0044138874958951,0.134934085486125,-0.0353728288956111,0.0750710128832765,-0.164143145428068,0.131371374099284,-0.018172388499743,0.26301132270845,0.155679645477648,0.22746613231462,0.107320310903684,0.324825725883641,0.256729223328895,-0.0467842959870463,-0.254522574056363,-0.0967830715997139,-0.137371313480403,0.0484874692760108,0.105230565319284,0.167084435463981,-0.0461910093226229,0.473884792968234,0.446902756561944,0.312512327434126,0.387099702581082,0.408325378568843,0.385765688775355,0.480324686350374,0.474505970460709,0.293247887999557,0.127743927449662,0.40519935815332,0.461252986653318,0.176311816785112,0.347441647056371,0.703404722834165,0.535989729272509,0.246116077232888,0.111876057379484,0.0749618525641233,-0.196604873967039,0.0253127545137195,-0.237965297703571,-0.00337169050034398,-0.149080669992677,-0.231985341383271,-0.292059372415206,0.502926740261634,0.374685069078792,-0.174198573047248,-0.0630552307965438,0.380200804142368,-0.0555489997625937,-0.0512207594136687,-0.0462797024562995,-0.0458212611771628,-0.17242774133212,0.366310063410374,0.441195769268988,0.222400025237601,0.237444840967737,0.291793849791032,0.130368451660828,0.26907527409022,0.151760542165532,0.231517195315393,0.141415250171902,0.0655142658111972,0.290359672318873,-0.149056605050108,-0.165438212549627,-0.254422850426017,-0.0888609686979741,0.14070343587547,-0.0844398419482527,0.0838950322476267,0.224732360586855,0.154265882955504,0.0761192339325543,0.0191477746048956,0.0397410307629771,-0.0535933918360766,-0.0508906067453354,-0.144413527686606,-0.0838532356727253,0.110157834674548,-0.00947612696036017,0.026636975934986,0.153616827732522,-0.0383865850929663,-0.0615875632200173,-0.239575954798459,0.0103904192198246,-0.137136140341531,-0.0118784532828921
0.736054980700435,1,0.0941079036021054,-0.114364854985178,-0.123663085285301,-0.0978721204734346,0.234978393801039,0.149000869515769,0.258514791909272,0.0727305400928253,0.234308926041398,0.189375510653068,0.51625532423812,0.558825594241712,0.380790361254298,0.464015742972237,-0.0290114256597889,-0.150984066064753,0.310579193794935,0.284157012034397,0.107765024313525,0.0335865483900323,-0.0682771592714021,-0.167080272561692,-0.116509009573277,-0.406306854196232,-0.0272054905069452,-0.163384845818915,0.08594215189267,0.205214921996777,0.0463017440610491,-0.0264174750048779,0.343561843472045,0.355126278062292,0.0222741479293192,-0.0857240898622532,0.0115582435012228,-0.0526656700946346,-0.0969667156215292,0.0806594005729003,0.184132401391419,-0.0672483899010332,0.476482107862421,0.468174036794513,0.454213481835372,0.500489606219078,0.5316816292563,0.491109188408431,0.578605210245492,0.470220332172538,0.443110879700861,0.251359804113302,0.472451144099625,0.482520367065374,0.284345193440802,0.358917625691206,0.817855469903463,0.794636487074777,0.195705540482552,0.242947463767225,-0.0576296236549948,-0.229136769449771,0.070654014219213,-0.12629172949083,-0.00500907636530754,-0.112796588159943,-0.0129504483510695,-0.0907508472810252,0.662996914938501,0.561829296363947,-0.218158281217835,-0.207006769916814,0.233880857742702,0.106867693684259,-0.0171064924526365,-0.0292416244426843,-0.0749878934376522,-0.0992659370955684,0.330631688311874,0.54551057534545,0.308796366717904,0.363287301563532,0.278535101010529,0.206377343443835,0.230088720057347,0.274090923711976,0.183739253099322,0.151709439652979,-0.0526595564858962,0.22948489897287,-0.271499107504694,-0.420187515105427,-0.469350933440429,-0.351550548513896,-0.0615455060578407,-0.233373621748568,-0.0864693388003341,0.10677031715925,0.0636422926863556,-0.0853107710411713,-0.16656325264149,-0.164040166339748,-0.143654140679924,-0.234741661771474,-0.270564150354147,-0.182737934849806,0.0494835032769696,-0.202182961065628,-0.0341035592854241,0.0162445453533042,-0.0774512413443946,-0.273227900941837,-0.380758811097697,-0.113720490898984,-0.253382900540488,0.0888663790994957
0.0999190769211463,0.0941079036021054,1,0.428723933130409,0.633030004430752,0.167174281095546,-0.0416335499219596,0.0633446206494823,0.34998781590641,0.194927516164085,0.326496073721172,0.089572691505718,-0.143213089839536,-0.0975888554642798,0.180736021403508,0.210750535680109,0.0084558284928085,-0.0524812576246021,0.691813209398415,0.609781670278517,0.257957054094733,0.0610552901045595,0.103181977093853,-0.0850948371067836,0.0690846571066105,-0.227957738406623,0.238228390160411,0.336823177211614,0.277102604688086,0.249966715198996,0.544183411304559,0.155294403530783,-0.0613984506943266,-0.0674668524635131,-0.0529344798237888,-0.217070796742297,0.26602235388342,0.0861774602918844,0.214382778871963,0.134151122068911,0.0702626519112995,0.111312856570728,0.116293422241608,0.153850560537645,0.0191360960412726,-0.0297850350730366,0.165064209980169,0.217988888117402,-0.017570297037672,0.0599415624100902,0.379923983583695,0.167250070852607,0.216467604477629,0.246598030627774,0.327734854640896,0.296852374455714,-0.016019282940407,0.0930650168224317,0.15343666984001,0.128389138267996,0.221257393515592,0.00569296000004708,-0.0414741058201125,-0.200124874442359,0.507132292883429,0.379527147140163,0.222656154425534,-0.112017163077369,0.0415277698935231,-0.0421510627689538,0.0771847638844158,0.257520342821657,0.13036930992144,0.104341335073297,-0.0145808189008049,0.165737821766771,0.0606566469227539,0.00219289105960324,-0.101744866036181,0.0919495118762781,-0.175855862249754,0.024745924282306,0.0523043008183656,-0.0475990594985438,0.4186208038031,0.108817795378424,0.286816312553953,0.302463240111647,0.313687113077121,0.360952613877021,0.163436650798621,0.352773087051535,0.0828049219207743,0.378878164081958,0.226787501396336,0.213068286269724,0.089316881770442,0.156678897579016,0.169716708186045,0.105936719618345,-0.116800142248934,0.12943958672766,0.0879531097863555,-0.0119441816377561,0.0668433404562644,0.335764497469204,0.114569035639278,0.0926025567269307,0.0540410647178955,0.141482211828351,0.13980820940101,0.126256540918952,-0.142275786817401,-0.110284711351039,0.135590023231722,-0.073900919230185
-0.293524275259861,-0.114364854985178,0.428723933130409,1,0.583695642888196,0.738880492863261,-0.324057640401237,0.162285429658032,-0.146998693030625,0.25674519862737,-0.354219933374853,-0.142309155380366,-0.424460951334689,-0.418817331135164,-0.411408355553181,-0.187337102774269,-0.0370812111108011,-0.102837774868246,0.201773680938107,0.343702302852014,0.174563550745492,0.0405685522884111,-0.125811656763093,-0.14451508885304,-0.144087191233914,-0.1042885372338,-0.0718496274344065,0.281082267444324,-0.073391334152035,0.0216739457945199,0.121882720183695,-0.0457432503453657,-0.302281679403096,-0.32274800235112,0.057473771516942,0.195295784319419,0.238207989885977,0.348250320297347,-0.0620708611609821,-0.114328190736337,-0.0913620115598702,-0.088089141604577,-0.101369636393553,-0.130525052469341,-0.0772609687803196,-0.188354729584782,-0.154107035730585,-0.122223929430984,-0.288832502600625,-0.279058899808657,0.0507848528545334,0.187191751774949,-0.219072752517476,-0.209170491495271,-0.119309681111218,-0.275195793136243,-0.215107529512014,-0.0258852912395558,0.0059644460560177,0.294159371752698,0.340139650391206,0.532873321349098,-0.125661355693197,0.173403481356738,0.380257752064197,0.62462898842799,0.386486860042119,0.361447976879746,-0.0219639362740315,-0.0665737552169287,0.370238330814251,0.127499013293389,-0.23450493080325,0.0909545600728039,0.0746348476990395,0.0422088288699433,0.0765574024178524,0.293191555075909,-0.230894461450822,-0.248253066090157,-0.353852119933481,-0.271682117098882,-0.364915434937033,-0.33439264760436,-0.0804166746473435,0.108208447215089,-0.0575029833426398,-0.0338958317206923,-0.0764288904757212,0.0119308688624946,0.138538619550971,-0.0940844378124641,0.268314184020237,0.0420700949690803,-0.166738972414119,0.00479493598216435,-0.0974979462798659,-0.10077135543268,-0.179851101479003,-0.197878630905605,-0.106890422577036,-0.106846371933704,-0.11713942330625,-0.387144840875476,0.187049790442713,0.208867047536707,-0.0569628403795938,0.00665199247124029,-0.247004344793641,0.101734726247089,0.100061109602677,-0.056869744785859,-0.0451969344314584,-0.0487793543183976,0.208058869820501,0.00550929000655428
-0.137602331829338,-0.123663085285301,0.633030004430752,0.583695642888196,1,0.56219772164228,-0.0791841733808366,0.066226648138718,0.182984600734637,0.163681040552299,-0.00150419234337331,-0.110541672745684,-0.271614534497559,-0.307273873538598,-0.0930564498819006,0.0173117377032401,0.0476908411672209,-0.16031314495645,0.370507565427162,0.288344461741423,0.2564739096084,0.104895313702937,0.152978709541386,-0.0126351391504561,0.0887118340506961,-0.0568283656768953,0.191538898858568,0.333770250120111,0.230055334985905,0.0204464418201196,0.327250478288626,-0.0141588357811271,-0.0580069564459758,-0.205718057421368,0.12473107629315,0.0401399198326649,0.229828712506831,0.169269533865381,0.121063637424957,-0.0630814899576819,-0.00404479756081413,0.0983619171081075,-0.140252274077583,-0.198468440929344,-0.134663772382807,-0.27448311135128,-0.238185393146226,-0.197356040073049,-0.259822884969126,-0.233006421063084,0.0389310119017108,0.0723778323279697,-0.195917900259307,-0.0752379931119324,-0.0805560172447547,-0.154129269106332,-0.235655943852753,-0.17622905878845,0.0826107320730288,0.0384999621690721,0.580667866502688,0.295767539659225,-0.050135275104911,0.0121525374067478,0.570142553210456,0.506387994554287,0.364957366829696,0.102892509864842,-0.118704772304675,-0.249631897065777,0.139772072703051,0.127493902713416,0.0144556130402329,-0.00464755945577567,-0.059253076559321,0.0805581025003732,0.0598904003595289,0.120246316442138,-0.189675388573322,-0.111939458512511,-0.265186392780873,-0.139937707022326,-0.10896448992054,-0.231953339219733,0.159788462323498,0.0984732226988221,0.0117674468144017,-0.0297715026805563,0.264323803656862,0.141927055862534,0.0806605403819932,0.135443945910228,0.21091920606735,0.369124641564323,0.176524836360533,0.103243054256826,-0.144255504176925,-0.173244338486362,-0.208753511029331,-0.317097597482469,0.0253108070718487,0.185389258778373,0.116411863759915,-0.0822893631610206,0.155127511934325,0.349037234616288,0.0362021032321733,0.131036271164845,-0.0365943081325344,-0.0558548154541322,-0.108309184087666,-0.107872338583964,-0.118681619103149,-0.143558759155411,0.179150214837987,-0.0912323693932033
-0.251245151741422,-0.0978721204734346,0.167174281095546,0.738880492863261,0.56219772164228,1,-0.101402215876916,0.337333154777977,-0.0345662662817538,0.355035009047518,-0.285307746448522,-0.0327575780502308,-0.298082653372151,-0.299221362515725,-0.305576947091047,-0.0704953570259989,-0.132331353701194,-0.154400844535714,0.103663585774549,0.0955897693946151,0.0794200631680018,0.0105649803878085,-0.0913835937492981,-0.0819252379127166,-0.17672329258906,-0.0918022173819902,-0.0645452625081573,0.241435487474179,0.0041553283429123,0.00522201914360007,-0.0125467970744751,-0.0188253380660145,-0.089908213693498,-0.143774411772804,0.186297070597137,0.336345283463293,0.17639210068742,0.243590711548941,-0.173638130368888,-0.252512157658998,-0.125128756004468,-0.178702609247986,-0.105592319478873,-0.18922376078303,-0.11824004240124,-0.202509420244382,-0.22868420033347,-0.22870898945296,-0.243516546210013,-0.321683990581317,-0.106884967451792,0.0534316778494734,-0.233903794415469,-0.228242787638218,-0.28693032929991,-0.438822921249321,-0.186014166202952,-0.14735272122359,-0.136340138945359,0.178094722591297,0.513998566488737,0.64285118820482,-0.000373728434748692,0.384023406043092,0.348291293885077,0.575208936928633,0.254796298234253,0.276243628536362,-0.0724478617396149,-0.197182047734193,0.224695973131706,-0.0379936466415336,-0.170875211290995,-0.00330274781243316,-0.00603314778661383,0.0206371123312862,0.0912083417443367,0.324662430090869,-0.124587221212984,-0.174582778615932,-0.249536558832243,-0.207258026310111,-0.310715494045355,-0.282539023239698,-0.056942917196204,0.124264520843513,-0.0374464792875516,-0.159431952896372,-0.0830148422082719,-0.0746882512857637,-0.0447514585426086,-0.184865620584063,0.219360834007957,0.0187742066418372,-0.233684623533594,-0.10138517692453,-0.291684539527719,-0.266742857288216,-0.433771352374074,-0.35841116850435,0.0472780551864575,-0.0594727730504202,-0.0569780172819367,-0.340542686945286,0.130906423253877,0.186008371626824,-0.0460498962566631,0.0174514475160624,-0.192942669032883,0.00492443565881748,-0.0920378904764135,-0.262467091363636,-0.0145344239863833,0.0492711646011912,0.226074308373418,0.0944743735408159
0.430735227375004,0.234978393801039,-0.0416335499219596,-0.324057640401237,-0.0791841733808366,-0.101402215876916,1,0.425000558911464,0.561900654531775,0.339333977995016,0.579217653462859,0.449041219083734,0.427924904668477,0.43273645908724,0.54825625684496,0.487343124981559,-0.229102911779634,-0.226612197305121,0.108585734611526,-0.0631942700125102,-0.397859963059623,-0.265908421917425,-0.0777714344624803,-0.162314271499892,-0.131346543630566,-0.0621440487109539,-0.0678220191685176,0.0391465431879991,0.146361968886278,0.0624121950826236,0.181338809728408,0.395069818037062,0.480809675081507,0.35197469614423,0.0860179161150043,-0.0834732997954486,-0.348845401092967,-0.332202569450263,-0.000259738875859532,0.0345895612652708,0.117247771168236,0.0302798031466322,0.220626596690802,0.214389512291627,-0.0158298938781222,0.0121238880317045,0.179182140193396,0.130419741233331,0.147283187258875,0.0420861135909268,0.0321179573108336,-0.0949391852250061,0.206666602951295,0.0784917454251293,0.0772369471792465,0.131936022637213,0.240552854620758,0.122675847380021,0.0162268091490408,-0.120148858391268,0.281540446293498,-0.00710076588234284,0.558072829526857,0.229456204354444,-0.139035928817954,-0.155193323617582,-0.379979759937472,-0.427465749397812,0.127597784732187,0.189558431290844,-0.350131952796019,-0.1311366296127,0.391048142859505,0.144018993998106,-0.085462247043256,0.0754646447483411,0.229137226622265,-0.051083104910195,0.413798274554388,0.451795884187666,0.453094843082798,0.357464469383067,0.351255119754648,0.26781905685788,0.277923719317866,0.0802214181292807,0.0934255071477226,-0.0737668660844549,0.217637017175371,-0.00819623427745828,-0.126864256948871,0.16289822598298,-0.0306158452083849,0.130124337744267,0.149273552022285,0.0498250977422893,0.0431917381100022,0.134220273902916,0.0277654718580906,0.157019088585006,0.142088080239401,0.326380706003985,0.105933137875529,0.274825975970122,-0.0603175729994702,0.0714969784029671,0.052573343646725,0.0648314574510977,0.118691044752138,0.121866304488195,0.102992106983362,0.0939056942283797,0.110994813438768,0.278739918969933,0.0529589907868724,-0.093444372182816
0.182976231137787,0.149000869515769,0.0633446206494823,0.162285429658032,0.066226648138718,0.337333154777978,0.425000558911464,1,0.455343423975204,0.730766746473869,0.34586217724403,0.442043420100368,0.0788593580741162,0.0947153804171594,0.246573854832138,0.254227861673242,-0.23737550115752,-0.186846058308315,0.148335813090671,-0.0019219715503801,-0.268534071267847,-0.25866292376644,-0.10131955210696,-0.0570944797806407,-0.173972891255377,-0.081303533897651,-0.0800399295280722,0.252705539328809,0.285584828012237,0.205185017091231,0.162572099357787,0.39821562611361,0.252343658065379,0.219621873116573,-0.103271879930657,-0.0713193379387273,-0.049305349456997,-0.168073186621834,-0.0651188932437932,-0.0641661808114529,-0.093351152753764,0.0209565204989439,-0.0994135884077706,-0.0866336141723025,-0.239181189373131,-0.262425985727423,-0.0490886527758557,-0.159134135096796,-0.208912106250428,-0.268488409354187,-0.232821941160675,-0.131149957940742,-0.0389373209480729,-0.139114341980501,-0.0811898765172069,-0.188612307868279,0.0703063282081978,0.141176220543358,0.039344810780294,0.289987015011883,0.447919837003972,0.508008562590491,0.245944335380045,0.355509427577344,0.213661749963255,0.285847684759955,-0.299435202727963,-0.407580604357845,-0.0165190669716426,0.0333209117413608,0.00295544616605701,-0.103350354355999,0.0166347462508882,0.115443741748132,0.0443778664906897,0.206862778064648,0.135697337118143,0.129800783340944,0.153935468094351,0.17330937927849,0.105784651606768,0.081781308916512,0.0276799135797735,0.101050859674639,0.209939129277225,-0.00501525362805907,0.0949999163340894,-0.10009711537118,0.0576808188429105,0.171703802244805,-0.130454974939957,0.0609823328920335,0.083677877623463,0.022128144087097,0.0389429402981773,-0.105655977906961,0.0458414604097444,0.0580799754331317,-0.0825148070554538,-0.0560896979502943,0.00763007988449492,0.00739272399192494,-0.136179991068615,-0.237274224282747,-0.188824893005829,-0.125758750004488,-0.0496081194247515,-0.0992409784209617,-0.0792528997876254,0.225837519266939,-0.00162594924350922,-0.016828341621765,-0.0405431077667438,0.124440621656073,0.0543944000802592,-0.0682616929139198
0.440867814162465,0.258514791909272,0.34998781590641,-0.146998693030625,0.182984600734637,-0.0345662662817538,0.561900654531775,0.455343423975204,1,0.609864558709489,0.775782866815079,0.451239880728949,0.157280507633951,0.131977715406143,0.556996517734286,0.315587510673323,-0.110759517245725,-0.31745908925357,0.506033609344709,0.27437809202403,-0.169558270028388,-0.205306433146885,0.0413926126345347,-0.0798570031481414,-0.0179500655484332,-0.259013469803436,0.136376919902026,0.270493245690255,0.397299246441947,0.289648051590243,0.523409396578419,0.439397837247883,0.174121193851373,0.0960282083849173,-0.250086165552448,-0.400621131411124,0.0395084453521087,-0.172002057574512,0.101431643865258,0.081103869177319,0.136365031189112,0.0599098034157285,0.111183522096879,0.103824240537114,-0.0129783495068621,-0.0844802938739701,0.195802164096629,0.0871048920545776,0.0827506975692987,0.0378059376622237,0.109579573556389,-0.14091322232526,0.212506708434833,0.143233305627729,0.207084425975702,0.166485652672797,0.118681991333487,0.108424941606481,0.144697089481614,0.0108283182651444,0.293059174769173,-0.0572650403885359,0.161979845871971,-0.226062266774859,0.414894710192533,0.179198935014183,-0.267916000654963,-0.566590756662547,0.209026449646808,0.0362061263224765,-0.232739463840667,-0.0376526197685227,0.269799137264239,-0.0080060235489142,-0.0555189165840408,0.0855406880937353,0.0710043396433565,-0.179389568535278,0.0610725852986455,0.231152326405281,0.0992572777864093,0.156838595583602,0.294758469737294,0.185950894729454,0.636777551714814,0.152749433496196,0.392110114533405,0.122057075528201,0.326284712956284,0.32457619642824,-0.207567753998632,0.294235298825124,-0.0798035389004748,0.360348295370775,0.212179169224022,0.034523193639613,0.0650746371561449,0.169902642471083,0.0286911434501474,-0.00577065124023721,-0.170019227636195,0.198658792833636,-0.116126935501832,0.0270780419234083,-0.191423279554926,0.0162086804318997,0.121693052981007,0.048805729003689,0.140112593128059,0.260559579025443,0.0824535897092033,0.0972392793291821,-0.166610250601698,0.0326148565260274,0.0978831449904353,0.0151596469635547
0.138149815545568,0.0727305400928253,0.194927516164085,0.25674519862737,0.163681040552299,0.355035009047518,0.339333977995016,0.730766746473869,0.609864558709489,1,0.408460790548251,0.423907771585078,-0.0798408718939919,-0.104843082440349,0.148077509216048,0.0991932501651169,-0.167983483766827,-0.265405907503925,0.403300895538658,0.256951138939251,-0.143907644843701,-0.160005855968255,-0.0192097931477914,-0.0888722834413196,-0.148979906856179,-0.121977822627421,0.0214771419408707,0.47141962014318,0.321210012032683,0.33227093927928,0.319147362135057,0.540065452253266,0.0541587503235295,0.0267183693998619,-0.101900131094524,-0.0606553164895652,0.232839925714346,0.0432063700469175,0.10054731564296,0.0371041927163677,-0.0446679641249652,0.0559257657288239,-0.0713403357683795,-0.0783721268524181,-0.104985536867162,-0.220406542898496,0.0129688569874868,-0.0766472611793137,-0.221766706205897,-0.251458419915943,-0.0551397157284425,-0.12309313722516,-0.0499007402221107,-0.167032038515699,0.0307214598917362,-0.110056858758442,-0.0611943552585273,0.0270620908992148,-0.0359882543380139,0.230981168621802,0.373940624153606,0.401358713477341,0.130322348905297,0.085997316636083,0.440016223208163,0.468857887552409,-0.158707386981423,-0.309901763665735,0.0382435144444431,0.00666607208094333,0.0517289430900945,-0.0609274164194696,-0.0275443517698573,0.0602097556923504,-0.0143523112675518,0.0901873550300353,0.148210682117445,0.0786866912955818,-0.00838728136653028,0.0439305796379127,-0.0227289633007433,-0.0120145126398384,0.0797713894534221,0.0165455929190429,0.420497129253066,0.196884996668595,0.272967942470302,0.0140758121323594,0.196095262039906,0.316468480690415,-0.188887702067048,0.0895229953416599,0.150603765818536,0.187925321157634,0.0895768212426035,0.0272669418892555,0.0283666199202506,0.134821619940195,-0.175530910220863,-0.198774946071829,-0.0794934016111255,0.0280944578429583,-0.173803553309471,-0.234277968802061,-0.107219145507826,0.0311428459022429,-0.0162786862042299,-0.0120954845203156,-0.135087599798752,0.329471601278779,0.140576358374925,0.0592202693232469,-0.119859348039258,0.0786143110854323,0.139750655486468,0.0830652853018099
0.378935063848976,0.234308926041398,0.326496073721172,-0.354219933374853,-0.00150419234337331,-0.285307746448522,0.579217653462859,0.34586217724403,0.775782866815079,0.408460790548251,1,0.619235029699119,0.29099962985142,0.30941187690184,0.652017424579109,0.448671699888729,-0.170744183869742,-0.149883708883699,0.462327185376813,0.251451293220289,-0.251120539491379,-0.221848646096414,0.000472481661709599,-0.0651780124557679,0.0151912187189787,-0.158749154240292,0.141628640279157,0.21800208122169,0.40226452911386,0.346646806452835,0.44199545287694,0.480175963659358,0.350774426867668,0.326703225527151,-0.117305876579208,-0.288815577044198,-0.0519471755969722,-0.249909063031786,0.122716991800327,0.108617530232762,0.135678972518787,0.188000733545884,0.157548916223443,0.214027697461686,0.0363486245163939,0.0307637626301529,0.30127555317258,0.192589495197098,0.162120499498877,0.147241962358048,0.137005943159252,-0.200182024507228,0.325100917876106,0.266278006599748,0.285853865013792,0.344178517483729,0.110884306500064,0.0989394787445129,0.0582052943660187,-0.0108673464566629,0.0648436043374948,-0.167645449169634,0.321497913780894,-0.0962173034339305,0.145365453196608,-0.0291683301852783,-0.34115492456186,-0.53242784309778,0.116922561928133,0.076367623315023,-0.267821133183866,0.0587059466887691,0.454730695145071,0.212447847776895,0.0191143736819872,0.227134822337452,0.115114931148452,-0.127580980580267,0.153099395168115,0.346565720407942,0.284010728603634,0.342674948698008,0.468951698863478,0.332683224834351,0.67602664873147,0.163874177896414,0.399479736307814,0.191675264881555,0.449966003154351,0.344120801312858,-0.0390586005189973,0.392853136619636,-0.0411513705884643,0.357332094949813,0.203064208182319,0.115584730515854,0.0779756498636533,0.171063549315299,0.193038630480809,0.185639750568517,-0.0585205151346113,0.269213986628537,0.120725411287131,0.24592471480515,-0.153004826242476,0.0180896487144078,0.0927246724280233,0.0921724676171154,0.183067316544789,0.162479867271066,0.169650969991706,0.154606244034631,-0.0603566781708524,0.0656439230773411,0.0176376547132625,0.00170361282260198
0.177043499336258,0.189375510653068,0.089572691505718,-0.142309155380366,-0.110541672745684,-0.0327575780502308,0.449041219083734,0.442043420100368,0.451239880728949,0.423907771585078,0.619235029699119,1,0.317700118814634,0.359778904341803,0.306288089381652,0.326131577969078,-0.272479168031916,0.01553475642433,0.156612164543103,0.152098653585348,-0.270054405959926,-0.148890975200163,-0.14534046424927,-0.117432012110245,-0.256002917703298,-0.10735922864083,-0.0661903659478358,0.125182853232442,0.168436106816778,0.430269691568597,0.137863544284062,0.534469556782248,0.490609133312951,0.53463940047785,0.0737419834367418,0.114722737596336,0.021209140035862,-0.0728569234290711,0.0907469135711929,0.0892291777133566,0.200718683450886,0.140994688412786,0.130184448382872,0.186463887772842,0.0498831717604462,0.0972601542628869,0.284459207331064,0.184570185346954,0.139499001482079,0.0122605941293431,0.121430798799596,-0.202248209823991,0.270232702751322,0.192097656537077,0.256842740315048,0.201393695426718,0.116171134120683,0.19824781962272,-0.165706788920524,-0.00445897549691525,0.0570591582471812,-0.0129808111014654,0.494230670959953,0.294450590137473,0.0614012322674455,-0.0415225533940695,-0.230650431964512,-0.357509171791649,0.0909463632466761,0.163103194572832,-0.106737678019638,-0.0243537058841518,0.306212393332002,0.349351058434869,0.00801605787844839,0.177021986956755,0.154703340222574,0.0326740311169988,0.141752452613587,0.382064943413273,0.427768297121462,0.463931702377983,0.484743070178872,0.428862295555583,0.472886848417788,0.268983134260576,0.275284160432962,0.137494222577758,0.164156482938302,0.172721881396394,0.0551390800018127,0.156307976829614,-0.00400572264249138,0.102762316153975,0.0419101847684125,0.102951920754342,0.0603600884742922,0.0812988775964443,0.150140932098498,0.178578840585057,-0.133412903069798,0.152169325441096,-0.00079307126557891,0.106729834957819,-0.258479733863737,-0.116353233557904,-0.00668418222424995,-0.0571922899091419,0.0664275145074953,0.205070137637588,0.346483894390437,0.137271636114467,-0.0651930121455225,0.0202452250368138,-0.0680396647220508,-0.130816626574844
0.451580286415381,0.51625532423812,-0.143213089839536,-0.424460951334689,-0.271614534497559,-0.298082653372151,0.427924904668477,0.0788593580741162,0.157280507633951,-0.0798408718939919,0.29099962985142,0.317700118814634,1,0.846994074634451,0.42538550552667,0.512715940060917,0.0231557810506159,-0.0518774583168233,0.0231466202784574,-0.104624313979614,-0.0847585681267891,-0.0199526779460296,0.0761613383130394,0.0204088765371039,0.0443445855878492,-0.0908022010627219,0.0279495796790738,-0.165003505527604,0.100040804416341,0.111977696371915,0.00179552675815815,0.156190778022678,0.697570601218072,0.651080000695373,0.170485023378171,0.0212647623106148,-0.112849331823009,-0.215569972966654,-0.000412057794227331,0.0443192884426542,0.29547776098661,0.0925918598459565,0.315157080460424,0.321427223373207,0.240292934946684,0.356601722420413,0.399632584676418,0.317693864542821,0.498018584697382,0.404835567678473,0.288032994549221,0.079255853979878,0.394744505867664,0.451301717626522,0.323025296987079,0.389473141902851,0.660903109384552,0.529174160696788,0.0618566200965427,-0.0475860346648004,-0.122148264203602,-0.310042120272458,0.382142046710586,0.174781092264319,-0.239680002406908,-0.330705479197453,-0.158534086787551,-0.170193240496929,0.387516059258033,0.431468407023939,-0.355928876710847,-0.180671249230472,0.378026316790265,0.306874565897447,0.0282089455076771,0.055947410348867,0.076613652386887,-0.0544475993094517,0.562821379470643,0.73746085570346,0.757921398900784,0.663340797977093,0.53254943033479,0.594605137281249,0.250900795625712,0.238378860829119,0.156242963978154,0.0712328109033553,0.140194054058044,0.161190953400095,-0.136151001454363,-0.182500522092401,-0.311501443525933,-0.170399979487183,0.10957282169881,-0.033499084001936,0.0609987454680532,0.169962851685939,0.243728543101257,0.101783871033417,-0.00804889970683131,0.108485616548563,0.122320281929724,0.190233082497567,-0.292838022707049,-0.211860816010157,-0.00288398722069112,-0.15905095675888,0.0609438696222878,0.0320315148906621,-0.0353833271503912,-0.110671374823505,-0.19709207891537,-0.0175772507175046,-0.36112523525999,-0.0515536047817717
0.460526939494047,0.558825594241712,-0.0975888554642798,-0.418817331135164,-0.307273873538598,-0.299221362515725,0.43273645908724,0.0947153804171594,0.131977715406143,-0.104843082440349,0.30941187690184,0.359778904341803,0.846994074634451,1,0.521851603508557,0.663064449483978,-0.0350624970602164,0.0287242319709926,0.0181612354287829,-0.0765834311875128,-0.158994962852974,-0.0690919924648944,0.02035539352489,0.04131064985936,0.0252231216975613,-0.112563216834233,0.0137916509976508,-0.226460363538867,0.063799316156923,0.129438245776138,-0.0628893521272306,0.0930332417216913,0.679423957688816,0.724537330667034,0.216004543623173,0.0212778007862464,-0.211209223854421,-0.325131333087501,-0.0346557344369308,0.0731187193031576,0.297120385094228,0.139372890046057,0.283082948039163,0.390734281385387,0.224581778866617,0.37894410588467,0.419752788763255,0.38533049175053,0.536785741244469,0.433887169020419,0.332619934111678,0.145024828731815,0.499121680368925,0.503463970533102,0.358116591460749,0.439674309288311,0.694768131989272,0.603484164578161,0.145448511163878,-0.00830601181946014,-0.183480532541186,-0.376571788589901,0.465583444069898,0.235975566949959,-0.352022689782844,-0.4724040004551,-0.206190738766908,-0.238934633963016,0.375539111588407,0.46998459237969,-0.284657141529195,-0.147005008910699,0.418759597978813,0.308845457318096,-0.0479416883577081,0.0619888333873709,0.0354847502950123,-0.0731796309885004,0.62163108350743,0.754438173966374,0.721740683657417,0.728441056709095,0.496081770944521,0.596302836323307,0.189359626190572,0.152846572620985,0.1165153322662,0.0797087219569157,0.0883437025292552,0.095056631679725,-0.116370773538883,-0.171402220709975,-0.360718611093486,-0.257763894647164,0.0710593354890542,-0.103391723713959,0.00284786550909192,0.0856790172976452,0.26688919998906,0.184861337034654,0.0570618256350827,0.0804187479304226,0.171175414865379,0.242755327681544,-0.249076876736097,-0.23117471214175,0.00756161338531216,-0.231879822301934,0.0778933336835997,-0.105042620606217,-0.0775019146157592,-0.0916311535455087,-0.165878046604824,-0.00375920940361486,-0.330833023362078,-0.160377818112661
0.557120335186819,0.380790361254298,0.180736021403508,-0.411408355553181,-0.0930564498819006,-0.305576947091047,0.54825625684496,0.246573854832138,0.556996517734286,0.148077509216048,0.652017424579109,0.306288089381652,0.42538550552667,0.521851603508557,1,0.700218374493175,-0.04643605672275,0.00624987907433423,0.342440545370155,0.159133305464435,-0.196451292579192,-0.173249255632097,0.11664657817678,0.0563242071966901,0.109415626651165,-0.104951410433139,0.195309543123409,0.0489666239156614,0.240204715096142,0.267994165134207,0.322237239655876,0.233160658588533,0.340529690295284,0.332181047654322,0.0249626964487508,-0.263619829076311,-0.330448622749435,-0.396443158377745,0.0881486335940163,0.122959461882485,0.109686030459037,0.196441836035486,0.273848576860264,0.322389406891539,0.116161133810366,0.167616065967275,0.32592232169855,0.290994622539882,0.295757240974209,0.286671066376042,0.169760273656782,0.0555915863958343,0.443685475973456,0.46250518675571,0.226162350985276,0.39459089404792,0.351042611668566,0.215811499387724,0.0492125296257421,-0.139705548744859,-0.0249164683429879,-0.281458896827335,0.326149308402572,-0.0852418955337533,-0.0806776116994123,-0.199214524237684,-0.429072180205435,-0.581710567252687,0.279215712810177,0.163052136416745,-0.274872339419101,-0.013327611195697,0.574934109460722,0.148722515873802,-0.124094774856471,0.0967103441829906,0.049625672403562,-0.132609311263345,0.280173945537951,0.375552348350466,0.247492278962298,0.379452032880559,0.386900216463294,0.321806121088396,0.391768822204583,0.127049506969574,0.196737851591195,0.179772579499708,0.239297270524805,0.266542752348846,-0.0401145012134524,0.186299519283627,-0.115824512392959,0.150143491146777,0.217367558659952,0.00202199037720714,0.026226798464881,0.0794709794635251,0.179295528891107,0.123360737442881,0.180372995509161,0.227561383891708,0.246573809582723,0.332392603963455,-0.0210317330603441,-0.00684387356790105,0.223797359502074,-0.052114682012784,0.202561372802075,-0.00539099522129807,-0.0452639893566256,-0.018898434379926,-0.180372206229949,0.0298747661470096,-0.114948518843728,-0.125627693118478
0.50419594650443,0.464015742972237,0.210750535680109,-0.187337102774269,0.0173117377032401,-0.0704953570259989,0.487343124981559,0.254227861673242,0.315587510673323,0.0991932501651169,0.448671699888729,0.326131577969078,0.512715940060917,0.663064449483978,0.700218374493175,1,-0.0648557750202842,-0.0842886449067733,0.262350499053519,0.19543678497548,-0.224373107121196,-0.184820418102807,0.0114597222302344,-0.0870957256229016,-0.0228334996312165,-0.202020003494474,0.0276311944930617,-0.0347234984528477,0.180763749859552,0.217777098818968,0.170719607318927,0.161668202501227,0.529412009520015,0.488149156453233,0.196937710085511,-0.0292104537864279,-0.28574900724063,-0.302798633300781,0.0268635574301049,0.0459982950724926,0.226985333102254,0.166674212645074,0.271205852084765,0.349901923131457,0.179792275369999,0.24968873337155,0.338436054944363,0.322517518623397,0.362572010939792,0.269660279871496,0.285850675918846,0.141619071425317,0.466059422869011,0.459727145961496,0.245290740579209,0.341093733321256,0.50365060853882,0.427003631073629,0.0439465596915329,-0.0435811677030735,0.0296070734050306,-0.215498638523672,0.495309597217053,0.214957375306173,-0.179222020949749,-0.255084232973775,-0.244320848637378,-0.344578830621854,0.375640992922371,0.325904293747789,-0.222766396873526,-0.142627799718867,0.482954896183749,0.315173059186273,-0.0298639450578571,0.161474296330486,0.116289618180877,-0.0025516662349692,0.382873647236028,0.508530465484417,0.428391869542795,0.507146710003361,0.340086562594126,0.329817931233915,0.258989289319383,0.222735801375147,0.165276640509476,0.0962337457627779,0.226181829169736,0.129503528979266,-0.0583742251411001,-0.0048737361128427,-0.181366148397034,-0.0738657332718427,0.0904398988920633,-0.0573446796534259,-0.1237374844644,0.0220202941967157,0.117517155398241,0.121468936425109,0.157393534117392,0.166051900024057,0.204437865871692,0.225317162849302,-0.0824301613723413,-0.0342793228311506,0.116000911117836,-0.102977001230838,0.078414747043319,-0.15259582841843,-0.0942331173838242,-0.0985520696051292,-0.178341134316496,-0.0358374739538206,-0.204451445692193,-0.207401721168095
0.0322767233686251,-0.0290114256597889,0.0084558284928085,-0.0370812111108011,0.0476908411672208,-0.132331353701194,-0.229102911779634,-0.23737550115752,-0.110759517245725,-0.167983483766827,-0.170744183869742,-0.272479168031916,0.0231557810506159,-0.0350624970602164,-0.04643605672275,-0.0648557750202842,1,0.330785660087225,0.119657615531841,0.209298938475505,0.394626661001854,0.328224364193367,0.478898618513434,0.345465704065267,0.432687337001364,0.178019443534701,0.296551253190222,0.119751755283976,0.195502103654885,0.186374378208612,0.0718235933597958,-0.0941856201079505,-0.109914850273974,-0.0768398029301887,0.099132946850285,0.0269504057328687,0.265852894740163,0.221450872285881,0.135217961614844,0.280142627443136,0.00890054213847784,0.140456604678839,0.0691002055603555,0.12549959914139,0.122799214132994,0.173463184571004,0.0706458772999077,0.130135455685988,0.146743302554636,0.162410352881673,0.090021915810218,-0.0351549215621024,0.047296580866428,0.0318842902540921,0.1187557139085,0.132431640690222,0.00356232474254316,-0.0656702564565627,0.140395964853816,0.0170772169662902,-0.166280925106872,-0.0758619091228997,-0.388963317810626,-0.222442969167057,0.139067294533955,0.0486314214184503,0.173689069398924,0.150199418060275,-0.0422507172363326,-0.0685022012471531,0.220492673691012,0.207191928785553,-0.00721741130483829,-0.175645792363868,0.0360019306756534,-0.0539836290952563,-0.269204485891387,-0.0700470132252025,0.00919903067406854,-0.10095770785429,-0.011063049267716,0.0620407522322863,0.185011896900321,0.0273759966862404,0.0677869346335962,0.0985382385924246,0.156730342733767,0.266697131418463,0.095007234602394,0.296036201344105,0.0997583881691822,-0.0788578329416054,0.0444170626878091,-0.0638574779194098,0.114026618679511,0.118492690500925,0.138442343437658,0.0551335763518251,0.0513512108801785,-0.0520864562609026,0.0217969459245632,-0.0425810292483819,0.0951016986347159,-0.0188327725410137,0.0411622458826918,-0.0607381060861728,-0.0706442418453175,-0.0357390053284597,0.0151444083967376,-0.0748187464248158,-0.153898886495534,-0.043247345294242,-0.0325667240612911,-0.14274567825408,-0.178102992760185,-0.118588150019849
-0.102314355692161,-0.150984066064753,-0.0524812576246021,-0.102837774868246,-0.16031314495645,-0.154400844535714,-0.226612197305121,-0.186846058308315,-0.31745908925357,-0.265405907503925,-0.149883708883699,0.01553475642433,-0.0518774583168233,0.0287242319709926,0.00624987907433423,-0.0842886449067733,0.330785660087225,1,-0.123947775521163,-0.113192033908965,0.173994574718705,0.245001986148931,0.250769356108928,0.367863521165525,0.27645297052378,0.26673004928843,0.169422688755527,0.0517184836585404,0.0259470465319007,0.0306117677694495,-0.140138178481417,-0.0944650372362955,-0.0144977851909277,0.121383464642666,0.0669780604457553,0.119179210019802,-0.0393809816987548,-0.0668844765508543,0.0335913888854465,0.164753082585839,-0.11325080781736,0.0828168175196636,-0.00682841275738154,-0.00362788530161559,-0.0732198245601031,0.0601561364433842,0.0191588168157854,-0.0111265893222882,0.00801445832714611,0.023885517259723,-0.0739392520436161,-0.138894506553492,0.087416734147277,0.0175935004758276,-0.0203733771950457,0.0480584218785404,-0.0793836159863668,-0.106890078618625,-0.0294359167563379,0.0320318172672002,-0.22282128515242,0.0010805562926657,-0.144017691393847,0.0496673704663401,-0.169608801821024,-0.149948573510467,-0.0817659353070264,0.0243667475551123,-0.172569366497706,-0.118944656868435,0.28704599428366,0.354511987601209,0.0942330724582595,-0.0156988740073527,0.0373357364431399,-0.0500280714180211,-0.154012603034389,-0.0168243088975623,-0.0458961479806367,-0.0771643176884937,0.0222020413372665,0.0427468557099971,0.0868038781704561,0.102837054775238,-0.129052025127827,-0.179421439416179,-0.0906804488965496,0.164321191397766,-0.143702613089879,0.0725251318980277,0.262123247356195,-0.0241384175433991,0.0913786935582955,-0.122230472003951,-7.80152509486638e-05,0.10350013087028,0.0121566880851922,-0.115266483002,0.162143776422186,0.134845986963387,0.151901159089255,-0.0665022385772032,0.169744145062789,0.12373852931146,0.0290007043210791,-0.0543040046493123,-0.00526613633690251,-0.107059621782738,0.100076186803655,-0.148366716059211,-0.00185714553949362,0.0391649960073923,0.0427788209323105,-0.0909520762895412,-0.156195093545068,-0.224936578712182
