#C:\ProgramData\Anaconda3\lib\site-packages\ipykernel_launcher.py -f C:\Users\T470\AppData\Roaming\jupyter\runtime\kernel-f253ff87-50b0-4d46-9fb9-123aa8efc547.json
# GMT Tue Jan 17 16:48:48 2023
# 
0 1 6 7 8 12 13 14 15 34 42 43 44 45 46 47 48 49 50 51 52 53 54 55 56 57 58 59 68 69 78 79 80 81 82 83 84 85 97
1 3 9 12 13 14 15 19 42 43 44 45 46 47 48 49 50 51 52 53 54 55 56 57 59 68 69 78 79 80 81 82 83 84 85 86 87 97
2 3 4 5 8 12 14 15 18 19 20 34 35 56 58 64 66 68 69 80 81
3 4 5 12 14 15 18 19 20 34 35 56 57 59 61 64 65 67 68 69 81
4 5 6 8 9 10 18 19 26 31 58 60 64 93
5 7 8 9 15 18 19 60 61 63 64 65
6 7 8 9 10 11 42 60 82
7 8 9 10 11 14 15 19 29 60 61 62 63 80
8 9 10 18 30 58 60 82 93
9 10 11 14 15 19 29 30 60 62 63 82
10 11 18 27 28 29 30 31 82 84 93
11 27 29 30 31 33 63 75
12 13 14 15 32 33 34 45 49 51 54 55 56 57 62 68 69 78 79 80 81
13 14 15 19 33 34 43 44 45 46 47 48 49 50 51 52 53 54 55 56 57 62 68 69 78 79 80 81 82 83 84 85 87 89
14 15 18 19 32 33 34 35 56 57 62 63 68 69 73 78 79 80 81
15 18 19 33 34 35 56 57 58 59 62 63 68 69 78 79 80 81 82 84 85
16 17 23 24 28 71 72
17 22 23 24 72
18 19 20 34 35 64 68 69 82
19 20 21 34 35 56 57 64 68 69 80 81 82 85
20 21 22 34 35 36 64 66 67 82 85
21 22 23 77 85
22 23 24 26 28 29 87
23 24 25 26 27 28
24 25 26 27 28 29
25 27 28 29 30 88 103 113
26 28 30
27 29 30 91
28 29 82 83 84 86 87 88
29 30 33 63 82 83 87
30 82 86 87 93
31
32 33 34 35 62 63 72 73 76 77 78 80
33 34 35 56 57 62 63 76 78 79 80 82 83
34 35 36 37 56 57 58 62 64 66 67 68 69 78 79 80 81 82 84
35 36 62 63 67 76 77 78 80 81
36 37 45 66 67 77
37 45 66 67
38 39 40 47 55 82 83 84 86 87 88
39 41 47 50 51 52 54 55 83 84 86 87 88 89
40 41 47 52 55 79 82 83 84 96
41 47 48 51 52 53 54 55 57 80 82 83 87 89
42 43 44 45 46 47 48 49 50 51 52 53 54 55 56 66 80 84 99
43 44 45 46 47 48 49 50 51 52 53 54 55 56 57 58 59 66 67 79 80 81 83 84 85
44 45 46 47 48 49 50 51 52 53 54 55 56 57 66 67 79 80 81 83 84 85
45 46 47 48 49 50 51 52 53 54 55 56 57 59 66 67 78 79 80 81 83 84 85
46 47 48 49 50 51 52 53 54 55 56 57 79 80 81 83 84 85 99
47 48 49 50 51 52 53 54 55 56 57 58 66 79 80 81 82 83 84 85 99
48 49 50 51 52 53 54 55 56 57 79 80 81 82 84 85
49 50 51 52 53 54 55 56 57 59 68 79 80 81 83 84 85 89
50 51 52 53 54 55 56 57 79 80 81 82 83 84 85 88 89
51 52 53 54 55 56 57 59 80 81 82 83 84 85 88 89
52 53 54 55 56 57 68 79 80 81 82 83 84 85 87 88 89
53 54 55 56 57 68 69 78 79 80 81 84 85 89
54 55 56 57 79 80 81 82 83 84 85 87 88 89
55 56 57 68 80 81 82 83 84 85 87 88 89
56 57 62 68 69 78 79 80 81 82 83 84 85 89 97
57 58 59 68 69 78 79 80 81 82 83 84 85 87 97
58 59 60 62 66 69 83 84
59 61 65 66 67 81 84 85 112
60 61 62
61 63 65
62 63 78 80 83
63
64 65 66 67 84 86 87 92
65 66 67 92
66 67 68 69 81 84 85
67 68 69 81 84 85
68 69 78 79 80 81 82 84 85 97
69 78 79 80 81 84 85
70 71 72 76 77
71 72 76 77
72 73 74 76 78
73 75 78
74 76 77
75
76 77
77
78 79 80 81
79 80 81 82 83 84 85 87
80 81 82 83 84 85 87 89
81 82 83 84 85 87 88 89
82 83 84 85 86 87
83 84 85 86 87 88 96
84 85 86 87 88 89
85 87 88 89
86 87 88
87 88
88 89 100 102 103 104 105
89
90 91 92 93 98 100 102
91 92 93 101 107
92 93 100 104 105 114
93 101
94 108
95 97 103 109 113
96 97 98 99 110 111 112
97 98 99 103 110 111 113
98 99 110 111 112
99 103 107 110 111 112
100 102 103 104 105
101 103 104
102 103 104 105 107 113
103 104 105 106 107 113 114
104 105 106 107 114
105 106 107 113
106 107 114
107
108
109
110 111
111 112
112
113 114
114 115
115
